"","Date","ADX","STOCHFK","STOCHFD","STOCHSD","BBandsUp","BbandsDn","BbandsMiddle","PercentB","RSI","SMA","EMA","MACD","Signal"
"5992744","2012-06-18",NA,NA,NA,NA,NA,NA,NA,NA,NA,NA,NA,NA,NA
"5992743","2012-06-19",NA,NA,NA,NA,NA,NA,NA,NA,NA,NA,NA,NA,NA
"5992742","2012-06-20",NA,NA,NA,NA,NA,NA,NA,NA,NA,NA,NA,NA,NA
"5992741","2012-06-21",NA,NA,NA,NA,NA,NA,NA,NA,NA,NA,NA,NA,NA
"5992740","2012-06-22",NA,NA,NA,NA,NA,NA,NA,NA,NA,NA,NA,NA,NA
"5992739","2012-06-25",NA,NA,NA,NA,NA,NA,NA,NA,NA,NA,NA,NA,NA
"5992738","2012-06-26",NA,NA,NA,NA,NA,NA,NA,NA,NA,NA,NA,NA,NA
"5992737","2012-06-27",NA,NA,NA,NA,NA,NA,NA,NA,NA,NA,NA,NA,NA
"5992736","2012-06-28",NA,NA,NA,NA,NA,NA,NA,NA,NA,NA,NA,NA,NA
"5992735","2012-06-29",NA,NA,NA,NA,NA,NA,NA,NA,NA,NA,NA,NA,NA
"5992734","2012-07-02",NA,NA,NA,NA,NA,NA,NA,NA,NA,NA,NA,NA,NA
"5992733","2012-07-03",NA,NA,NA,NA,NA,NA,NA,NA,NA,NA,NA,NA,NA
"5992732","2012-07-05",NA,NA,NA,NA,NA,NA,NA,NA,NA,NA,NA,NA,NA
"5992731","2012-07-06",NA,0.34326665291813,NA,NA,NA,NA,NA,NA,NA,NA,19.00755,NA,NA
"5992730","2012-07-09",NA,0.309239018354301,NA,NA,NA,NA,NA,NA,40.52163681527,NA,18.9945433333333,NA,NA
"5992729","2012-07-10",NA,0.298927613941018,0.317144428404483,NA,NA,NA,NA,NA,40.2383734284031,NA,18.9819375555556,NA,NA
"5992728","2012-07-11",NA,0.257681996287895,0.288616209527738,NA,NA,NA,NA,NA,39.0621119911468,NA,18.9656792148148,NA,NA
"5992727","2012-07-12",NA,0.319550422767584,0.292053344332166,0.299271327421462,NA,NA,NA,NA,41.8099318069017,NA,18.9595886528395,NA,NA
"5992726","2012-07-13",NA,0.770454172815215,0.449228863956898,0.343299472605601,NA,NA,NA,NA,48.4813578565372,NA,18.9756434991276,NA,NA
"5992725","2012-07-16",NA,0.760561732007023,0.616855442529941,0.452712550273001,19.4816959186036,18.6704274147297,19.0760616666667,0.810795170932125,54.7646210132817,NA,19.0135576992439,NA,NA
"5992724","2012-07-17",NA,0.762352708188928,0.764456204337055,0.610180170274631,19.5170929001509,18.6541004331824,19.0855966666667,0.933843107169302,58.4066096586248,NA,19.062416672678,NA,NA
"5992723","2012-07-18",NA,0.896907216494844,0.806607218896932,0.729306288587976,19.5430130448213,18.639180288512,19.0910966666667,1.01141836079733,62.2275238364174,NA,19.1234277829876,NA,NA
"5992722","2012-07-19",NA,0.841444078546161,0.833568001076645,0.801543808103544,19.559841761131,18.6301849055356,19.0950133333333,0.946386926712735,60.9357309499666,NA,19.1723040785893,NA,NA
"5992721","2012-07-20",NA,0.513157894736842,0.750503063259283,0.79689276107762,19.5689710752512,18.6277222580821,19.0983466666667,0.749654142858224,51.6908971305069,NA,19.1826635347774,NA,NA
"5992720","2012-07-23",NA,0.657894736842104,0.670832236708369,0.751634433681432,19.5873236170235,18.6213730496432,19.1043483333333,0.812974952903904,55.0564800415746,19.081428,19.2063083968071,NA,NA
"5992719","2012-07-24",NA,0.634868421052633,0.601973684210526,0.674436328059393,19.6198243246657,18.6227056753343,19.121265,0.774526005690046,54.4070733883219,19.087128,19.2244672772328,0.802294568602124,NA
"5992718","2012-07-25",NA,0.526315789473686,0.606359649122808,0.626388523347235,19.6376496110454,18.627213722288,19.1324316666667,0.679033295114982,51.3330581702723,19.082328,19.2292049736018,0.748794152368326,NA
"5992717","2012-07-26",12.4393838598506,0.736842105263159,0.632675438596493,0.613669590643276,19.654923095861,18.687266904139,19.171095,0.808895868756965,56.4698453745629,19.084628,19.2546443104549,0.764629297474828,NA
"5992716","2012-07-27",13.9391903425968,0.531746031746032,0.598301308827626,0.612445465515642,19.7183834459663,18.723139887367,19.2207616666667,1.00832280764723,59.625045768021,19.099428,19.2913584023942,0.813647675972362,NA
"5992715","2012-07-30",16.1923050954574,0.709876543209877,0.65948822673969,0.630154991387937,19.9059270282597,18.665589638407,19.2857583333333,1.21021670437422,69.8833686790521,19.134228,19.387177282075,1.04015864060956,NA
"5992714","2012-07-31",18.2844830802565,0.734166666666667,0.658596413874192,0.638795316480503,20.0632371909677,18.6359661423656,19.3496016666667,1.09596131664439,70.8037339289642,19.17764,19.477593644465,1.22682273072525,NA
"5992713","2012-08-01",19.0207241581364,0.527777777777778,0.657273662551441,0.658452767721775,20.1633039233603,18.6402327433063,19.4017683333333,0.936551056865085,62.4325711865413,19.21004,19.5259144918697,1.26582016793761,NA
"5992712","2012-08-02",19.7043765875963,0.551181102362204,0.604375182268883,0.640081752898172,20.2507727035455,18.6547639631211,19.4527683333333,0.890911601879713,64.6312677318233,19.263636,19.582459226287,1.32622848496433,NA
"5992711","2012-08-03",21.4577416192996,0.651612903225807,0.57685726112193,0.612835368647418,20.4039445020159,18.6430621646508,19.5235033333333,1.02047581330054,69.96608409242,19.328036,19.6727979961154,1.48343552452082,1.05242569368613
"5992710","2012-08-06",23.3475815549573,0.745562130177515,0.649452045255176,0.610228162881997,20.5792376728011,18.6341023271989,19.60667,1.03809280454429,73.4447546208822,19.396432,19.7844249299667,1.68891658873851,1.17972387269661
"5992709","2012-08-07",24.4508574664681,0.668639053254437,0.688604695552587,0.638304667309898,20.6748242077092,18.6858491256241,19.6803366666667,0.888640699237065,68.9711574156971,19.455232,19.8638349393045,1.77643128894629,1.29906535594655
"5992708","2012-08-08",25.7079431395648,0.781065088757396,0.731755424063116,0.689937388290293,20.7785060143174,18.7488339856826,19.76367,0.920263300982888,71.6857011205739,19.520432,19.9579902807305,1.89937321610611,1.41912692797846
"5992707","2012-08-09",26.5182786152521,0.738095238095237,0.72926646003569,0.716542193217131,20.8467172053542,18.8389561279791,19.8428366666667,0.857195555494557,69.2809281499825,19.580432,20.0302582432998,1.94462489730214,1.5242265218432
"5992706","2012-08-10",27.2949374831593,0.767857142857142,0.762339156569925,0.741120346889578,20.9149553005583,18.9177180327751,19.9163366666667,0.840635542393573,70.0536827751708,19.644712,20.0995571441932,1.97668805169031,1.61471882781262
"5992705","2012-08-13",27.2309925382434,0.678571428571427,0.728174603174602,0.73992673992674,20.9650820521204,18.9841046145463,19.9745933333333,0.761860630091392,64.7882316285469,19.704312,20.1396161916341,1.91906797408308,1.67558865706671
"5992704","2012-08-14",26.1180531759266,0.493421052631579,0.646616541353383,0.712376767032637,20.9913812481349,19.0454720851985,20.0184266666667,0.66354309135364,57.634855145794,19.755112,20.1436673660829,1.76082478821935,1.69263588329724
"5992703","2012-08-15",25.1189029743262,0.617021276595743,0.59633791926625,0.657043021264745,21.0347818772405,19.0960714560928,20.0654266666667,0.720717164357813,62.1369555020817,19.816712,20.1778450506052,1.70764609119245,1.69563792487628
"5992702","2012-08-16",24.2276377016421,0.663636363636363,0.591359564287895,0.61143800830251,21.0822799771737,19.1585733561596,20.1204266666667,0.754494800810768,65.089950487347,19.882712,20.2301323771911,1.71319331440765,1.69914900278255
"5992701","2012-08-17",23.4000342341497,0.690909090909091,0.657188910380399,0.614962131311515,21.0988197845603,19.271033548773,20.1849266666667,0.739856640827495,65.5998267850787,19.943512,20.2794480602323,1.70920896383882,1.70116099499381
"5992700","2012-08-20",22.1229607207714,0.599999999999999,0.651515151515151,0.633354542061149,21.0911629306953,19.3896904026381,20.2404266666667,0.662353488196143,62.3317867818591,19.993112,20.3088549855347,1.64686620007655,1.69030203601035
"5992699","2012-08-21",21.2440563665384,0.494949494949496,0.595286195286196,0.634663419060582,21.0586107098622,19.5327426234712,20.2956766666667,0.633906289249806,60.3879018834316,20.035512,20.3263409874634,1.55550963988458,1.6633435567852
"5992698","2012-08-22",19.8151285051002,0.142857142857142,0.412602212602213,0.553134519801187,20.964146269634,19.732873730366,20.34851,0.517453487602971,55.4241147367304,20.065912,20.3201621891349,1.40338915393965,1.61135267621609
"5992697","2012-08-23",18.6387722082531,0.402597402597401,0.346801346801347,0.451563251563252,20.8702085246197,19.932478142047,20.4013433333333,0.633645380017972,59.8651069877983,20.105512,20.3414738972503,1.34667312768599,1.55841676651007
"5992696","2012-08-24",17.4396719675211,0.433333333333331,0.326262626262625,0.361888728555395,20.7913671809256,20.0862528190744,20.43881,0.55274321728798,57.5199764704948,20.151672,20.3498107109502,1.25699057528845,1.49813152826575
"5992695","2012-08-27",16.3461492097162,0.425925925925921,0.420618887285551,0.364560953449841,20.7831940089801,20.1237593243533,20.4534766666667,0.50989231152896,57.392544084681,20.193272,20.3565026161569,1.17080164891297,1.43266555239519
"5992694","2012-08-28",15.2213052255762,0.538461538461534,0.465906932573595,0.404262815373924,20.7773620302904,20.1595679697096,20.468465,0.550990562513743,58.6264404848465,20.237572,20.3689689340026,1.10948325429252,1.36802909277466
"5992693","2012-08-29",14.1768072403033,0.634615384615382,0.533000949667612,0.473175589842253,20.7401060690818,20.2431572642515,20.4916316666667,0.577207818914941,59.8777452776675,20.287172,20.3864397428023,1.0682975318806,1.30808278059585
"5992692","2012-08-30",13.4795668492324,0.654038461538461,0.609038461538459,0.535982114593222,20.6763936506744,20.3548763493256,20.515635,0.627826195233998,60.1399941518798,20.330776,20.4029277770953,1.0277070694896,1.2520076383746
"5992691","2012-08-31",13.2344642405344,0.618181818181821,0.635611888111888,0.592550433105987,20.681794617261,20.363475382739,20.522635,0.680212169981319,60.135803083695,20.369976,20.4172040734826,0.984068584533637,1.19841982760641
"5992690","2012-09-04",13.8363112045394,0.629660314830155,0.633960198183479,0.626203515944609,20.7022690955178,20.3511175711488,20.5266933333333,1.09178631515293,64.1693905813069,20.395976,20.4495768636849,0.997113327797816,1.15815852764469
"5992689","2012-09-05",14.8194985353486,0.785714285714282,0.67785213957542,0.649141408623596,20.7780162013078,20.3180371320255,20.5480266666667,1.2217139985333,68.1079164445379,20.426564,20.5002999485269,1.06188693573379,1.13890420926251
"5992688","2012-09-06",15.2234196499968,0.685857142857144,0.70041058113386,0.670740972964253,20.819191492821,20.2985351738457,20.5588633333333,1.02728960863663,64.9467326146492,20.463368,20.53493995539,1.07292168899462,1.12570770520893
"5992687","2012-09-07",15.5984892564559,0.814285714285716,0.76195238095238,0.71340503388722,20.8721720632533,20.2782212700801,20.5751966666667,1.02440371084605,67.0640664347555,20.499368,20.576947961338,1.10391805876537,1.12134977592022
"5992686","2012-09-10",16.2459589584403,0.783783783783783,0.761308880308881,0.74122394746504,20.922642269509,20.259417730491,20.59103,0.985964125830713,67.3006718337383,20.523368,20.6146882331596,1.11913665192349,1.12090715112087
"5992685","2012-09-11",16.9641328339731,0.812049770792399,0.803373089620632,0.775544783627298,20.9763205675721,20.2511894324279,20.613755,0.960714368949116,68.2821992033445,20.538968,20.6527298020717,1.13344999126388,1.12341571914948
"5992684","2012-09-12",18.6686634931419,0.58988764044944,0.728573731675207,0.764418567201573,21.0346634899457,20.2638465100543,20.649255,1.01557201908378,68.9103219341007,20.560768,20.6890324951288,1.14108050662416,1.12694867664441
"5992683","2012-09-13",20.25144196237,0.752921348314608,0.718286253185482,0.750077691493774,21.107108375096,20.2530749582374,20.6800916666667,1.0034639061099,72.3347505710183,20.580772,20.7398414957783,1.18956246201452,1.13947143371843
"5992682","2012-09-14",22.3543485170728,0.63265306122449,0.658487349996179,0.701782444952289,21.176543617343,20.2366397159904,20.7065916666667,0.961119836516937,69.4887096554567,20.601572,20.7771959630078,1.19429614216355,1.15043637540746
"5992681","2012-09-17",24.3070474607254,0.645161290322582,0.676911899953894,0.684561834378518,21.2339464562466,20.2295535437534,20.73175,0.893023482234747,70.243699820896,20.621572,20.8135698346068,1.19559305949308,1.15946771222458
"5992680","2012-09-18",26.1202679084027,0.681818181818184,0.653210844455086,0.662870031468386,21.2848335955612,20.2409997377722,20.7629166666667,0.861248421403045,71.5090788805089,20.649572,20.8517605233259,1.2018200148147,1.16793817274261
"5992679","2012-09-19",28.3192857507125,0.590909090909091,0.639296187683286,0.656472977364088,21.3286276449232,20.2622056884101,20.7954166666667,0.832498155319964,67.2005663137912,20.683972,20.8755257868824,1.165986565502,1.16754785129448
"5992678","2012-09-20",30.3612308900001,0.772727272727273,0.681818181818183,0.658108404652184,21.362238491035,20.3125948422983,20.8374166666667,0.85496173752087,71.4367979409254,20.715572,20.9174556819648,1.18547859838141,1.17113400071187
"5992677","2012-09-21",30.9927440340119,0.54794520547945,0.637193856371938,0.652769408624469,21.3848355283944,20.348997804939,20.8669166666667,0.741109195335016,64.1833606743698,20.735172,20.9364615910361,1.13742898011238,1.16439299659197
"5992676","2012-09-24",30.3565021368643,0.237974281632003,0.519548919946242,0.612853652712121,21.3870000637306,20.404566602936,20.8957833333333,0.660367094859093,56.9926278603692,20.747572,20.932933378898,1.02963000094238,1.13744039746205
"5992675","2012-09-25",29.7657060895129,0.380854103826002,0.388924530312485,0.515222435543555,21.3769022004358,20.4729944662309,20.9249483333333,0.630933348823213,59.8958230794124,20.767572,20.9418755950449,0.967729761160641,1.10349827020177
"5992674","2012-09-26",28.6750110043801,0,0.206276128486002,0.371583192914909,21.3587158365985,20.5081841634016,20.93345,0.190252569889876,43.9284384669664,20.771972,20.8896255157056,0.736628652047244,1.03012434657087
"5992673","2012-09-27",27.6622227110425,0.238095238095237,0.20631644730708,0.267172368701855,21.3359833513036,20.5569166486965,20.94645,0.299182792081276,50.2733894632008,20.790772,20.8710087802782,0.623478046483728,0.948795086553438
"5992672","2012-09-28",27.195951516377,0.10833333333333,0.115476190476189,0.176022922089756,21.3164655389147,20.5934944610853,20.95498,0.185123411367785,47.142421028485,20.797212,20.8403409429078,0.48600621403796,0.856237312050342
"5992671","2012-10-01",26.6971197120133,0.191666666666664,0.179365079365077,0.167052572382782,21.2941976313769,20.6354957019564,20.9648466666667,0.215329005490664,49.3250989594913,20.809492,20.8230954838534,0.399538041100977,0.764897457860469
"5992670","2012-10-02",26.2339187508184,0.268452380952381,0.189484126984125,0.161441798941797,21.2886023996314,20.649340933702,20.9689716666667,0.262269939975628,51.3198145056245,20.824512,20.8167494193396,0.3519615685599,0.682310280000356
"5992669","2012-10-03",24.7996720832788,0.416666666666664,0.292261904761903,0.220370370370368,21.2896523703497,20.6552909629836,20.9724716666667,0.464575924062005,55.0017643563971,20.842512,20.827849496761,0.358395632488118,0.617527350497908
"5992668","2012-10-04",24.1545884990441,0.595238095238095,0.426785714285713,0.302843915343913,21.3082401710725,20.6686964955941,20.9884683333333,0.757785365286687,59.0231085344089,20.864512,20.8574695638595,0.416723467089541,0.577366573816235
"5992667","2012-10-05",23.5984397195421,0.654761904761906,0.555555555555555,0.424867724867723,21.3313302910352,20.6759397089648,21.003635,0.784357152968611,60.2968013089599,20.888108,20.8898069553449,0.476616852571632,0.557216629567314
"5992666","2012-10-08",23.2163992840761,0.705882352941176,0.651960784313725,0.544767351384997,21.359166427755,20.680103572245,21.019635,0.814695954283715,61.5827872243035,20.913708,20.9244993612989,0.536993802530206,0.553172064159893
"5992665","2012-10-09",22.8616474511434,0.729411764705885,0.696685340802988,0.634733893557422,21.3856726950494,20.6831473049506,21.03441,0.797389014372819,62.1114315634205,20.934108,20.9572327797924,0.585587054778225,0.559655062283559
"5992664","2012-10-10",22.5825795119556,0.764705882352941,0.733333333333334,0.693993152816682,21.411005497237,20.679814502763,21.04541,0.802597636375167,62.9353302496332,20.948908,20.9896017424868,0.628198855275297,0.573363820881907
"5992663","2012-10-11",22.9893772360685,0.787878787878787,0.760665478312537,0.730228050816286,21.4563031486558,20.6635101846776,21.0599066666667,0.928981271007706,66.3500625038472,20.971704,21.0349881768219,0.703536022503171,0.599398261206159
"5992662","2012-10-12",22.6912313726405,0.696969696969696,0.749851455733808,0.747950089126559,21.4818097028663,20.657003630467,21.0694066666667,0.815944974283839,62.0855361897059,20.987304,21.0623230865789,0.720158339198318,0.623550276804591
"5992661","2012-10-15",23.4933902726028,0.69721082854799,0.72735310446549,0.745956679503945,21.5463826050209,20.6320740616457,21.0892283333333,0.974352999479761,66.2375096855176,21.0089,21.1073333417018,0.785254839822369,0.655891189408147
"5992660","2012-10-16",25.1982211357486,0.623456790123458,0.672545771880381,0.716583444026559,21.6553914994864,20.5823651671803,21.1188783333333,1.07232674369402,69.6026438080721,21.0349,21.1663555628082,0.88352353024943,0.701417657576404
"5992659","2012-10-17",26.7812783658125,0.678326474622771,0.666331364431406,0.688743413592425,21.7445994962668,20.5501571703999,21.1473783333333,0.979405036363802,71.2475342559023,21.0631,21.2281748211004,0.979943178435772,0.757122761748277
"5992658","2012-10-18",28.7008404014241,0.791786743515849,0.697856669420692,0.678911268577492,21.8642292156795,20.4998607843205,21.182045,1.02866096631604,74.5805306760742,21.092696,21.3057515116204,1.11107087307727,0.827912384014076
"5992657","2012-10-19",29.7218366015335,0.698526633925197,0.722879950687939,0.695689328180012,21.9484852977561,20.4839380355772,21.2162116666667,0.898613515868933,69.2941188535101,21.119896,21.3583179767377,1.15922558834645,0.89417502488055
"5992656","2012-10-22",30.8036468421534,0.809007506255214,0.76644029456542,0.729058971558016,22.0506979662318,20.4693920337682,21.260045,0.923671970265904,72.5342854805015,21.152696,21.426542246506,1.24651644588438,0.964643309081316
"5992655","2012-10-23",30.7560079187667,0.629170638703528,0.712234926294646,0.733851723849334,22.1194798835033,20.47861344983,21.2990466666667,0.819518186189595,65.5259504673041,21.177096,21.4643366136385,1.24061911644802,1.01983847055466
"5992654","2012-10-24",30.7117717756219,0.61111111111111,0.68309641868995,0.720590546516671,22.1485945372007,20.561532129466,21.3550633333333,0.77426142656942,65.5371566404315,21.204316,21.4971583984867,1.22177660878224,1.06022609820017
"5992653","2012-10-25",30.6706953569874,0.737618545837726,0.659300098550787,0.684877147845127,22.1905580977128,20.6289019022872,21.40973,0.803269909677057,68.6035924054985,21.230716,21.5442039453552,1.24448623195343,1.09707812495083
"5992652","2012-10-26",30.2777232770663,0.678148546824543,0.675626067924459,0.672674195055065,22.2015376672004,20.7295223327996,21.46553,0.756657199489789,66.3256397510853,21.260316,21.5783100859745,1.2292473736661,1.12351197469388
"5992651","2012-10-31",30.9984401778825,0.559615384615386,0.658460825759217,0.664462330744821,22.2144885518262,20.8323047815071,21.5233966666667,0.797550882040146,65.482671134889,21.295196,21.6054687411779,1.19643210459661,1.13809600067443
"5992650","2012-11-01",31.667677300069,0.561600000000002,0.599787977146643,0.644624956943439,22.2083483166622,20.9485183500044,21.5784333333333,0.769322058515677,65.9895573634965,21.32726,21.6316195756875,1.16414986985103,1.14330677450975
"5992649","2012-11-02",32.2891117706707,0.610000000000003,0.577071794871796,0.611773532592552,22.2075875035582,21.0492791631084,21.6284333333333,0.777617500830391,67.267826009837,21.37926,21.6607369655958,1.14325160887152,1.1432957413821
"5992648","2012-11-05",31.2780113329527,0.261992619926202,0.477864206642068,0.551574659553502,22.1933955127859,21.1191378205475,21.6562666666667,0.550019035210607,56.4164929077234,21.41406,21.6553053701831,1.02907987699432,1.12045256850455
"5992647","2012-11-06",31.2506927678908,0.231884057971015,0.367958892632406,0.474298298048757,22.1877855936007,21.1910477397327,21.6894166666667,0.664118712556695,59.1906720527766,21.45682,21.662597987492,0.961054219807767,1.08857289876519
"5992646","2012-11-07",31.2253255289047,0.251612903225806,0.248496527041007,0.364773208771827,22.1799253353371,21.2636413313296,21.7217833333333,0.673399658444802,61.1439201963927,21.49942,21.6777182558264,0.921064141762984,1.05507114736475
"5992645","2012-11-08",30.6763912972501,0.119354838709675,0.200950599968831,0.272468673214081,22.1484196554662,21.3440803445338,21.74625,0.483112433833944,57.4639201228165,21.53616,21.6798891550495,0.849024726861725,1.01386186326414
"5992644","2012-11-09",30.4349382286952,0.129032258064514,0.166666666666664,0.205371264558834,22.1075833145214,21.4342500188119,21.7709166666667,0.483787127806947,57.664699579623,21.56816,21.6825706010429,0.785112668719212,0.968112024355158
"5992643","2012-11-12",29.2849679748563,0,0.082795698924729,0.150137655186741,22.0802798760933,21.48655345724,21.7834166666667,0.275289321091149,51.1627926848551,21.58816,21.6648945209039,0.670893785260751,0.908668376536276
"5992642","2012-11-13",28.2171384534345,0.144927536231881,0.0913199314321312,0.113594099007841,22.0182759865848,21.5868906800818,21.8025833333333,0.293108391374048,54.8201619160561,21.61016,21.6629085847834,0.610599153062563,0.849054531841534
"5992641","2012-11-14",26.4296630786262,0,0.0483091787439599,0.0741416030336063,22.0115527011059,21.596987298894,21.80427,-0.0972600029145038,46.2424519294598,21.62096,21.6305207734789,0.471639264746515,0.77357147842253
"5992640","2012-11-15",26.2822404263895,0,0.0483091787439599,0.0626460963066833,22.1305479030615,21.4186920969385,21.77462,-0.391500771000644,35.9659734259804,21.61536,21.5504513370151,0.213079917149472,0.661473166167919
"5992639","2012-11-16",27.1101784634538,0,-5.45859653774035e-16,0.0322061191626393,22.2439916143585,21.2275783856415,21.735785,-0.279687805716841,29.4582021641177,21.59416,21.4330578254131,-0.12652188607396,0.503874155719543
"5992638","2012-11-19",27.8261238890326,0.337579617834394,0.112526539278131,0.0536119060073629,22.2413431472174,21.1698935194493,21.7056183333333,0.121430328760993,45.1838077052624,21.58896,21.4019834486913,-0.194536849441385,0.364191954687357
"5992637","2012-11-20",27.5121475910795,0.304054054054054,0.213877890629482,0.10880147663587,22.2414739232748,21.1208960767252,21.681185,0.169945584052478,43.6037129678806,21.58416,21.3643856555325,-0.275608203611766,0.236231923027533
"5992636","2012-11-21",26.7309983946224,0.391891891891892,0.344508521260113,0.223637650389241,22.2143491654564,21.098354167877,21.6563516666667,0.300161887986002,46.8560262550851,21.578164,21.3491342347948,-0.287502050146438,0.131485128392739
"5992635","2012-11-23",25.9127352383517,0.78284547311096,0.492930473018968,0.350438961636187,22.2139848543783,21.0983851456217,21.656185,0.646840303662846,58.2302120576697,21.588964,21.4119163368222,-0.0806825831253799,0.089051586089115
"5992634","2012-11-26",26.5584438036675,0.440095302927162,0.538277555976671,0.458572183418583,22.2001434887982,21.0792931778685,21.6397183333333,0.340551114104523,48.3800776395156,21.576424,21.3991941585792,-0.105642380091409,0.0501127928530102
"5992633","2012-11-27",27.1580303286036,0.584507042253521,0.602482606097214,0.54456354503095,22.1742113313577,21.075225335309,21.6247183333333,0.462342559278464,51.5938534234413,21.564024,21.4126349374353,-0.0555815698864537,0.0289739203051175
"5992632","2012-11-28",27.2252961299076,0.884297520661156,0.636299955280612,0.592353372451498,22.1663228551623,21.0764471448377,21.621385,0.642476490847221,55.496442397664,21.565624,21.4562836124439,0.0735619299707224,0.0378915222382385
"5992631","2012-11-29",27.8613285474459,0.651240310077519,0.706681624330732,0.648488061902852,22.1338425978415,21.0814674021585,21.607655,0.54980321360829,51.235227981243,21.551228,21.4634591307848,0.0882952299509521,0.0479722637807812
"5992630","2012-11-30",28.4519300780172,0.682170542635659,0.739236124458111,0.694072568023151,22.1035534992366,21.0876498340968,21.5956016666667,0.579795951901448,51.9251574926091,21.544828,21.4749979133468,0.11364704909449,0.0611072208435229
"5992629","2012-12-03",27.799873583315,0.695430463576158,0.676280438763111,0.707399395850651,22.0900398029927,21.0935035303407,21.5917716666667,0.782607207647207,54.8574082971909,21.545212,21.5076781915672,0.195310380725822,0.0879478528199826
"5992628","2012-12-04",27.1943925525201,0.774834437086093,0.717478481099302,0.710998348106841,22.1174405007067,21.0864361659599,21.6019383333333,0.802030737898376,56.8550287711612,21.544812,21.5519877660249,0.301309472564903,0.130620176768967
"5992627","2012-12-05",27.1159076047962,0.66887417218543,0.713046357615893,0.702268425826102,22.1127679725061,21.0878086941606,21.6002883333333,0.714361361771671,53.4556056130259,21.540012,21.5690560638883,0.321552273750059,0.168806596165185
"5992626","2012-12-06",27.3253440244049,0.602649006622515,0.682119205298012,0.704214681337736,22.0858738214104,21.0919728452563,21.5889233333333,0.564838786639188,51.3875649015561,21.531932,21.5705152553698,0.296745445989144,0.194394366129977
"5992625","2012-12-07",27.5198206997558,0.566037735849055,0.612520304885666,0.669228622599857,22.0863082254342,21.0919384412325,21.5891233333333,0.648378737646156,54.0667675156132,21.528668,21.5904465546539,0.325660413219597,0.220647575547901
"5992624","2012-12-10",26.9582384332845,0.603773584905662,0.590820109125743,0.628486539769807,22.0927075081649,21.0905391585017,21.5916233333333,0.717904174223876,54.8327146752826,21.525068,21.6130536807,0.359302822892493,0.248378625016819
"5992623","2012-12-11",27.2274341107192,0.268817204301075,0.479542841685264,0.560961085232224,22.0915383901788,21.0900416098212,21.59079,0.542479750477217,49.1012881829626,21.520268,21.5979798566067,0.285569425729948,0.255816785159445
"5992622","2012-12-12",27.47740152548,0.212507237984944,0.361699342397227,0.477354097736078,22.0810979556378,21.0858153776955,21.5834566666667,0.483130419066798,49.1012881829626,21.511868,21.5849158757258,0.224534092558493,0.249560246639255
"5992621","2012-12-13",26.9213728441937,0.386218876664734,0.289181106316917,0.376807763466469,22.0922523260817,21.0906610072517,21.5914566666667,0.625011067534274,52.4283328289369,21.506828,21.5935937589623,0.229579623216636,0.245564121954731
"5992620","2012-12-14",26.7936077607774,0.0442647058823543,0.214330273510677,0.28840357407494,22.0735999663969,21.1609867002698,21.6172933333333,0.543216553455737,49.6354275171162,21.500272,21.585127924434,0.186612447843193,0.233773787132423
"5992619","2012-12-17",26.6749687547479,0.117647058823527,0.182710213790205,0.228740531205933,21.9880025025819,21.3169208307515,21.6524616666667,0.491364687424408,50.8098764126763,21.495472,21.5844442011762,0.169263607389958,0.22087175118393
"5992618","2012-12-18",25.863259987419,0.220588235294116,0.127499999999999,0.174846829100293,21.9696814010072,21.3789085989928,21.674295,0.605576401713115,52.4837896583395,21.499472,21.5931849743527,0.179607139308735,0.212618828808891
"5992617","2012-12-19",24.6541856442108,0.294117647058823,0.210784313725488,0.17366484250523,21.9470774623836,21.4503792042831,21.6987283333333,0.70388971576821,53.6958700029053,21.501472,21.6074269777723,0.204111123368222,0.210917287720757
"5992616","2012-12-20",23.5314737540889,0.36764705882353,0.294117647058822,0.210800653594769,21.9389884549922,21.4967682116745,21.7178783333333,0.722637930957975,54.9338808682463,21.514672,21.6264367140693,0.239395050818603,0.216612840340327
"5992615","2012-12-21",22.4889555704044,0.433500000000001,0.365088235294117,0.289996732026142,21.9362687914848,21.4974578751818,21.7168633333333,0.688775309795323,55.1944796050253,21.543876,21.6442584855268,0.267980081305041,0.22688628853327
"5992614","2012-12-24",21.2836089711766,0.699833333333329,0.500326797385619,0.386510893246186,21.9427478107644,21.5368688559023,21.7398083333333,0.943707821036996,59.2131500720305,21.593872,21.6810106874565,0.346079290641432,0.250724888954902
"5992613","2012-12-26",20.9298313663886,0.520000000000003,0.551111111111111,0.472175381263615,21.9452893026288,21.5589940307045,21.7521416666667,0.701551349426254,53.9945154656891,21.616272,21.6915425957957,0.344392583796371,0.269458427923196
"5992612","2012-12-27",21.7465666866529,0,0.40661111111111,0.48601633986928,21.9578366753733,21.5201099912934,21.7389733333333,-0.0155576334299032,45.603168868764,21.629472,21.6593369163562,0.225087636968402,0.260584269732237
"5992611","2012-12-28",21.859319266041,0.182000000000002,0.234000000000001,0.39724074074074,21.9595748327547,21.5140385005786,21.7368066666667,0.230497100546471,48.3922064721774,21.641476,21.6447719941754,0.165860940796314,0.241639603945053
"5992610","2012-12-31",20.7035113909311,0.254545454545455,0.145515151515152,0.262042087542087,21.9604352623349,21.5181780709984,21.7393066666667,0.471419345467724,49.503592048907,21.632276,21.6374690616187,0.132265241061313,0.219764731368305
"5992609","2013-01-02",19.6302612211862,0.909090909090908,0.448545454545455,0.276020202020202,21.9796672181045,21.5082727818955,21.74397,0.972421075771635,58.2415196018022,21.657616,21.6791398534029,0.237040905789732,0.22321996625259
"5992608","2013-01-03",19.2437747137784,0.636363636363638,0.6,0.398020202020202,21.9709008666023,21.5120358000644,21.7414683333333,0.765506519347527,54.0451106409035,21.669616,21.6952545396158,0.26109571718409,0.23079511643889
"5992607","2013-01-04",19.2146950644744,0.477272727272725,0.674242424242423,0.574262626262625,21.9688655942849,21.5122377390485,21.7405516666667,0.63383984200517,51.7047796846148,21.668516,21.6975539343337,0.244772914767721,0.233590676104656
"5992606","2013-01-07",19.1876925329778,0.49090909090909,0.534848484848484,0.603030303030302,21.9736180487883,21.5218152845451,21.7477166666667,0.608343737298719,51.8970580401569,21.676912,21.7005467430892,0.231949898199746,0.233262520523674
"5992605","2013-01-08",19.1626187537309,0.654545454545453,0.540909090909089,0.583333333333331,21.9844481869331,21.5229851464003,21.7537166666667,0.723094789739026,54.2508867599611,21.687312,21.7151405106773,0.252322924291137,0.237074601277167
"5992604","2013-01-09",19.139335958716,0.745454545454545,0.630303030303028,0.568686868686866,21.9903911766183,21.522042156715,21.7562166666667,0.721594001317108,55.5521528945476,21.692908,21.7344551092537,0.283725666572909,0.246404814336315
"5992603","2013-01-10",19.3919129405822,0.636363636363638,0.678787878787878,0.616666666666664,21.9942044481672,21.5368955518328,21.76555,0.619066128904199,53.5825758944237,21.691308,21.7431944280199,0.283037391059926,0.253731329681038
"5992602","2013-01-11",18.816338119056,0.600000000000003,0.660606060606061,0.656565656565655,21.9914554584793,21.5676445415207,21.77955,0.658364647962128,52.9091860249585,21.695308,21.7481018376172,0.271924311787397,0.257369926102309
"5992601","2013-01-14",18.2164379302746,0.836363636363637,0.690909090909092,0.676767676767676,22.010927380872,21.570172619128,21.79055,0.831514663820094,56.7168602781242,21.708508,21.7696882592682,0.307756795291025,0.267447299940053
"5992600","2013-01-15",17.715593003386,0.818181818181816,0.751515151515151,0.701010101010101,22.023592739234,21.5848339274327,21.8042133333333,0.78668749956323,56.3394812472099,21.715708,21.7870631580325,0.328594977342167,0.279676835420476
"5992599","2013-01-16",17.0313277414574,0.964912280701755,0.873152578415736,0.771858940279992,22.04596454279,21.5984621238766,21.8222133333333,0.912183991722803,59.2588160992754,21.725308,21.8154547369615,0.377693420136471,0.299280152363675
"5992598","2013-01-17",15.8950715902758,0.814780514910166,0.865958204597912,0.830208644842932,22.072912972218,21.6001803611153,21.8365466666667,0.895121179033861,58.8351569204678,21.744908,21.8387274387,0.408090795970417,0.321042281085023
"5992597","2013-01-18",14.7686286922885,0.803921568627449,0.86120478807979,0.866771857031145,22.0988175085225,21.5976091581442,21.8482133333333,0.869347397864166,59.1496737305815,21.764908,21.8602304468733,0.430821268586778,0.342998078585374
"5992596","2013-01-22",13.7226460013002,0.741935483870966,0.786879189136193,0.838014060604631,22.1170722636851,21.5983877363149,21.85773,0.787143068295808,59.1496737305815,21.778908,21.8788663872902,0.4436478633977,0.36312803554784
"5992595","2013-01-23",14.2249498367466,0.534883720930234,0.69358025780955,0.78055474500851,22.1475197356301,21.5963035977032,21.8719116666667,0.883554929037072,59.1496737305815,21.797704,21.8950175356515,0.44858401766763,0.380219231971798
"5992594","2013-01-24",14.8990183870053,0.800346921075453,0.692388708625551,0.724282718523764,22.1992803064391,21.5737796935609,21.88653,1.02076154676774,64.9638409637506,21.82146,21.9322018642313,0.51054623043274,0.406284631663986
"5992593","2013-01-25",14.9879517992174,0.685413005272406,0.673547882426031,0.686505616287043,22.2349089260565,21.5704844072769,21.9026966666667,0.877223686938902,61.5000368384062,21.83986,21.9559082823338,0.529879739020056,0.4310036531352
"5992592","2013-01-28",15.2491482868374,0.746561886051078,0.744107270799646,0.703347953950408,22.241254232161,21.632475767839,21.936865,0.926758963880256,63.155458437547,21.85826,21.983120511356,0.557034132816536,0.456209749071467
"5992591","2013-01-29",15.0611386742045,0.648330058939092,0.693434983420859,0.703696712215511,22.2466619364938,21.6820613968396,21.9643616666667,0.8583152791953,60.3604356536531,21.87266,22.0000377765085,0.553728724548508,0.475713544166876
"5992590","2013-01-30",14.6974613072112,0.605108055009822,0.666666666666664,0.701402973629056,22.2560301405325,21.7146765261341,21.9853533333333,0.797673576717024,59.1206376580186,21.885776,22.011766072974,0.536808316663606,0.487932498666222
"5992589","2013-01-31",14.481809314725,0.186640471512768,0.480026195153894,0.613375948413805,22.2564271444993,21.7152795221673,21.9858533333333,0.483023732734733,48.6925892369946,21.88398,21.9935305965775,0.440229365821843,0.478391872097346
"5992588","2013-02-01",14.2815610359879,0.567632850241543,0.453127125588044,0.5332733291362,22.2710666365847,21.7276433634153,21.999355,0.746545078115462,57.5822383505481,21.89798,22.0090598503672,0.444748979757392,0.471663293629355
"5992587","2013-02-04",15.3432877116705,0.0120772946859879,0.255450205480099,0.396201175407345,22.2647234082874,21.7518165917126,22.00827,0.444817786742731,48.6903833572757,21.91518,21.9918518703182,0.359827658568479,0.44929616661718
"5992586","2013-02-05",15.9988986844223,0.495169082125598,0.358293075684376,0.355623468917506,22.266695010328,21.782844989672,22.02477,0.710595561261926,55.1727392799084,21.936376,22.0036049542758,0.361724409815656,0.431781815256875
"5992585","2013-02-06",16.992774080094,0.301932367149757,0.269726247987114,0.294489843050529,22.265022106894,21.805517893106,22.03527,0.568327266050166,52.3250759353289,21.952776,22.0031242937057,0.330069240221742,0.411439300249849
"5992584","2013-02-07",18.8543237307245,0,0.265700483091785,0.297906602254424,22.2653680398488,21.8048386268178,22.0351033333333,0.112540129647139,44.8467998488728,21.945176,21.9707077212116,0.214432282284882,0.372037896656855
"5992583","2013-02-08",21.3129778875215,0,0.100644122383252,0.212023617820716,22.3017066527177,21.7494966806157,22.0256016666667,-0.216457543303699,38.4377155297369,21.933176,21.9079466917167,0.0266755576145306,0.30296542884839
"5992582","2013-02-11",23.5960138902616,0.253485424588085,0.0844951415293616,0.150279915668132,22.3140508175792,21.7261525157541,22.0201016666667,0.0178843022337795,44.9544238068594,21.932676,21.8802204661545,-0.0481334340959982,0.232745656259513
"5992581","2013-02-12",25.7159758928059,0.266286438529785,0.173257287705956,0.119465517206189,22.3269911452628,21.6935521880705,22.0102716666667,0.0734316670422792,45.2695024816897,21.93228,21.8575377373339,-0.102586115054826,0.165679301996645
"5992580","2013-02-13",26.4307092339817,0.377948717948716,0.299240193688862,0.185664207641392,22.3290765083614,21.6831201583053,22.0060983333333,0.252978664911103,47.959693708619,21.931672,21.8491727056894,-0.113186459314785,0.109906149734359
"5992579","2013-02-14",26.8610229406603,0.46153846153846,0.368591206005653,0.280362895800156,22.3270354866109,21.6744945133891,22.000765,0.345580577871626,49.9971909415958,21.931672,21.8506163449308,-0.0963914659008136,0.0686466266073245
"5992578","2013-02-15",26.1749747016523,0.53846153846154,0.459316239316238,0.37571587967025,22.3252311750303,21.6729654916364,21.9990983333333,0.486051185023261,51.8648924442705,21.936472,21.85986749894,-0.0602282980093682,0.042871641683986
"5992577","2013-02-19",25.5379299082877,0.681074001309757,0.560358000436585,0.462755148586158,22.3243362869844,21.6725270463489,21.9984316666667,0.533089947163535,54.8892070018554,21.946072,21.8812184990813,0.00525575771510578,0.0353484648902099
"5992576","2013-02-20",24.3779773439402,0.799999999999998,0.673178513257098,0.564284251003307,22.3520170968511,21.6678462364823,22.0099316666667,0.831401135496737,59.2958545931585,21.956872,21.9210560325372,0.114700275396218,0.0512188269914115
"5992575","2013-02-21",22.8891442722245,0.588235294117646,0.689769765142467,0.641102092945383,22.3533014193491,21.6678919139843,22.0105966666667,0.625525931568264,53.0208796832491,21.960872,21.9315818948655,0.133532313673479,0.067681524327825
"5992574","2013-02-22",21.3535270713485,0.835294117647058,0.741176470588234,0.701374916329266,22.3593705027082,21.6652628306252,22.0123166666667,0.837627733312221,58.5341547036716,21.969272,21.9687043088835,0.223035880970124,0.0987523956562848
"5992573","2013-02-25",20.4964221400572,0.57142857142857,0.664985994397758,0.698644076709486,22.3660649313845,21.6632350686155,22.01465,0.763719585376939,53.6875765044575,21.972072,21.980877067699,0.236056396415196,0.126213195808067
"5992572","2013-02-26",19.3813945183087,0.357244897959185,0.587989195678271,0.66471722022142,22.3458714638287,21.6631018695047,22.0044866666667,0.483762213843679,47.7317859007991,21.966076,21.9634401253391,0.167374315968338,0.134445419840121
"5992571","2013-02-27",18.6459078227728,0.702970297029703,0.543881255472486,0.598952148516171,22.3718551436811,21.6514515229856,22.0116533333333,0.914138210991571,56.6182124370664,21.974476,21.9963147752939,0.242274157555422,0.156011167383181
"5992570","2013-02-28",18.4844355762936,0.643478260869565,0.567897818619484,0.566589423256746,22.4133229144006,21.6330004189327,22.0231616666667,0.953024232997408,57.2703554788737,21.984076,22.0288061385881,0.308920379894717,0.186593009885489
"5992569","2013-03-01",18.3344970617059,0.621052631578948,0.655833729826072,0.58920426797268,22.4543061015136,21.6283505651531,22.0413283333333,0.861607439527264,58.3929823710448,21.98872,22.0636319867763,0.375550757571563,0.224384559422704
"5992568","2013-03-04",18.1952684410172,0.627619959570168,0.630716950672893,0.618149499706149,22.4832534816828,21.6200698516506,22.0516616666667,0.834040548617189,58.6271014403375,21.99632,22.0951477218728,0.426923389338518,0.264892325405866
"5992567","2013-03-05",17.9491345539609,0.567469597754914,0.605380729634677,0.63064380337788,22.5156207945886,21.6225792054114,22.0691,0.790729274515159,57.9285464601466,22.001124,22.1198080256231,0.454999546535784,0.30291376963185
"5992566","2013-03-06",18.321730130046,0.687460932616576,0.627516829980553,0.621204836762707,22.5627484255449,21.6084515744551,22.0856,0.888837777514291,60.9477927789158,22.012724,22.15716695554,0.514877571543071,0.345306530014094
"5992565","2013-03-07",19.434578693893,0.691562932226833,0.648831154199441,0.627242904604889,22.6384498693299,21.5857567973368,22.1121033333333,0.960371605830406,63.3148098026234,22.029208,22.202891361468,0.591680036541997,0.394581231319675
"5992564","2013-03-08",20.467938074608,0.744653686562401,0.70789251713527,0.66141350043842,22.7060996726099,21.5941069940568,22.1501033333333,0.919574105416268,64.4708985443909,22.056208,22.2491725132723,0.662706749713471,0.448206334998434
"5992563","2013-03-11",21.0995485822764,0.693371635280349,0.709862751356527,0.688862140897079,22.7317351055573,21.6645948944427,22.198165,0.868306803460691,62.4245163008472,22.07188,22.2828561781693,0.69327116502933,0.497219301004613
"5992562","2013-03-12",21.6860440536827,0.713799340355358,0.717274887399369,0.711676718630388,22.7568624090029,21.7251975909971,22.24103,0.842104005590557,62.9292855225411,22.09752,22.3146086877467,0.716005263253594,0.540976493454409
"5992561","2013-03-13",22.2310635218801,0.861687413554634,0.756286129730113,0.727807922828669,22.7849968029501,21.79172319705,22.28836,0.901003977454653,66.44375589149,22.12072,22.3606608627138,0.77506573885282,0.587794342534092
"5992560","2013-03-14",23.8273636795818,0.70939244937078,0.761626401093591,0.745062472741024,22.8410750788295,21.8327449211705,22.33691,0.976652740853469,67.43172556405,22.148772,22.406079414352,0.826894676328549,0.635614409292983
"5992559","2013-03-15",25.6613794653269,0.639070606812542,0.736716823245985,0.751543118023229,22.8962934048061,21.8735265951939,22.38491,0.964514487109826,67.3644930582119,22.186372,22.4452688257717,0.857317677975455,0.679955063029478
"5992558","2013-03-18",27.3643941235188,0.536185567010309,0.62821620773121,0.708853144023594,22.9460104900317,21.910816176635,22.4284133333333,0.916978076238628,68.1561702710182,22.235576,22.4832463156688,0.881819191503008,0.720327888724184
"5992557","2013-03-19",28.9457648775542,0.53244680851064,0.569234327444497,0.64472245280723,22.9778439198202,21.9593494135131,22.4685966666667,0.848622400809423,68.4410306970691,22.277196,22.517546806913,0.894423274981659,0.755146965975679
"5992556","2013-03-20",30.4141805777299,0.544393821535725,0.537675399018892,0.578375311398199,23.0190035089882,21.9775198243451,22.4982616666667,0.818492747309493,69.2804802618013,22.319592,22.5512072326579,0.904341671055109,0.784985906991565
"5992555","2013-03-21",31.9958064299226,0,0.358946876682122,0.48861886771517,23.1848050067194,21.7300549932806,22.45743,-0.309369299964328,21.1723192430811,22.265,22.2683796016369,0.0692925539292899,0.64184723637911
"5992554","2013-03-22",33.4644590069586,0.763672727272728,0.436022182936151,0.444214819545721,23.2031746153411,21.7523587179923,22.4777666666667,0.621058318739325,52.8301504076045,22.291804,22.303275654752,0.162797453765862,0.54603727985646
"5992553","2013-03-25",33.8240568188652,0.88086642599278,0.548179717755169,0.44771625912448,23.2618502136599,21.7716831196735,22.5167666666667,0.810859993622663,55.9160300289928,22.329804,22.378838900785,0.35533716063425,0.507897256012018
"5992552","2013-03-26",34.5665505823819,0.768953068592057,0.804497407285855,0.596233102659058,23.2603747193677,21.8434852806323,22.55193,0.602150995490401,52.5400477025604,22.351404,22.4029937140137,0.391201470183633,0.484558098846341
"5992551","2013-03-27",35.256009077076,0.879061371841155,0.842960288808664,0.731879137949896,23.2948502759412,21.8670097240588,22.58093,0.716459743766573,55.393587661531,22.378804,22.4645945521452,0.52312345791703,0.492271170660479
"5992550","2013-03-28",35.9843436161101,0.855595667870037,0.83453670276775,0.827331466287422,23.3220350135092,21.8878249864908,22.60493,0.675522874561133,54.6396031952929,22.410804,22.5093152785258,0.597022817960347,0.513221500120453
"5992549","2013-04-01",36.771620120911,0.826714801444043,0.853790613718411,0.843762535098274,23.3403887464515,21.9168045868818,22.6285966666667,0.629768700659396,53.6713110203308,22.431204,22.5374065747224,0.61955180259734,0.53448756061583
"5992548","2013-04-02",37.5026625896546,0.830324909747293,0.837545126353791,0.84195748094665,23.35427025958,21.9489230737533,22.6515966666667,0.605599053977559,53.7815686833278,22.458004,22.5630856980927,0.633552449160213,0.554300538324707
"5992547","2013-04-03",38.1814877392023,0.808664259927799,0.821901323706378,0.837745687926193,23.3627550180864,21.9855649819137,22.67416,0.57685213893511,52.9670510321921,22.4908,22.577340938347,0.616011156488949,0.566642661957555
"5992546","2013-04-04",38.8108916783965,0.828519855595669,0.822503008423586,0.827316486161251,23.3758821205226,22.0084445461441,22.6921633333333,0.59109739437766,53.6598709994583,22.5114,22.5970288132341,0.614616248953204,0.576237379356685
"5992545","2013-04-05",39.1508157516681,0.855595667870037,0.830926594464501,0.825110308864821,23.3936161761756,22.0193704904911,22.7064933333333,0.628681502763399,54.6410858055594,22.5338,22.6240916381362,0.632886873822702,0.587567278249889
"5992544","2013-04-08",39.2145703171749,0.851985559566787,0.845367027677497,0.832932210188527,23.4107905888395,22.0298627444939,22.7203266666667,0.625282915667942,54.4754587920428,22.5538,22.6462127530514,0.636351849378092,0.597324192475529
"5992543","2013-04-09",38.7711566739964,0.927797833935018,0.878459687123947,0.851584436421981,23.4477584982946,22.0404415017054,22.7441,0.729206829341528,57.3960180359521,22.5818,22.6933843859779,0.705550435816282,0.61896944114368
"5992542","2013-04-10",38.2577002102599,0.917562724014337,0.89911537250538,0.874314029102274,23.4813193864993,22.0541506135007,22.767735,0.709457824696224,57.207808707913,22.610196,22.7329331345142,0.747911546550739,0.644757862225092
"5992541","2013-04-11",37.3670574648214,0.636399064692126,0.82725320754716,0.868276089058828,23.5170440945829,22.0610892387504,22.7890666666667,0.722694633720585,57.6564023082297,22.634996,22.7712087165789,0.782850692731007,0.672376428326275
"5992540","2013-04-12",36.2805852738715,0.675949367088608,0.743303718598357,0.823224099550298,23.5547806946082,22.0595326387251,22.8071566666667,0.748906303674712,58.8036120724218,22.658752,22.8142475543684,0.826943746864406,0.703289892033901
"5992539","2013-04-15",35.0090747705427,0.750000000000003,0.687449477260246,0.752668801135254,23.6003297523913,22.0539835809421,22.8271566666667,0.779913606231963,60.3060735219687,22.684352,22.8643478804526,0.885268535877093,0.73968562080254
"5992538","2013-04-16",33.0966018260432,0.593607305936074,0.673185557674895,0.701312917844499,23.6507969781885,22.0483763551449,22.8495866666667,0.786491569939995,60.3060735219687,22.71188,22.9077681630589,0.920521517259965,0.775852800094025
"5992537","2013-04-17",31.3207340918651,0.605022831050227,0.649543378995435,0.670059471310191,23.6930917944363,22.0503782055637,22.871735,0.740393904335052,60.4801969081503,22.73904,22.9467324079844,0.940844646856576,0.808851169446535
"5992536","2013-04-18",29.0845319154906,0.490867579908677,0.563165905631659,0.628631614100662,23.728729711308,22.0557436220253,22.8922366666667,0.707869829618514,57.7519457539765,22.75664,22.9671680869198,0.9111208841458,0.829305112386388
"5992535","2013-04-19",27.008058466,0.696347031963471,0.597412480974125,0.603373921867072,23.4180027327911,22.5731372672089,22.99557,0.915565176906295,61.1492018383713,22.779788,23.0088790086639,0.939753170814672,0.851394724072045
"5992534","2013-04-22",26.0750652587634,0.689320388349514,0.625511666740554,0.595363351115445,23.4803193360211,22.5941473306456,23.0372333333333,1.00716263954075,62.9325120887323,22.806988,23.0583618075087,0.985785120160321,0.8782728032897
"5992533","2013-04-23",25.7093620443529,0.665158371040725,0.683608597117904,0.635510914944193,23.5690722094932,22.5657277905068,23.0674,1.01421358764775,64.3426159736815,22.836184,23.1119135665075,1.03785066721522,0.910188376074805
"5992532","2013-04-24",25.5181588175334,0.722222222222222,0.692233660537487,0.667117974798647,23.6521057875442,22.5800275457892,23.1160666666667,1.0166911441338,66.2441097249939,22.869364,23.1729917576398,1.10424107703562,0.948998916266967
"5992531","2013-04-25",25.7708610562073,0.761666666666668,0.716349086643205,0.697397114766198,23.7633792504915,22.5596874161751,23.1615333333333,1.02986984028367,68.4512235994688,22.906724,23.2437928566212,1.18910086545605,0.997019306104784
"5992530","2013-04-26",26.5174309750326,0.568965517241379,0.684284802043423,0.697622516408038,23.8578031135946,22.5612635530721,23.2095333333333,0.968272123596935,66.5624575516676,23.035524,23.2979538090717,1.22289556825677,1.04219455853518
"5992529","2013-04-29",27.5803874789453,0.744243739824792,0.691625307910947,0.697419732199191,23.9915630229312,22.5521669770688,23.271865,1.04752246189092,71.3003549849516,23.09232,23.3848933011955,1.33728587327755,1.10121282148365
"5992528","2013-04-30",28.7039148640351,0.709923664122138,0.674377640396103,0.683429250116824,24.1016463050143,22.5697503616523,23.3356983333333,0.983693645475135,71.3003549849516,23.13552,23.4602408610361,1.41068088160168,1.16310643350726
"5992527","2013-05-01",28.7149210017334,0.541213063763607,0.665126822570179,0.677043256959076,24.1674638915215,22.6245994418119,23.3960316666667,0.882817168488883,65.5548983981841,23.18472,23.5042087462313,1.39714043521693,1.20991323384919
"5992526","2013-05-02",28.9556281769918,0.629629629629629,0.626922119171792,0.655475527379357,24.2452190369749,22.6768376296918,23.4610283333333,0.918035007485275,68.3053470377358,23.22812,23.5636475800671,1.42440739954988,1.25281206698933
"5992525","2013-05-03",29.8630728483011,0.725523593237447,0.632122095543561,0.641390345761843,24.373196957778,22.7000397088886,23.5366183333333,1.0131107674248,72.7073686870336,23.286124,23.6551745693915,1.53014253392436,1.30827816037634
"5992524","2013-05-06",30.7057000430882,0.826457229371689,0.727203484079588,0.66208256626498,24.4917760755024,22.739467257831,23.6156216666667,0.989513220890606,74.7230828564488,23.353728,23.7558312934726,1.64809888712574,1.37624230572622
"5992523","2013-05-07",31.9968099839177,0.8,0.783993607536379,0.714439729053175,24.6226835616351,22.7592264383649,23.690955,0.973516842601028,75.3349137811801,23.422928,23.8497204543429,1.73708312333276,1.44841046924753
"5992522","2013-05-08",33.5039813448123,0.825301204819275,0.817252811396988,0.776149967670984,24.767352275574,22.782557724426,23.774955,0.989577959645566,77.5619634798688,23.502128,23.9564243937639,1.84900277933067,1.52852893126415
"5992521","2013-05-09",34.4941180242035,0.775641025641025,0.8003140768201,0.800520165251155,24.8671954173994,22.8373845826006,23.85229,0.897923779966446,75.2512643286737,23.576728,24.040901141262,1.89428828355416,1.60168080172215
"5992520","2013-05-10",35.0713870565101,0.729729729729728,0.776890653396677,0.798152513871254,24.9436968905157,22.9056164428177,23.9246566666667,0.844446658517777,73.2917293660118,23.646328,24.1074476557604,1.89068817086864,1.65948227555145
"5992519","2013-05-13",35.6074225865091,0.70810218978102,0.737824315050592,0.771676348422455,25.0072965452185,22.9783567881149,23.9928266666667,0.810789579200468,73.2932272400926,23.716332,24.1651346349924,1.86569402366064,1.70072462517329
"5992518","2013-05-14",36.5467021577167,0.715384615384615,0.717738844965121,0.744151271137462,25.0710475541787,23.0540724458213,24.06256,0.817690253428642,73.9216716475823,23.779532,24.2204500169934,1.83744712389184,1.728069124917
"5992517","2013-05-15",37.5468519438892,0.807407407407406,0.743631404191014,0.733064854735575,25.131915314357,23.1492080189764,24.1405616666667,0.846044522859476,76.3272823296715,23.849532,24.2897233480609,1.84636432680136,1.75172816529387
"5992516","2013-05-16",38.7229114738085,0.656870229007634,0.726554083933218,0.729308111029784,25.1584150856532,23.2787415810135,24.2185783333333,0.809497898738275,72.30912938942,23.914752,24.3378269016528,1.80232972621575,1.76184847747825
"5992515","2013-05-17",40.0453178290402,0.723404255319149,0.72922729724473,0.733137595122987,25.1982171458097,23.3982728541903,24.298245,0.856541590196996,74.8501298626966,23.983392,24.4007833147658,1.79898344379164,1.76927547074092
"5992514","2013-05-20",41.6207966693777,0.702531645569619,0.694268709965467,0.716683363714471,25.2534488667076,23.5000411332924,24.376745,0.88777156830623,76.1784555066885,24.051792,24.4673455394637,1.80456335061661,1.77633304671606
"5992513","2013-05-21",43.0837413068339,0.704295774647886,0.710077225178885,0.711191077463027,25.2990019000285,23.6038280999715,24.451415,0.868881546725338,76.9095623914313,24.122196,24.5317128008685,1.80398270876447,1.78186297912574
"5992512","2013-05-22",44.4412912388888,0.624966514867398,0.677264645028301,0.693870193390884,25.3219048471519,23.7166618195147,24.5192833333333,0.816514898109351,76.9044888687621,24.192196,24.5874844274194,1.782320045477,1.781954392396
"5992511","2013-05-23",41.7922044606695,0,0.443087429838428,0.610143100015204,25.2874024998856,23.8242275001144,24.555815,0.482334079424965,53.653484581122,24.241796,24.5544865037635,1.54696709865469,1.73495693364774
"5992510","2013-05-24",39.2415833565228,0,0.208322171622466,0.442891415496398,25.2446621698793,23.9069678301207,24.575815,0.231516892417932,47.5608426284924,24.274596,24.4938883032617,1.26693831219977,1.64135320935814
"5992509","2013-05-28",36.4701878803062,0.0393700787401553,0.013123359580052,0.221510987013648,25.2278786558662,23.9460880108005,24.5869833333333,0.263104839960463,48.8636520134461,24.305396,24.4480365294934,1.04931752128978,1.52294607174447
"5992508","2013-05-29",35.8041304718513,0,0.013123359580052,0.0781896302608558,25.2689810299946,23.8763189700054,24.57265,-0.0619812749160972,36.3983773995518,24.307396,24.3229649922277,0.657222310531358,1.34980131950185
"5992507","2013-05-30",35.1856485925717,5.37634408600898e-05,0.0131412807270053,0.0131293332957022,25.3135398967872,23.8021001032128,24.55782,-0.0741236515159043,36.4011074469727,24.305,24.214582993264,0.341475758620113,1.1481362073255
"5992506","2013-05-31",34.6113439903836,0.0752688172042995,0.0251075268817201,0.0171240557295916,25.3508260993255,23.7294772340079,24.5401516666667,0.0208608811562004,40.26423312054,24.30284,24.1393052608288,0.135646967100267,0.945638359280455
"5992505","2013-06-03",34.4569026916973,0,0.0251075268817201,0.021118778163481,25.4020326011883,23.6027540654783,24.5023933333333,0.0206819569342768,37.6253051172681,24.29684,24.0540645593849,-0.0773732768256763,0.741036032059228
"5992504","2013-06-04",34.1674408912654,0.037433155080214,0.037567324094838,0.0292607926194252,25.4294736614652,23.4976363385348,24.463555,0.103009188422063,39.6143000597594,24.28164,23.9895226181336,-0.220663542314492,0.548696117184484
"5992503","2013-06-05",34.8372447318984,0,0.0124777183600715,0.0250508564455424,25.4845316681731,23.3179083318269,24.40122,0.00402700430669002,32.846464363101,24.24964,23.8775862690491,-0.471153924472623,0.344726108853063
"5992502","2013-06-06",35.4786338384283,0,0.0124777183600715,0.0208409202716595,25.5063692415663,23.1464040917671,24.3263866666667,0.0438972195168819,32.7032048313231,24.22364,23.7792414331759,-0.666562199637954,0.142468447154859
"5992501","2013-06-07",34.6508526247113,0.147982062780268,0.0493273542600896,0.0247609303267434,25.485193360682,23.0589133059846,24.2720533333333,0.212020053642509,41.734409319137,24.20444,23.7380092420858,-0.701802212249325,-0.0263856847259774
"5992500","2013-06-10",33.9340356598933,0.141552511415525,0.0965115247319312,0.0527721991173633,25.4615162804426,22.970590386224,24.2160533333333,0.215211653500761,41.3720337564125,24.172436,23.6996080098077,-0.728342708175667,-0.166777089415915
"5992499","2013-06-11",33.6681912915426,0.0753146270995547,0.121616400431783,0.0891517598079337,25.4318907969061,22.8811258697606,24.1565083333333,0.216160307197124,38.5562751529598,24.127784,23.6455002751667,-0.793762837859069,-0.292174239104546
"5992498","2013-06-12",33.9743965651967,0,0.0722890461716933,0.0968056571118016,25.4036595665685,22.7500237667648,24.0768416666667,0.135653970775427,34.5982378375251,24.071384,23.5661002384778,-0.918910936401562,-0.417521578563949
"5992497","2013-06-13",34.7076746368366,0,0.0251048756998518,0.0730034407677751,25.3440699415681,22.6272800584319,23.985675,0.138418240304739,31.3306107163925,23.998184,23.4666202066807,-1.08547194151437,-0.551111651154034
"5992496","2013-06-14",35.1034777880247,0.104046242774566,0.0346820809248556,0.0440253342654661,25.2544738389905,22.5511761610095,23.902825,0.21904993192097,36.3936180610334,23.934584,23.4044041791233,-1.14322548424007,-0.669534417771242
"5992495","2013-06-17",34.691447542632,0.254901960784314,0.119649401186294,0.0598121192703328,25.1071788222157,22.538467844451,23.8228233333333,0.312023746211089,41.7862686636052,23.881384,23.3784836219069,-1.10412265390003,-0.756452064996999
"5992494","2013-06-18",33.8741756527491,0.276422764227642,0.211790322595508,0.122040601568885,24.9041443931193,22.5698356068807,23.73699,0.329932525490908,40.8972095070232,23.82618,23.3493524723193,-1.07811683260716,-0.820785018519031
"5992493","2013-06-19",32.5326756000292,0.564150782118131,0.365158502376696,0.232199408719498,24.6557321846987,22.670574481968,23.6631533333333,0.468187246158601,48.4558107904053,23.78218,23.3667721426767,-0.936119853887563,-0.843851985592737
"5992492","2013-06-20",33.319271755426,0,0.280191182115258,0.28571333569582,24.3966767784236,22.7062265549098,23.5514516666667,0.0515287449532232,33.9780405400834,23.69218,23.2498691903198,-1.15326508224606,-0.905734604923401
"5992491","2013-06-21",34.0496824711517,0.178094390026715,0.247415057381615,0.297588247291189,24.2413735404883,22.690199792845,23.4657866666667,0.0815297925289134,39.1224531704123,23.61616,23.1832199649438,-1.22218893462914,-0.96902547086455
"5992490","2013-06-24",35.3672802347241,0,0.0593647966755719,0.195657012057481,24.1928618985395,22.5617114347938,23.3772866666667,-0.0705298319708467,33.8746788963678,23.51456,23.0614573029513,-1.42892288401416,-1.06100495349447
"5992489","2013-06-25",36.590763872327,0,0.0593647966755719,0.122048216910919,24.091159599194,22.4764137341393,23.2837866666667,-0.0390652189741733,33.8746788963678,23.40936,22.9559296625578,-1.57643294243691,-1.16409055128296
"5992488","2013-06-26",37.7268558215298,0.26751592356688,0.0891719745222936,0.0693005226244783,24.0405854012746,22.4169879320587,23.2287866666667,0.168152558203454,41.7973117533066,23.318956,22.9204723742168,-1.52888923902217,-1.2370502888308
"5992487","2013-06-27",38.1073119392849,0.210191082802549,0.15923566878981,0.102590813329224,23.9944341208967,22.3624658791033,23.17845,0.196613785742197,40.6727503338264,23.224956,22.8777427243212,-1.50586825711471,-1.29081388248758
"5992486","2013-06-28",37.8593740985497,0.337579617834396,0.271762208067942,0.173389950460014,23.9138890793568,22.3533475873099,23.1336183333333,0.328936514647549,44.2616483726779,23.163356,22.867377027745,-1.40109184847711,-1.31286947568549
"5992485","2013-07-01",38.3607869009077,0.0573885350318469,0.201719745222931,0.210905874026893,23.8640076476459,22.2925723523541,23.07829,0.153253301849245,38.7142829611147,23.09376,22.7997400907124,-1.45695489696079,-1.34168655994055
"5992484","2013-07-02",38.444046319914,0.0573248407643311,0.150764331210191,0.208082094833687,23.7836748379017,22.2599084954317,23.0217916666667,0.201315754709321,38.7130951488452,23.02216,22.7411080786174,-1.48484466279777,-1.37031818051199
"5992483","2013-07-03",38.5213586375627,0.414012738853504,0.176242038216561,0.17624203821656,23.7513260415479,22.2515939584521,23.00146,0.445683631817862,48.2825351780662,22.99856,22.7649603348017,-1.29356562288695,-1.35496766898698
"5992482","2013-07-05",40.0314382292603,0,0.157112526539279,0.16137296532201,23.7848044665139,22.100115533486,22.94246,-0.017876020252546,35.7696788323159,22.928356,22.6302989568282,-1.53856351439744,-1.39168683806908
"5992481","2013-07-08",41.4336549929795,0.0407673860911275,0.151593374981544,0.161649313245794,23.7466522921147,21.9822677078852,22.86446,0.0176070601192931,37.0515058529592,22.855956,22.5249257625844,-1.68517112032653,-1.45038369452057
"5992480","2013-07-09",42.735713416433,0.165467625899282,0.0687450039968033,0.125816968505875,23.6779169648389,21.9170030351611,22.79746,0.14178071244587,40.934462944033,22.799956,22.4682689942398,-1.68987717419613,-1.49828239045568
"5992479","2013-07-10",42.9422014121503,0.306990881458968,0.171075297816459,0.130471225598268,23.5930077476487,21.8949955856846,22.7440016666667,0.275815308122987,43.2542180994874,22.747556,22.4404997950079,-1.6178878018005,-1.52220347272464
"5992478","2013-07-11",42.5164018063099,0.783132530120482,0.418530345826244,0.219450215879835,23.5575833717083,21.8930866282917,22.725335,0.506807863524812,49.5253234238163,22.730756,22.4790998223401,-1.37605218682703,-1.49297321554512
"5992477","2013-07-12",42.4609784879859,0.598393574297189,0.562838995292214,0.384148212978305,23.5286223480838,21.8800476519161,22.704335,0.426602254087763,46.7996858373761,22.705156,22.4818865126948,-1.25248361246456,-1.44487529492901
"5992476","2013-07-15",42.6323576410071,0.469879518072289,0.617135207496654,0.53283484953837,23.4753180835459,21.8683519164541,22.671835,0.388920084117451,44.9465224358488,22.659956,22.4629683110022,-1.19820017456074,-1.39554027085535
"5992475","2013-07-16",42.6083228911494,0.534136546184741,0.53413654618474,0.571370249657868,23.3763928743771,21.8896137922895,22.6330033333333,0.453140314630896,46.0958599614847,22.618756,22.4572392028685,-1.11367639705725,-1.33916749609573
"5992474","2013-07-17",42.2126973950013,0.734939759036146,0.579651941097726,0.576974564926372,23.2770227994542,21.9313172005458,22.60417,0.61827500269186,49.6344565824954,22.593804,22.4856073091527,-0.94600152444978,-1.26053430176654
"5992473","2013-07-18",41.6554570775075,0.799196787148595,0.689424364123161,0.601070950468541,23.0747775285008,22.0568958048326,22.5658366666667,0.762797396246267,50.7486528827514,22.581804,22.5208596679324,-0.775504985714104,-1.16352843855606
"5992472","2013-07-19",41.0980836678465,0.792828685258963,0.775655077147902,0.681577127456262,23.08115131801,22.0548553486566,22.5680033333333,0.761779585378861,50.7486528827514,22.579004,22.5514117122081,-0.633123056401541,-1.05744736212515
"5992471","2013-07-22",40.58052264459,0.856573705179281,0.81619972586228,0.760426389044446,23.0927144858498,22.0505421808168,22.5716283333333,0.804688900098229,51.9806614507832,22.572204,22.588556817247,-0.486135359736151,-0.943184961647352
"5992470","2013-07-23",40.2755030828456,0.792828685258963,0.814077025232403,0.80197727608086,23.1206884689064,22.0612348644269,22.5909616666667,0.728770439443421,50.6170913094415,22.553804,22.6100825749474,-0.393710582627704,-0.833290085843422
"5992469","2013-07-24",41.1469489086709,0.250996015936255,0.633466135458167,0.754580962184282,23.123163295029,22.050756704971,22.58696,0.263466578486569,40.8160855975105,22.510204,22.5380715649544,-0.556950759044361,-0.77802222048361
"5992468","2013-07-25",41.955710829521,0.829059829059827,0.624294843418349,0.690612668036305,23.1384910519912,22.0490956146754,22.5937933333333,0.713763822902664,51.7623737403255,22.483404,22.5743286896271,-0.417104208970176,-0.705838618180923
"5992467","2013-07-26",43.2704715584156,0.297872340425533,0.459309395140539,0.572356791339017,23.1296068462892,22.0416464870441,22.5856266666667,0.439679174788879,46.0595064486813,22.477804,22.5444181976769,-0.465366816938495,-0.657744257932438
"5992466","2013-07-29",44.5972704658121,0.191489361702127,0.439473843729163,0.507692694096016,23.0958577555476,22.0303922444524,22.563125,0.362509236440627,44.9013549343435,22.457804,22.5051624379866,-0.533452447436122,-0.632885895833175
"5992465","2013-07-30",45.3853378238467,0.393617021276596,0.294326241134753,0.397703160001484,23.0978539917687,22.0326893415646,22.5652716666667,0.510384935948223,47.5974594655813,22.464604,22.4964741129217,-0.513520794452194,-0.609012875556978
"5992464","2013-07-31",46.2944219656786,0.242553191489359,0.275886524822695,0.336562203228869,23.0945629263523,22.0258470736477,22.560205,0.411228352768831,45.7939303686076,22.465724,22.4700108978655,-0.542470746894153,-0.595704449824413
"5992463","2013-08-01",47.1385715259511,0.414893617021277,0.350354609929078,0.306855791962174,23.0497614974715,22.0333151691951,22.5415383333333,0.505045355756306,48.20515288054,22.456524,22.4686761114834,-0.50153281691705,-0.576870123242941
"5992462","2013-08-02",48.1498038468027,0.22340425531915,0.293617021276596,0.306619385342788,23.0233124096072,22.0947642570594,22.5590383333333,0.350262656867266,45.7690083630035,22.443724,22.443519296619,-0.527697337159838,-0.56703556602632
"5992461","2013-08-05",49.0888052875934,0.297872340425533,0.312056737588653,0.318676122931441,22.9762211876836,22.1871888123163,22.581705,0.354203278693389,46.893021519717,22.425724,22.4310500570698,-0.517382647712805,-0.557104982363617
"5992460","2013-08-06",50.0007581446936,0.26595744680851,0.262411347517731,0.289361702127659,22.9487149372585,22.2406950627415,22.594705,0.262664383612187,46.4486919305387,22.42412,22.4162433827938,-0.514116906523121,-0.548507367195518
"5992459","2013-08-07",50.4979806291234,0.606382978723404,0.390070921985816,0.321513002364066,22.9480483661897,22.2710283004769,22.6095383333333,0.574534964652116,51.705346939853,22.43532,22.4460775984213,-0.391897501568039,-0.517185394070022
"5992458","2013-08-08",51.1476607904119,0.479999999999999,0.450780141843972,0.367754137115839,22.9359957604178,22.2690809062489,22.6025383333333,0.491195777646952,49.7338005891508,22.41932,22.4559339186318,-0.334337405426022,-0.480615796341222
"5992457","2013-08-09",51.4465127953092,0.50537634408602,0.530586440936475,0.457145834922086,22.9381982484907,22.2712117515093,22.604705,0.532926703563068,50.0754800442246,22.45072,22.4671427294809,-0.278328484873414,-0.44015833404766
"5992456","2013-08-12",51.1779345625407,0.890243902439025,0.625206748841682,0.535524443874042,22.9646930216624,22.2783836450043,22.6215383333333,0.803742996608536,54.4136418818844,22.48912,22.5115236988834,-0.139095551825952,-0.379945777603319
"5992455","2013-08-13",51.9041882320494,0,0.465206748841682,0.540333312873278,22.9673446224614,22.2623987108719,22.6148716666667,0.237750565501081,44.7498783067044,22.49312,22.469987205699,-0.241166113497648,-0.352189844782185
"5992454","2013-08-14",52.7021676258916,0,0.296747967479675,0.462387155054345,22.9663514714245,22.2137251952422,22.5900383333333,0.0703423107854184,43.3674709646414,22.48672,22.4206555782725,-0.354173803711688,-0.352586636568085
"5992453","2013-08-15",53.4431484916022,0,4.81096644004234e-16,0.253984905440451,22.9486473535325,22.1720959798009,22.5603716666667,0.0874430494827942,43.3674709646414,22.46152,22.3779015011695,-0.438979039031395,-0.369865117060747
"5992452","2013-08-16",54.4125470176976,0,4.81096644004234e-16,0.0989159891598909,22.9725173301964,22.0562260031369,22.5143716666667,-0.152308913496007,40.0659306074207,22.43632,22.3101813010135,-0.582881765295873,-0.412468446707772
"5992451","2013-08-19",55.8095330207019,0,4.81096644004234e-16,-7.03141248929266e-16,23.0544083983043,21.8344182683624,22.4444133333333,-0.282312340001317,33.6489011905766,22.39612,22.1801571275451,-0.881838631995868,-0.506342483765392
"5992450","2013-08-20",57.1491500847449,0,4.81096644004234e-16,-7.03141248929266e-16,23.0960006904864,21.6548259761802,22.3754133333333,-0.139811391947641,33.0626416324762,22.35052,22.0601361772057,-1.12797292745436,-0.630668572503185
"5992449","2013-08-21",58.393080215642,0.00621118012422237,0.00207039337474127,0.000690131124912893,23.1668432663762,21.4899834002905,22.3284133333333,-0.0576574120747354,33.2902197775056,22.29532,21.9574513535783,-1.30615723659961,-0.765766305322471
"5992448","2013-08-22",59.5481581943321,0.0186335403726693,0.00828157349896438,0.00345065562456752,23.1573472198139,21.3548127801861,22.25608,0.0139732252877933,33.7751703904139,22.23772,21.8711245064345,-1.42500008256476,-0.897613060770929
"5992447","2013-08-23",60.6207306031159,0.0372670807453408,0.0207039337474113,0.0103519668737045,23.1664547056434,21.2330386276899,22.1997466666667,0.0829075062896288,34.5438308295821,22.18132,21.8003079055766,-1.49195633831783,-1.01648171628031
"5992446","2013-08-26",61.6755388044435,0,0.0186335403726705,0.0158730158730142,23.1730162676528,21.1218137323472,22.147415,0.120995495754815,33.7013204188861,22.11932,21.7309335181664,-1.55025520388496,-1.12323641380124
"5992445","2013-08-27",62.6550035628191,0.0621118012422347,0.033126293995859,0.0241545893719791,23.141474376419,21.0383889569143,22.0899316666667,0.184622890801934,36.4819023329537,22.06452,21.6841423824109,-1.54218043741784,-1.20702521852456
"5992444","2013-08-28",63.5645065527394,0.0745341614906817,0.0455486542443059,0.032436162870944,23.1143516789512,20.9589783210488,22.036665,0.2046149811281,37.0505424372798,22.03772,21.6462567314227,-1.51130285089793,-1.26788074499924
"5992443","2013-08-29",63.6177248317093,0.0745341614906817,0.0703933747411998,0.0496894409937871,23.0625689259799,20.8994277406868,21.9809983333333,0.246819577139254,37.0505424372798,21.98132,21.6134225005664,-1.47017791119508,-1.3083401782384
"5992442","2013-08-30",64.0120372563014,0,0.0496894409937883,0.0552104899930968,23.0280995170089,20.8182304829911,21.923165,0.201415940714376,33.0985494007409,21.93412,21.5542995004909,-1.50660105523165,-1.34799235363705
"5992441","2013-09-03",64.6795611051965,0,0.0248447204968944,0.0483091787439596,22.9918498038871,20.7107801961129,21.851315,0.139796904691976,29.4246311870232,21.88092,21.4697262337587,-1.61152152876186,-1.40069818866202
"5992440","2013-09-04",65.2921165150408,0.049999999999999,0.0166666666666668,0.0304002760524486,22.9393658255976,20.6289308410691,21.7841483333333,0.196674000916323,32.0248238412167,21.82332,21.4070960692576,-1.64664736942423,-1.44988802481446
"5992439","2013-09-05",64.6571235221476,0.275229357798163,0.108409785932721,0.0499737243654262,22.8162729199578,20.6146904133755,21.7154816666667,0.305224197268131,38.7120337819871,21.7802,21.3821499266899,-1.57386658901164,-1.47468373765389
"5992438","2013-09-06",64.5935996718549,0,0.108409785932721,0.0778287461773684,22.6948539560906,20.5850827105761,21.6399683333333,0.237616893532779,33.4050152041904,21.717404,21.3165432697979,-1.62254303963382,-1.50425559804988
"5992437","2013-09-09",64.5346132394402,0.361468293219036,0.212232550339067,0.143017374068168,22.5352137223985,20.6073229442682,21.5712683333333,0.334740810900274,41.9493447000094,21.674964,21.3035375004915,-1.51953221066665,-1.50731092057323
"5992436","2013-09-10",64.7656162541771,0.168920822766978,0.176796371995338,0.165812902755707,22.2758659456029,20.6950040543971,21.485435,0.26462101544946,38.56340705281,21.621364,21.2643991670927,-1.49999583569297,-1.50584790359718
"5992435","2013-09-11",64.9801190535756,0.318078496741932,0.282822537575982,0.223950486636795,22.094635897408,20.7465674359253,21.4206016666667,0.286903750409413,40.780084315751,21.572564,21.242479278147,-1.43408968166315,-1.49149625921038
"5992434","2013-09-12",65.1794412851393,0.317926958630097,0.26830875937967,0.242642556316996,21.926135713318,20.7987276200153,21.3624316666667,0.270123168762451,40.7783237717369,21.51096,21.2234687077274,-1.36628443879619,-1.46645389512754
"5992433","2013-09-13",65.3645262144484,0.317926958630097,0.317977471334043,0.28970292276323,21.7110413993599,20.8998119339735,21.3054266666667,0.246647927083417,40.7783237717369,21.454156,21.2069928800304,-1.29769993412235,-1.4327031029265
"5992432","2013-09-16",63.7280337687253,0.412605175424668,0.349486364228288,0.311924198313999,21.5644948753832,20.9763584579501,21.2704266666667,0.408592635302841,42.2275189457056,21.398556,21.1993938293597,-1.21039983538463,-1.38824244941813
"5992431","2013-09-17",62.4824009554204,0.245941957697981,0.325491363917583,0.330985066493303,21.5361304449879,20.9650595550121,21.250595,0.224678080964726,39.9198187134311,21.32816,21.1781546521117,-1.16963765892674,-1.34452149131985
"5992430","2013-09-18",59.8585576593016,0.262174126906051,0.306907086676234,0.327294938274034,21.5081775526375,20.9660124473625,21.237095,0.400838939755458,40.2366593517245,21.28216,21.1610673651635,-1.12076276593847,-1.29976974624357
"5992429","2013-09-19",57.3148176965401,0.93377483443709,0.480630306347041,0.371009585646951,21.5185683118748,20.9612916881252,21.23993,0.876958212577728,51.162958521539,21.25576,21.1982583831417,-0.922807950239202,-1.2243773870427
"5992428","2013-09-20",56.0157234916878,0.237622377622375,0.477857112988506,0.421798168670592,21.5041694680518,20.9618605319482,21.233015,0.516014856886577,42.9276637549392,21.21416,21.1798239320561,-0.900197006610559,-1.15954131095627
"5992427","2013-09-23",54.8094217300392,0.573286713286714,0.581561308448727,0.51334957592809,21.4921093691456,20.9652539641877,21.2286816666667,0.648019739887166,48.5593946902559,21.19136,21.195847407782,-0.781915394243626,-1.08401612761374
"5992426","2013-09-24",53.9808834388838,0.405594405594404,0.405501165501165,0.488306528979465,21.4770368169767,20.9663331830232,21.221685,0.516411997310046,46.111364093279,21.185164,21.1937477534111,-0.725429384183207,-1.01229877892764
"5992425","2013-09-25",53.2600522457602,0.377482517482517,0.452121212121212,0.479727895357034,21.4488814229393,20.9739885770607,21.211435,0.52154521121022,45.695474240972,21.180364,21.1892480529562,-0.680479403632839,-0.945934903868676
"5992424","2013-09-26",53.105631146473,0,0.261025641025641,0.372882672882672,21.4261463803443,20.9599569529891,21.1930516666667,0.1552510119221,41.1247020140171,21.165964,21.1546816458954,-0.724190666482927,-0.901586056391526
"5992423","2013-09-27",51.7364082576545,0.281439786698269,0.219640768060262,0.310929207069037,21.3893933075811,20.9763766924189,21.182885,0.614075313850295,45.9357228724506,21.158364,21.1500574264427,-0.678691148078725,-0.857007074728966
"5992422","2013-09-30",51.1780825081458,0,0.0938132622327567,0.191493223772886,21.3904045361524,20.9463654638476,21.168385,0.0607331002332129,40.1683167879011,21.137164,21.1047164362503,-0.752398456233117,-0.836085351029796
"5992421","2013-10-01",50.6596371693164,0.578543579423972,0.286661122040747,0.200038384111254,21.3984080645036,20.9633952688297,21.1809016666667,0.727805559557916,50.1667127845421,21.136764,21.1267542447503,-0.627938805918127,-0.794456042007462
"5992420","2013-10-02",50.6391591849722,0.289271789711986,0.289271789711986,0.223248724661829,21.3979382183412,20.9652517816588,21.181595,0.304951131246238,46.0252833029486,21.123164,21.1151870121169,-0.610109857609997,-0.757586805127969
"5992419","2013-10-03",50.6949274716367,0.238963652370772,0.368926340502244,0.314953084084991,21.3868219212091,20.9543680787909,21.170595,0.259677627669603,45.3244988222069,21.107164,21.0998287438347,-0.604349838602369,-0.726939411822849
"5992418","2013-10-04",50.7467123092536,0.440070431392279,0.322768624491679,0.326988918235302,21.3871201255709,20.9614198744291,21.17427,0.466243853600168,48.6879165565855,21.09756,21.1078382446567,-0.532542247866352,-0.68805997903155
"5992417","2013-10-07",51.2707765128037,0.113193309017733,0.264075797593595,0.318590254195838,21.3921116440876,20.924495022579,21.1583033333333,0.018900762607175,43.9549018800421,21.08676,21.0801264787025,-0.568481952522015,-0.664144373729643
"5992416","2013-10-08",52.0492230687763,0,0.184421246803338,0.257088556296203,21.4134804815437,20.877426185123,21.1454533333333,-0.0393483494684605,40.8300557432442,21.07836,21.0307762815421,-0.662347086360315,-0.663784916255778
"5992415","2013-10-09",52.7720662993224,0.212266785833983,0.108486698283906,0.185661247560278,21.4224286536024,20.8451446797309,21.1337866666667,0.0950231129771622,45.0379870069884,21.07436,21.0133394440032,-0.656523662921782,-0.662332665588978
"5992414","2013-10-10",52.211554239968,0.391891891891892,0.201386225908625,0.164764723665288,21.4220041927755,20.8385758072245,21.13029,0.33381565061308,47.1675915682423,21.06556,21.0115608514694,-0.606559681643615,-0.651178068799906
"5992413","2013-10-11",51.6910787562819,0.472972972972971,0.359043883566282,0.222972269252937,21.4213558751892,20.8352341248108,21.128295,0.383479840227908,48.4580183955204,21.072356,21.0180194046068,-0.537723158168146,-0.628487086673554
"5992412","2013-10-14",51.8218938627949,0.0675675675675687,0.310810810810811,0.290413640095238,21.4208594196286,20.8017305803714,21.111295,0.121034720955965,42.8256434398089,21.053996,20.9836168173259,-0.591616508942816,-0.621112971127406
"5992411","2013-10-15",51.9433650331283,0.175675675675675,0.238738738738739,0.302864477705276,21.4230161450685,20.7825705215982,21.1027933333333,0.21978885728411,44.6724473444132,21.047196,20.9644679083491,-0.596841553386185,-0.616258687579162
"5992410","2013-10-16",52.0561596912951,0.393243243243245,0.212162162162163,0.253903903903903,21.4146168686589,20.7757031313411,21.09516,0.399057839006442,48.2923342594925,21.043236,20.9693388539026,-0.532915802241896,-0.599590110511709
"5992409","2013-10-17",52.4029326545413,0.288135593220336,0.285684837379752,0.245528579426883,21.350374142483,20.7902791908503,21.0703266666667,0.291118750504206,45.8636750820454,21.03444,20.9574270067156,-0.522798656530277,-0.584231819715422
"5992408","2013-10-18",52.9124776800368,0.118644067796611,0.266674301420064,0.254840433653992,21.333161940654,20.7703213926793,21.0517416666667,0.177099193864701,43.8987766515129,21.021644,20.9337700724868,-0.547053550135301,-0.576796165799398
"5992407","2013-10-21",53.7283303487748,0,0.135593220338983,0.229317453046265,21.3090589047669,20.7387577618998,21.0239083333333,0.0197128100492984,40.105506260872,20.998644,20.8859340628219,-0.638203572721396,-0.589077647183798
"5992406","2013-10-22",54.4859078268887,0.312,0.143548022598871,0.181938514785971,21.2815904859504,20.7312195140496,21.006405,0.270327639985415,44.9760616734675,20.98784,20.870476187779,-0.628088068073673,-0.596879731361773
"5992405","2013-10-23",55.0339757725328,0.38468114207557,0.232227047358524,0.170456096765458,21.2503795303736,20.7309304696264,20.990655,0.338312666861848,45.7075416194698,20.97784,20.8610793627418,-0.601582780874654,-0.597820341264349
"5992404","2013-10-24",55.2288113985648,0.556411573360725,0.417697571812099,0.26449088058983,21.2473778310529,20.7293355022804,20.9883566666667,0.496158615060071,48.1804488696283,20.95624,20.8662687810429,-0.535732872985661,-0.585402847608612
"5992403","2013-10-25",55.4021607133417,0.726495726495727,0.555862813977341,0.401929144382654,21.2160522867877,20.742994379879,20.9795233333333,0.656027410010602,50.603428753274,20.95384,20.8840996102372,-0.439813910519815,-0.556285060190852
"5992402","2013-10-28",55.5631279342061,0.642276422764225,0.641727907540226,0.538429431109888,21.2211485647185,20.7448981019482,20.9830233333333,0.626635047552912,49.8503672242446,20.94064,20.8955529955389,-0.371114226102132,-0.519250893373108
"5992401","2013-10-29",55.2454326501656,0.924812030075192,0.764528059778382,0.654039593765315,21.2007479222402,20.7579654110931,20.9793566666667,1.01336715944608,55.1244442347214,20.941036,20.9348125961337,-0.229183271955979,-0.461237369089683
"5992400","2013-10-30",53.827114248895,0.91823899371069,0.82844248218337,0.744899483167325,21.2550930801136,20.7265669198864,20.99083,1.13542108591626,57.6326864854272,20.946836,20.9841709166492,-0.0718009651504592,-0.383350088301838
"5992399","2013-10-31",52.1104729949727,0.893491124260351,0.912180716015412,0.83505041932572,21.3138496929927,20.6971436403406,21.0054966666667,1.07483355613069,58.1799183366168,20.962836,21.030281461096,0.0615424948421595,-0.294371571673038
"5992398","2013-11-01",51.1755028002505,0.646408839779006,0.81937965258335,0.853334283594043,21.333079431363,20.688590568637,21.010835,0.896952812473136,53.1523656007144,20.964436,21.0475772662832,0.100722829188427,-0.215352691500745
"5992397","2013-11-04",50.0261538152601,0.739361702127659,0.759753888722339,0.830438085773699,21.384063161086,20.6794401722473,21.0317516666667,0.954022938603322,55.8131230232672,20.982836,21.0772336307788,0.171858850753348,-0.137910383049927
"5992396","2013-11-05",49.3644001635704,0.622340425531915,0.669370322479527,0.749501287928404,21.4102362862157,20.6949670471176,21.0526016666667,0.808599412082923,52.5960883194501,20.978436,21.0882691466749,0.183961155213042,-0.0735360753973331
"5992395","2013-11-06",47.3431730879004,0.695067264573992,0.685589797411189,0.704904669537684,21.4729567106754,20.6885799559912,21.0807683333333,0.987731179838505,57.1864438466629,20.990836,21.1231665937849,0.263081653727171,-0.00621252957243233
"5992394","2013-11-07",45.4663193747784,0.964125560538114,0.760511083548007,0.705157067812907,21.5745961242649,20.6486072090684,21.1116016666667,1.08143064619638,63.2393945366077,21.016836,21.1934110479469,0.434847643227232,0.0819995049875005
"5992393","2013-11-08",45.5475951934458,0.347826086956521,0.669006304022876,0.705035728327356,21.5798863737244,20.6539836262756,21.116935,0.553711544547963,49.2438628394417,21.01404,21.1796229082207,0.353488728243145,0.136297349638629
"5992392","2013-11-11",45.6230655964941,0.561685393258427,0.624545680251021,0.684687689273967,21.5938182634045,20.6823750699288,21.1380966666667,0.677524320211678,53.4062146814883,21.030036,21.1956598537913,0.364708931517899,0.181979666014483
"5992391","2013-11-12",46.3489216937938,0.113924050632911,0.341145176949287,0.54489905374106,21.5914040125895,20.6954559874105,21.14343,0.373396673900453,47.2458337952485,21.041236,21.1682385399524,0.25269458385262,0.196122649582111
"5992390","2013-11-13",46.220896782638,0.106250000000004,0.260619814630448,0.408770223943584,21.5927369187744,20.7021564145589,21.1474466666666,0.459075382299379,48.4141434576994,21.047096,21.1520067346254,0.183290607418685,0.193556241149425
"5992389","2013-11-14",45.2016060973874,0.222222222222222,0.147465424285046,0.249743471954926,21.5979173897427,20.7236426102572,21.16078,0.567736141302009,50.1704912608441,21.052296,21.149072503342,0.158300984020299,0.1865051897236
"5992388","2013-11-15",44.2551218896546,0.428571428571428,0.252347883597885,0.220144374171125,21.6046450782918,20.7622482550415,21.1834466666667,0.666057922828985,53.4416079678973,21.061496,21.1678628362298,0.197233709236189,0.188650893626118
"5992387","2013-11-18",43.3170428845097,0.485714285714284,0.378835978835978,0.259549762239635,21.5903958756276,20.836830791039,21.2136133333333,0.685411987441375,54.2501887815671,21.084296,21.1894811247325,0.240495056644918,0.199019726229878
"5992386","2013-11-19",42.8436371766791,0.3,0.404761904761904,0.345315255731921,21.5764987436579,20.8877279230087,21.2321133333333,0.525968966934198,51.1415693707072,21.098696,21.1908836414348,0.222679896863287,0.20375176035656
"5992385","2013-11-20",42.4341248961861,0.285714285714289,0.357142857142858,0.380246913580246,21.5577298242222,20.9351635091111,21.2464466666666,0.414686464647819,50.8999537438912,21.106256,21.1907658225768,0.202420525518909,0.20348551338903
"5992384","2013-11-21",42.8043079294553,0,0.195238095238097,0.319047619047619,21.554764014922,20.9408259850779,21.247795,0.11810206361352,44.5529321667132,21.107456,21.1533303795666,0.0787507915366525,0.178538569018554
"5992383","2013-11-22",43.3309775441062,0,0.0952380952380968,0.215873015873016,21.5678320164908,20.9157579835092,21.241795,0.0269529975665278,42.9066881120877,21.109456,21.1102196622911,-0.0494204661280029,0.132946761989243
"5992382","2013-11-25",44.1005048919612,0,5.55111512312578e-16,0.0968253968253969,21.595722531817,20.8657008015163,21.2307116666667,-0.060318937124709,40.3007217773485,21.114456,21.0555237073189,-0.198746635444458,0.0666080825025027
"5992381","2013-11-26",44.8150660006836,0.189473684210526,0.0631578947368426,0.0527986633249789,21.6064328278356,20.8256571721644,21.216045,0.112293666602092,45.258366452681,21.118856,21.0321205463431,-0.245490613486177,0.00418834330476682
"5992380","2013-11-27",45.7177030756548,0.097285714285716,0.0955864661654146,0.0529147869674182,21.6104486219398,20.7735147113935,21.1919816666667,0.0858912366922172,42.8746782085881,21.11758,20.9969178068306,-0.321912802846747,-0.0610318859255359
"5992379","2013-11-29",46.5558660738423,0.214285714285718,0.167015037593987,0.108586466165414,21.5994432477278,20.7371867522721,21.168315,0.173358989097012,45.1516248082321,21.11558,20.9773287659199,-0.347113400622023,-0.118248188864833
"5992378","2013-12-02",47.6436866668293,0,0.103857142857145,0.122152882205514,21.6044815163892,20.6831484836107,21.143815,0.101503126153984,41.8606666056501,21.10358,20.9403515971306,-0.420111833264636,-0.178620917744794
"5992377","2013-12-03",48.907285221502,0,0.0714285714285731,0.114100250626567,21.6075055320507,20.6089578012826,21.1082316666666,0.0310873459133993,39.0032642489094,21.08718,20.8896380508465,-0.526191187326175,-0.24813497166107
"5992376","2013-12-04",50.2908808037041,0,5.64363370851121e-16,0.0584285714285718,21.6183133772018,20.5274899561315,21.0729016666666,0.035975920982093,36.5128220960983,21.056784,20.8283663107336,-0.653446345976616,-0.329197246524179
"5992375","2013-12-05",51.5756481300347,0.0720692854933504,0.0240230951644507,0.0318172221976737,21.5842606961476,20.4725426371857,21.0284016666666,0.0906621020816987,38.7781680354414,21.024584,20.7845841359692,-0.719375278457668,-0.407232852910877
"5992374","2013-12-06",52.5013563332984,0.10300030931024,0.0583565316011974,0.0274598755885484,21.4829054566229,20.4692312100438,20.9760683333333,0.132293114619554,39.7714660423878,20.992584,20.7506395845066,-0.751584405435535,-0.476103163415809
"5992373","2013-12-09",53.4005540139956,0.0869659745624543,0.0873451897886821,0.0565749388514423,21.4726839597729,20.4217927068938,20.9472383333333,0.160124998007054,39.3157894201428,20.966588,20.7185676399057,-0.776118626903899,-0.536106256113427
"5992372","2013-12-10",54.2355232889288,0.136599569565769,0.108855284479488,0.0848523352897881,21.4338489307098,20.3885044026235,20.9111766666667,0.181913483003825,40.3477142164798,20.937308,20.694491954585,-0.775910754305875,-0.584067155751916
"5992371","2013-12-11",55.3072026933187,0,0.0745218480427416,0.0902407741036362,21.4396040713828,20.3237492619505,20.8816766666667,0.104180881837725,36.7752328794016,20.906508,20.653893027307,-0.824204612017676,-0.632094647005068
"5992370","2013-12-12",56.3286170152866,0,0.0455331898552569,0.0763034407924944,21.4303766285793,20.2625200380873,20.8464483333333,0.123228567974582,36.4464889563101,20.867548,20.616840623666,-0.858352300846688,-0.677346177773392
"5992369","2013-12-13",57.4864483138872,0,5.55111512312578e-16,0.0400183459659985,21.4006860560931,20.2032106105736,20.8019483333333,0.105880575589957,33.7540674393667,20.811948,20.5692618738439,-0.920583332237801,-0.725993608666274
"5992368","2013-12-16",58.7374516752804,0,5.55111512312578e-16,0.0151777299517515,21.3390957687479,20.1608008979188,20.7499483333333,0.103991316985325,31.3862603952933,20.774348,20.5133602906647,-1.00204177937548,-0.781203242808116
"5992367","2013-12-17",58.2759830942544,0.388235294117649,0.129411764705883,0.0431372549019604,21.2348789456341,20.1856843876993,20.7102816666667,0.356764729162851,44.0634220046904,20.741552,20.5089122519094,-0.926343515037564,-0.810231297254006
"5992366","2013-12-18",57.1055081471982,0.555555555555557,0.314596949891069,0.14800290486565,21.1437638401066,20.2187661598933,20.681265,0.487461229815579,47.8375847096414,20.725952,20.5210572849882,-0.809786249765065,-0.810142287756218
"5992365","2013-12-19",56.6565451107191,0.294871794871795,0.412887548181668,0.285632087592872,21.0524589558272,20.2354043775061,20.6439316666667,0.258565700218803,42.2140673358195,20.699292,20.5022496469897,-0.79480609038648,-0.80707504828227
"5992364","2013-12-20",56.23965086256,0.347826086956524,0.399417812461293,0.375634103511342,20.9967208839799,20.2314091160201,20.614065,0.241196975805048,42.5446887515162,20.669692,20.4872830273911,-0.770199075015388,-0.799699853628894
"5992363","2013-12-23",54.8117622407523,0.6231884057971,0.42196209587514,0.411422485506032,20.9502672769899,20.2431960563434,20.5967316666666,0.485765224625068,48.5660789613986,20.641292,20.4996452904056,-0.668186753496636,-0.773397233602442
"5992362","2013-12-24",52.0476739001093,0.805970149253733,0.592328214002453,0.471236040779627,20.9365856089853,20.2480443910147,20.592315,0.704807395189766,51.7207281412973,20.615692,20.5250259183515,-0.537862255190225,-0.726290237919999
"5992361","2013-12-26",49.8472737830425,0.642857142857144,0.69067189930266,0.568320736393416,20.8955205219478,20.2661094780522,20.580815,0.662879781547575,49.0689180123548,20.591692,20.5350224625713,-0.464611156479044,-0.673954421631808
"5992360","2013-12-27",49.1258307707393,0.0430000000000011,0.49727576403696,0.593425292447356,20.8712173319171,20.2318793347495,20.5515483333333,0.0440883101614562,39.0175377671074,20.551296,20.4876994675618,-0.565212296210627,-0.652205996547572
"5992359","2013-12-30",47.782775275429,0.0728571428571453,0.252904761904764,0.480284141748127,20.8191138862422,20.2267161137578,20.522915,0.147339997373978,39.6798559617039,20.522936,20.4494728718869,-0.62979383712658,-0.647723564663373
"5992358","2013-12-31",45.621210116351,0.128571428571428,0.0814761904761919,0.277218905472637,20.7805932219607,20.2275701113726,20.5040816666667,0.31179508654532,40.9682548951399,20.499336,20.4215431556353,-0.658224645069716,-0.649823780744642
"5992357","2014-01-02",43.7460545472696,0.0728571428571453,0.0914285714285733,0.141936507936509,20.7738713192079,20.1960253474588,20.4849483333333,0.106097453079047,40.0470770312143,20.479376,20.3921374015506,-0.688410540760087,-0.657541132747731
"5992356","2014-01-03",42.004838661694,0.214285714285716,0.13857142857143,0.103825396825397,20.7687117255881,20.1745116077452,20.4716116666667,0.211188770393272,43.5188764536066,20.456176,20.3798524146772,-0.665598659594324,-0.65915263811705
"5992355","2014-01-06",40.3879953393738,0.214285714285716,0.16714285714286,0.132380952380953,20.760173369339,20.155716630661,20.457945,0.238699248608912,43.5188764536066,20.437452,20.3692054260536,-0.640181922176786,-0.655358494928997
"5992354","2014-01-07",37.5461992684239,0.268547544409613,0.232372990993682,0.179362425569323,20.74431205575,20.15457794425,20.449445,0.472679778306063,45.7279291724456,20.417852,20.3679780359131,-0.589494032859517,-0.642185602515101
"5992353","2014-01-08",35.0884046057348,0.178981937602629,0.220605065432653,0.20670697118973,20.727916365813,20.1473003008536,20.4376083333333,0.354852448827976,43.8797193350069,20.401852,20.3589142977914,-0.566575280197201,-0.627063538051521
"5992352","2014-01-09",33.3190812895876,0,0.149176494004081,0.200718183476804,20.7202614839464,20.1157551827202,20.4180083333333,0.117304788721994,40.3657538630808,20.386652,20.3350590580858,-0.589257429816248,-0.619502316404466
"5992351","2014-01-10",31.0864459997135,0,0.0596606458675433,0.143147401768091,20.71958427045,20.09676572955,20.408175,0.235329544896918,40.0777222759296,20.376248,20.3130511836744,-0.604355393697364,-0.616472931863046
"5992350","2014-01-13",29.0132846591162,0,4.90348502542778e-16,0.0696123799572071,20.7196192270885,20.0804207729115,20.40002,0.254870078857738,40.0777222759296,20.363048,20.2939776925178,-0.609397317975047,-0.615057809085446
"5992349","2014-01-14",27.5366836070745,0.191176470588234,0.0637254901960785,0.0411287120212063,20.7201535834205,20.0832197499129,20.4016866666667,0.439784430790691,45.8981135074995,20.353848,20.2947806668488,-0.555344961889037,-0.603115239646164
"5992348","2014-01-15",26.5485664065938,0.302941176470588,0.164705882352941,0.0761437908496721,20.7239167864607,20.0955232135393,20.40972,0.554551799186361,49.0159485352272,20.348484,20.3056099112689,-0.476794275047565,-0.577851046726444
"5992347","2014-01-16",26.7008447537381,0.690140845070423,0.394752830709749,0.207728067752922,20.7572782103794,20.0794951229539,20.4183866666667,0.964671769640915,58.6140095663099,20.353364,20.3528619230997,-0.298402650413254,-0.521961367463806
"5992346","2014-01-17",26.1633903768919,0.509859154929577,0.500980392156863,0.35347970173985,20.7506461102457,20.0826272230876,20.4166366666667,0.82638298735466,53.7065914014508,20.359044,20.3767470000198,-0.205533553315018,-0.458675804634049
"5992345","2014-01-21",26.0017578999392,0.727367190544225,0.642455730181409,0.512729651016006,20.8078282615699,20.0607750717634,20.4343016666667,0.989476525887991,59.3729817428523,20.373204,20.4238474000171,-0.0531263421534867,-0.377565912137936
"5992344","2014-01-22",25.9528417654497,0.737625000000002,0.658283781824602,0.600573301387623,20.866182093112,20.043827906888,20.455005,0.956082881256895,60.1711078996161,20.393208,20.4686810800149,0.07836138297177,-0.286380453115995
"5992343","2014-01-23",25.9074196405666,0.850000000000003,0.771664063514744,0.69080119184025,20.9147725499256,20.0232374500744,20.469005,0.946041515059868,62.5382408029093,20.421208,20.5195236026795,0.215179045838809,-0.186068553325034
"5992342","2014-01-24",25.5434387819705,0.784999999999998,0.790875000000002,0.740274281779781,20.9266145916204,20.0179287417129,20.4722716666667,0.859194544553776,60.3056419548388,20.433928,20.5566537889889,0.299438676569874,-0.0889671073460526
"5992341","2014-01-27",25.5974104955259,0.850000000000003,0.828333333333335,0.796957465616026,20.9592368893402,20.0036397773265,20.4814383333333,0.903128398454,61.7752267082575,20.443928,20.5957666171237,0.381984972441218,0.00522330861140159
"5992340","2014-01-28",26.3531031843498,0.725410710475786,0.786803570158596,0.802003967830643,21.0204112296333,20.0100387703667,20.515225,0.916257387206781,61.7752267082575,20.462728,20.6296644015072,0.442095706246248,0.0925977881383709
"5992339","2014-01-29",26.1353873453239,0.565393641988478,0.713601450821423,0.77624611810445,21.0432242953483,20.0308257046517,20.537025,0.710366748785641,54.9671232690023,20.475128,20.6390424813063,0.426093375054615,0.15929690552162
"5992338","2014-01-30",26.2813667555561,0.522722423725198,0.604508925396488,0.701637982125501,21.0656018479492,20.0441148187174,20.5548583333333,0.697563285248077,53.2808183759179,20.478328,20.6418368171321,0.393239921048738,0.206085508627043
"5992337","2014-01-31",26.4861904321186,0.522722423725198,0.536946163146292,0.618352179788066,21.0794445415568,20.0808721251098,20.5801583333333,0.683436871460709,53.2808183759179,20.477128,20.6442585748478,0.363017969954549,0.237472000892544
"5992336","2014-02-03",25.8241147867063,0.272479564032697,0.439308137161031,0.526921075234602,21.076235392177,20.1110812744896,20.5936583333333,0.475487507228364,47.380564082504,20.473928,20.6276907648681,0.28111078533759,0.246199757781554
"5992335","2014-02-04",24.8789768848065,0.117856166256492,0.304352718004796,0.426869006104039,21.0699143445273,20.1408823221394,20.6053983333333,0.424008719148492,45.1571963468423,20.485212,20.6056253295524,0.191346971629924,0.235229200551228
"5992334","2014-02-05",24.0013488330425,0.306416615003102,0.232250781764097,0.32530387897664,21.0753810522476,20.1587389477524,20.61706,0.554008719896128,53.2397946644741,20.503568,20.6128619522787,0.195338992775884,0.227251158996159
"5992333","2014-02-06",23.0610526121336,0.275418474891509,0.233230418717035,0.256611306161975,21.0734658738799,20.1893141261201,20.63139,0.509662745512852,52.39848078676,20.519564,20.6164670253082,0.188494058273059,0.219499738851539
"5992332","2014-02-07",21.7281134812013,0,0.193945029964871,0.219808743482,21.0444011893301,20.2537121440032,20.6490566666667,0.362073886932923,45.1094632812126,20.529524,20.5942714219338,0.107474819868036,0.197094755054839
"5992331","2014-02-10",20.4903842881927,0.0760571950106492,0.117158556634053,0.181444668438652,21.0169152225394,20.3135314441273,20.6652233333333,0.359882087572244,47.1924017299348,20.537524,20.5817018990093,0.0621048549299008,0.170096775029851
"5992330","2014-02-11",19.7846475177437,0.243383024034074,0.106480073014908,0.13919455320461,20.9821342471115,20.3946457528885,20.68839,0.531109829122436,51.5484621009025,20.549924,20.5854749791414,0.0684792821728619,0.149773276458453
"5992329","2014-02-12",19.1293205166125,0.513994523881962,0.277811580975562,0.167150070208174,20.9681009492451,20.4535390507549,20.71082,0.696503731873723,57.6350281921883,20.56704,20.6124649819225,0.141574709030845,0.148133562972932
"5992328","2014-02-13",19.585377822711,0.64648615759051,0.467954568502182,0.284082074164217,20.9827694655264,20.4894705344736,20.73612,0.933570775317863,60.2667828299615,20.59004,20.6474696509995,0.230781779187272,0.1646632062158
"5992327","2014-02-14",19.5930974539418,0.547611804076666,0.569364161849713,0.438376770442485,21.0016996551364,20.4874870115302,20.7445933333333,0.807667788090892,57.4010343009024,20.61524,20.6691403641996,0.272801369975473,0.186290838967734
"5992326","2014-02-18",19.6002656829417,0.861538461538462,0.685212141068546,0.574176957140146,21.0397044859832,20.4870155140168,20.76336,0.946254607039606,63.1995232871764,20.64884,20.7145883156397,0.379576323461484,0.224947935866484
"5992325","2014-02-19",20.4903089327553,0.833333333333335,0.747494532982821,0.667356945300359,21.1027009663355,20.4583557003311,20.7805283333333,1.06305992942231,65.4768404271186,20.68604,20.765976540221,0.493173838980177,0.278593116489223
"5992324","2014-02-20",20.5342377305239,0.67948717948718,0.791452991452993,0.741386555168119,21.1307994383933,20.45058389494,20.7906916666667,0.856712911079359,60.1335324493534,20.71324,20.7945130015249,0.530195918885479,0.328913676968474
"5992323","2014-02-21",20.5750287570233,0.69230769230769,0.735042735042735,0.757996753159515,21.147126615011,20.446923384989,20.797025,0.780359079930486,60.4233766845887,20.7378,20.8205779346549,0.556856106689541,0.374502162912687
"5992322","2014-02-24",21.5850028061581,0.679012345679011,0.683602405824628,0.736699377440118,21.1836072414266,20.4392427585734,20.811425,0.869767329053169,60.7308399298332,20.7514,20.8445008767009,0.575107463609581,0.414623223052066
"5992321","2014-02-25",22.5228358517832,0.691358024691359,0.687559354226021,0.702068165031127,21.2136560102641,20.4315273230692,20.8225916666667,0.841898127138615,61.0566559201014,20.77052,20.8665674264741,0.58657322786706,0.449013224015065
"5992320","2014-02-26",23.3936808227208,0.839506172839503,0.736625514403292,0.702595758151312,21.2492945255303,20.418308807803,20.8338016666667,0.89254385048338,64.827902899064,20.78652,20.9016917696109,0.634565781833252,0.486123735578702
"5992319","2014-02-27",24.7178694104501,0.815217391304346,0.782027196278403,0.735404021635904,21.3112695180732,20.4070004819267,20.859135,0.939616586188485,66.8448924652786,20.804116,20.9414662003295,0.691383058260153,0.527175600114993
"5992318","2014-02-28",26.4910120739634,0.838867924528302,0.831197162890718,0.783283291190803,21.4098306075417,20.3773860591249,20.8936083333333,1.0351619133902,71.587550772041,20.825684,21.0011640402855,0.799605793106339,0.581661638713262
"5992317","2014-03-03",28.1375016900828,0.842105263157896,0.832063526330182,0.8150959618331,21.4847273269754,20.3671560063579,20.9259416666667,0.933134176229489,72.060716784585,20.850164,21.0556755015808,0.882617858837009,0.641852882738011
"5992316","2014-03-04",30.3450255512068,0.978072579760992,0.886348589149064,0.849869759456653,21.6064137602713,20.3571362397286,20.981775,1.06423945446522,77.3367958251767,20.883364,21.1389187680367,1.03897853672277,0.721278013534963
"5992315","2014-03-05",31.1255164228699,0.775393258426967,0.865190367115285,0.861200827531509,21.6678335016165,20.3969098317168,21.0323716666667,0.904714837600989,68.1079774491238,20.909368,21.1870762656318,1.08102999337336,0.793228409502642
"5992314","2014-03-06",32.0633262134875,0.736263736263738,0.829909858150566,0.860482938138304,21.7287681099752,20.4253185566915,21.0770433333333,0.870521947282106,67.1438909379022,20.940568,21.2261327635476,1.09372489682444,0.853327706967003
"5992313","2014-03-07",32.9341495904896,0.675675675675677,0.729110890122128,0.808070371795992,21.7620787698467,20.47674789682,21.1194133333333,0.786245361191424,67.1438909379023,20.973368,21.2599817284079,1.09093341086572,0.900848847746747
"5992312","2014-03-10",33.984824510147,0.608108108108108,0.673349173349175,0.744123307207289,21.7694543184709,20.5637023481958,21.1665783333333,0.762675636842978,64.5094720917959,21.004168,21.2826508312868,1.05738193467342,0.932155465132081
"5992311","2014-03-11",34.9604512212575,0.689189189189188,0.657657657657658,0.686705907042986,21.7660308786522,20.6607924546811,21.2134116666667,0.762315949553208,66.2221520878084,21.042968,21.3102973871153,1.0413739459435,0.953999161294366
"5992310","2014-03-12",34.6676043799336,0.465890410958908,0.587729236085402,0.639578689030744,21.7538688922669,20.7419611077331,21.247915,0.647067090112287,58.1662084685925,21.077684,21.3129377354999,0.95704714150886,0.954608757337264
"5992309","2014-03-13",34.9345963021839,0.583333333333337,0.579470977827145,0.608285957190067,21.7590935448445,20.8065431218222,21.2828183333333,0.738498310615271,61.0361367841441,21.108088,21.3272127040999,0.913683565071399,0.946423718884091
"5992308","2014-03-14",35.2145969057251,0.774647887323943,0.60795721053873,0.591719141483758,21.7861279211035,20.8451754122298,21.3156516666667,0.809277032852994,65.0564830664906,21.144892,21.3582510102199,0.921516820500679,0.941442339207409
"5992307","2014-03-17",35.9620765325095,0.643972602739729,0.667317941132336,0.618248709832736,21.8116342921927,20.8980623744739,21.3548483333333,0.86328283910995,66.1343421550062,21.190896,21.3904975421906,0.931912105410948,0.939536292448117
"5992306","2014-03-18",36.6850963094569,0.835820895522389,0.751480461862021,0.675585204511028,21.8607881187223,20.927575214611,21.3941816666667,0.931289578430407,70.0954882930008,21.241296,21.4397645365652,0.988713125034391,0.949371658965372
"5992305","2014-03-19",36.1031284213196,0.440583149686384,0.640125549316168,0.686307984103507,21.8918477326353,20.9521822673647,21.422015,0.795834007180371,61.8169432533114,21.280496,21.4597959316898,0.958440411716244,0.951185409515546
"5992304","2014-03-20",34.9804058364083,0.289710120359382,0.522038055189386,0.637881355455857,21.8889472612493,21.0104827387506,21.449715,0.656657815778267,57.9577107636439,21.30902,21.4652898074645,0.890665885472774,0.939081504706992
"5992303","2014-03-21",33.3765395418687,0.13544668587896,0.288579985308243,0.483581196604598,21.8647913742689,21.0899719590644,21.4773816666667,0.589420836185077,54.2297840965073,21.33042,21.4579178331359,0.793602225631784,0.90998564889195
"5992302","2014-03-24",31.8872351255105,0.593151381590097,0.33943606260948,0.383351367702368,21.8636631910166,21.1531001423167,21.5083816666667,0.779053351230117,62.0329381708444,21.36522,21.4875287887178,0.808803066844543,0.889749132482469
"5992301","2014-03-25",30.848162299921,0.559247330055939,0.429281799174999,0.352432615697573,21.8494983676584,21.2299316323416,21.539715,0.785605499101239,61.2006113368574,21.39122,21.5105249502221,0.803916909422875,0.87258268787055
"5992300","2014-03-26",30.5877127661035,0.424155175026518,0.525517962224185,0.43141194133622,21.8360583069584,21.3010383597082,21.5685483333333,0.81422815952457,59.0668774751843,21.41162,21.5237882901925,0.77229846816953,0.852525843930346
"5992299","2014-03-27",29.3807165353304,0,0.327800835027486,0.427533532142222,21.8669159556219,21.2558440443781,21.56138,-0.233268853886557,40.932013905424,21.41322,21.4566165181668,0.519778167194263,0.78597630858313
"5992298","2014-03-28",27.6430630373443,0.237113402061856,0.220422859029458,0.357913885427042,21.8754032699751,21.2340767300249,21.55474,0.123582291346593,47.676207141669,21.42362,21.4290676490779,0.40132277484537,0.709045601835578
"5992297","2014-03-31",26.3295040927461,0.360824742268043,0.199312714776634,0.249178802944525,21.87400293379,21.2428103995433,21.5584066666667,0.381061119610827,50.8305663010783,21.43842,21.4211919625342,0.348612574563001,0.636958996381062
"5992296","2014-04-01",25.1097707870478,0.381546391752579,0.326494845360826,0.248743473055638,21.8600851544211,21.2312848455789,21.545685,0.319574410076937,51.3595098934807,21.453624,21.4170463675296,0.310834196663179,0.571734036437486
"5992295","2014-04-02",24.51123925099,0.494845360824743,0.412405498281789,0.312737686139749,21.8606182580311,21.2317450753022,21.5461816666667,0.516672677875242,54.2570197929213,21.468424,21.428106851859,0.318630415342147,0.521113312218418
"5992294","2014-04-03",24.8593397207761,0.537216494845362,0.471202749140895,0.403367697594502,21.8729551570589,21.2321481762744,21.5525516666667,0.710435181539766,55.3287462224337,21.482068,21.4431726049445,0.336372481256464,0.484165146026027
"5992293","2014-04-04",24.9398088609541,0.484536082474226,0.505532646048111,0.463046964490264,21.875192839315,21.237177160685,21.556185,0.505979476880884,53.6458423284212,21.4861,21.4494162576185,0.327393762050709,0.452810869230964
"5992292","2014-04-07",25.0145302054051,0.5979381443299,0.539896907216496,0.505544100801833,21.8797483727407,21.2442916272593,21.56202,0.55976803341861,56.6990896297153,21.4937,21.4694940899361,0.357500937973865,0.433748882979544
"5992291","2014-04-08",25.5178870433215,0.680412371134022,0.587628865979383,0.544352806414662,21.8942875681962,21.2497524318038,21.57202,0.703733397791659,58.823343196401,21.4937,21.4975615446113,0.406634487405388,0.428326003864713
"5992290","2014-04-09",25.3140143853384,0.546391752577321,0.608247422680415,0.578591065292097,21.893964784085,21.269735215915,21.58185,0.5183960099279,54.1725536661993,21.495696,21.5045533386631,0.392177606203559,0.421096324332482
"5992289","2014-04-10",25.1247040600685,0.5979381443299,0.608247422680415,0.601374570446736,21.8974005408858,21.2762994591142,21.58685,0.537272515987218,55.6257339620992,21.500496,21.5172795601747,0.394904662958284,0.415857992057642
"5992288","2014-04-11",24.9489159008892,0.628865979381443,0.591065292096222,0.602520045819016,21.8990311975884,21.277002135745,21.5880166666667,0.567494166926745,56.5166821539572,21.506496,21.5323089521514,0.403620844228292,0.413410562491772
"5992287","2014-04-14",23.9707127383464,0.474226804123713,0.567010309278352,0.588774341351662,21.8885115627823,21.2698484372177,21.57918,0.388178239268984,51.0026568376026,21.508496,21.5253344251979,0.350253909593845,0.400779231912187
"5992286","2014-04-15",23.7086551623926,0.422916666666665,0.508669816723941,0.555581806032837,21.8591189373872,21.2726410626127,21.56588,0.439957950934021,49.1437914502924,21.505936,21.5120898351715,0.284433214252933,0.377510028380336
"5992285","2014-04-16",23.4653159847211,0.301369863013697,0.399504444601359,0.491728190201216,21.8442647785096,21.2701618881571,21.5572133333333,0.446792348235879,50.7198444249613,21.511532,21.5064778571486,0.245939415695884,0.351195905843446
"5992284","2014-04-17",23.2393581768834,0.442622950819672,0.388969826833345,0.432381362719547,21.8489142676799,21.2707790656534,21.5598466666667,0.638641157037996,56.3485259163073,21.520332,21.5242808095288,0.276016557722047,0.336160036219166
"5992283","2014-04-21",23.672549004306,0.220206814714357,0.321399876182576,0.369958049205759,21.8533846606529,21.2733086726804,21.5633466666667,0.591918991831369,51.846852276327,21.518732,21.523710034925,0.251929157064867,0.319313860388306
"5992282","2014-04-22",24.0747976297698,0.242057761732851,0.301629175755627,0.337332959590515,21.8417058316558,21.2749941683442,21.55835,0.585375573621724,53.1925702450405,21.517132,21.5285620302683,0.245046926751158,0.304460473660877
"5992281","2014-04-23",24.7758100928648,0.404332129963898,0.288865568803702,0.303964873580634,21.8385972115417,21.2761027884583,21.55735,0.747676529667574,56.1511774340607,21.512732,21.5447537595659,0.27014910393226,0.297598199715153
"5992280","2014-04-24",25.7350332976163,0.779735682819388,0.475375191505379,0.355289978688235,21.8539559690461,21.2684106976205,21.5611833333333,0.930624261359176,60.0805681073716,21.520332,21.5761199249571,0.33476844098046,0.305032247968215
"5992279","2014-04-25",26.0451030104116,0.603524229074891,0.595864013952726,0.453368258087268,21.8110505215868,21.3736028117466,21.5923266666667,0.82881644311854,56.712525481239,21.528292,21.5926372682961,0.35190228355142,0.314406255084856
"5992278","2014-04-28",26.428068846186,0.687224669603526,0.690161527165935,0.587133577541346,21.806141141465,21.4241455252016,21.6151433333333,0.904515985929,57.9192423728397,21.541412,21.6120189658567,0.375293318130221,0.326583667693929
"5992277","2014-04-29",27.0801507846686,0.71095041322314,0.667233103967186,0.651086215028615,21.8318671698652,21.4317594968015,21.6318133333333,0.96217559034558,58.960016388529,21.545016,21.6330964370758,0.401115482112813,0.341490030577705
"5992276","2014-04-30",28.8279102837016,0.233409610983982,0.543861564603549,0.633752065245556,21.8531083698173,21.4526282968493,21.6528683333333,1.00056173460604,52.81975246617,21.543816,21.632683578799,0.365080725501921,0.346208169562549
"5992275","2014-05-01",30.4508298185178,0.306636155606407,0.41699872660451,0.542697798391747,21.8647618669327,21.4622414664007,21.6635016666667,0.762922491696813,55.119164994831,21.547176,21.6408591016258,0.356279798357328,0.348222495321505
"5992274","2014-05-02",31.9578265294187,0.336384439359267,0.292143401983219,0.417667897730425,21.8745111673971,21.4610854992696,21.6677983333333,0.755269588068888,56.0561504190296,21.575176,21.651411221409,0.354887162651774,0.349555428787558
"5992273","2014-05-05",33.4113263705708,0.370709382151031,0.337909992372235,0.34901737365332,21.8879462513308,21.4716504153359,21.6797983333333,0.788740977625728,57.1673185078217,21.595176,21.6645563918878,0.360774064711156,0.351799155972278
"5992272","2014-05-06",35.1767521031012,0.373493975903616,0.360195932471305,0.330083108942252,21.9147190572097,21.4723776094569,21.6935483333333,0.910207245078469,58.302782635107,21.611576,21.6799488729694,0.372279586940016,0.355895242165826
"5992271","2014-05-07",36.8160759975937,0.41025641025641,0.384819922770353,0.360975282537963,21.9422017248927,21.4645616084406,21.7033816666667,0.911645350884241,60.5549729747926,21.629572,21.7012890232402,0.399062313638954,0.364528656460451
"5992270","2014-05-08",38.7517527745183,0.564102564102565,0.449284316754197,0.39810005733195,22.0007398868865,21.4509234464468,21.7258316666667,1.07564969576677,64.665619880171,21.647972,21.7357838201415,0.459464378568786,0.383515800882118
"5992269","2014-05-09",40.5491669245198,0.716177861873226,0.563512278744067,0.465872172756204,22.0715953510835,21.4317346489164,21.751665,1.08606766347208,68.4959097992447,21.669928,21.7830126441226,0.548979363912605,0.416608513488216
"5992268","2014-05-12",42.3077768940751,0.701492537313435,0.660590987763075,0.557795861087112,22.1353434933608,21.4197198399725,21.7775316666667,1.01675439306085,68.7762981032407,21.694328,21.8252776249063,0.616199202823786,0.45652665135533
"5992267","2014-05-13",44.1592011636985,0.569444444444443,0.662371614543701,0.62882496035028,22.1786110098138,21.4397856568529,21.8091983333333,0.952251670385901,65.0361914558552,21.711928,21.8539072749188,0.639703059276253,0.493161932939514
"5992266","2014-05-14",45.7740946889098,0.555555555555557,0.608830845771145,0.643931149359306,22.2039322239754,21.4710644426912,21.8374983333333,0.853635867139911,64.4075322457073,21.725928,21.8773863049296,0.647051948792354,0.523939936110082
"5992265","2014-05-15",47.2956189874883,0.624999999999997,0.583333333333332,0.618178597882725,22.2266822709731,21.5089810623602,21.8678316666667,0.869933425610089,66.1684411075744,21.747128,21.9044014642723,0.66353986830785,0.551859922549636
"5992264","2014-05-16",47.9297733109134,0.52777777777778,0.569444444444445,0.587202874516306,22.2472762664195,21.5343837335804,21.89083,0.793363525402329,61.5754156753924,21.763528,21.918481269036,0.643320672188374,0.570152072477384
"5992263","2014-05-19",48.1714425924972,0.483333333333335,0.545370370370371,0.566049382716048,22.2535338123746,21.5726595209587,21.9130966666667,0.718694309963878,59.540723674579,21.777448,21.9264170998312,0.608472300199914,0.57781611802189
"5992262","2014-05-20",47.9821347195568,0.375000000000002,0.462037037037039,0.525617283950617,22.2481676116589,21.6210157216744,21.9345916666667,0.66270646440881,57.1266613915503,21.795848,21.9282281531871,0.560402915202562,0.574333477458024
"5992261","2014-05-21",47.6947997730927,0.333333333333333,0.397222222222224,0.46820987654321,22.2426068333201,21.6542431666799,21.948425,0.542334927776188,56.4777094686705,21.816008,21.9284643994288,0.512718371679743,0.562010456302368
"5992260","2014-05-22",47.4737224714285,0.383333333333333,0.36388888888889,0.407716049382716,22.2468142511763,21.6697024154903,21.9582583333333,0.58965622166659,58.9864499092481,21.836408,21.9353358128383,0.487698101834244,0.547147985408743
"5992259","2014-05-23",47.2684364055975,0.3859649122807,0.367543859649122,0.376218323586744,22.2432938094384,21.7016061905616,21.97245,0.587781219918973,59.9801696220381,21.850808,21.9439577044598,0.469793099735516,0.531677008274098
"5992258","2014-05-27",47.8736949439336,0.647058823529413,0.472119023047815,0.401183923861941,22.2646569470731,21.7229430529269,21.9938,0.874490425405087,67.2448942539903,21.876808,21.9740966771985,0.512119438644509,0.52776549434818
"5992257","2014-05-28",48.6693429024636,0.428571428571426,0.48719838812718,0.442287090274705,22.2816064793203,21.7423201873463,22.0119633333333,0.811590836198684,62.9046546239422,21.898804,21.9922171202387,0.517553965842876,0.525723188647119
"5992256","2014-05-29",49.4081588639557,0.646904761904757,0.574178338001866,0.511165249725619,22.3073875839301,21.7548857494032,22.0311366666667,0.872240091310216,66.4669521587134,21.920872,22.0201481708736,0.549069015031822,0.53039235392406
"5992255","2014-05-30",50.5561169273668,0.60377358490566,0.559749925127281,0.540375550418774,22.3348265489195,21.7825134510805,22.05867,0.973155536275588,68.1992047909162,21.939672,22.0507950814238,0.584845944463619,0.541283072031972
"5992254","2014-06-02",51.9120341833996,0.569230769230772,0.60663637201373,0.580188211714291,22.3699108717118,21.8094291282882,22.08967,1.04178987432935,69.9308801396456,21.963672,22.0840224039006,0.624118003894369,0.557850058404451
"5992253","2014-06-03",53.4511831452715,0.784810126582281,0.652604826906237,0.606330374682415,22.4597050226762,21.8003016439904,22.1300033333333,1.2228706262976,76.7485166977268,21.996152,22.1461527500472,0.737659819282199,0.593812010580001
"5992252","2014-06-04",52.4218402313692,0.468354430379749,0.607465108730934,0.622235435883633,22.4834982875831,21.8286750457502,22.1560866666667,0.867396855564629,61.6863657023222,22.017348,22.1666657167076,0.727860450118722,0.620621698487745
"5992251","2014-06-05",51.7770658361216,0.594936708860759,0.616033755274263,0.625367896970477,22.5223672245103,21.8491394421563,22.1857533333333,0.956873599191817,64.6729137091952,22.048148,22.1977769544799,0.747731266772833,0.646043612144763
"5992250","2014-06-06",51.525836599049,0.755813953488371,0.60636836424296,0.609955742749384,22.6016330456092,21.8306402877242,22.2161366666667,1.06273334463417,69.3102323608334,22.083588,22.2487400272159,0.819140811606611,0.680663052037133
"5992249","2014-06-09",51.3233890171466,0.804597701149424,0.718449454499518,0.646950524672246,22.6778994799388,21.8103738533945,22.2441366666667,1.01010596858421,70.4698298134491,22.119988,22.2995746902538,0.883250326138607,0.721180506857428
"5992248","2014-06-10",50.1800388305702,0.678160919540229,0.746190858059341,0.690336225600605,22.7152301671988,21.8133098328012,22.26427,0.816801816194589,64.6796912775812,22.150788,22.3289647315533,0.883787700466798,0.753701945579302
"5992247","2014-06-11",48.1952537218145,0.512317073170729,0.665025231286794,0.709888514615217,22.7356260115949,21.8249206550717,22.2802733333333,0.701082232969188,58.9901600195106,22.175592,22.3384494340128,0.831221933962167,0.769205943255875
"5992246","2014-06-12",45.9236270549543,0.424999999999999,0.538492664236986,0.649902917861039,22.7425132820787,21.8450333845879,22.2937733333333,0.581220017893603,56.3160415568854,22.195592,22.3386561761445,0.75909782640895,0.76718431988649
"5992245","2014-06-13",45.0268043775467,0.565217391304348,0.500844821491692,0.568120905671823,22.7733978847757,21.8578154485576,22.3156066666667,0.777848638495225,61.3404819441005,22.217192,22.3601686859919,0.751020883031028,0.763951632515398
"5992244","2014-06-16",44.0525194358171,0.536231884057972,0.508816425120773,0.516051303616483,22.7960086099984,21.8805413900015,22.338275,0.734916476129063,60.4052165726514,22.232792,22.3761461945263,0.728920462388571,0.756945398490033
"5992243","2014-06-17",42.2026723249913,0.231154938993817,0.444201404785379,0.48462088379928,22.7998493010276,21.9158340323057,22.3578416666667,0.608020381599008,54.178007805497,22.242392,22.3713267019228,0.653366629752128,0.736229644742452
"5992242","2014-06-18",41.0569755284237,0.3859649122807,0.384450578444163,0.445822802783437,22.8121718698676,21.958514796799,22.3853433333333,0.735836309080963,58.4603539765529,22.259592,22.3844831416664,0.633065968849666,0.715596909563895
"5992241","2014-06-19",40.2570791398926,0.847457627118644,0.488192492797721,0.438948158675753,22.8529557669581,22.0033975663752,22.4281766666667,0.972979170888608,66.9134307397777,22.290392,22.4398853894442,0.727278662236919,0.717933260098499
"5992240","2014-06-20",40.2957673424053,0.57831325301205,0.603911930803798,0.492185000681893,22.8985355125902,22.0464844874097,22.47251,0.997806650225952,66.0363574799127,22.318392,22.485234004185,0.785288880574853,0.73140438419377
"5992239","2014-06-23",40.6082911495346,0.795698924731181,0.740489934953959,0.610864786185158,22.9831809731329,22.0701723602004,22.5266766666667,1.13160046739814,71.302521156889,22.359592,22.559202803627,0.913417759957502,0.767807059346516
"5992238","2014-06-24",40.0930661350792,0.651685393258429,0.67523252366722,0.673211463141658,23.0365652890567,22.09512137761,22.5658433333333,0.939916453472271,66.2005906605593,22.397272,22.6073090964767,0.960382374991364,0.806322122475486
"5992237","2014-06-25",39.6146429073705,0.853932584269664,0.767105634086425,0.727609364235867,23.1021542682851,22.1215323983815,22.6118433333333,0.997803161084553,69.7025541368954,22.443672,22.6730012169465,1.04918260995768,0.854894219971924
"5992236","2014-06-26",37.0065351682911,0.292134831460676,0.59925093632959,0.680529698027744,23.0964538381032,22.1752194952301,22.6358366666667,0.587740975600108,53.2102891833016,22.470472,22.6632677213536,0.930646742398977,0.870044724457335
"5992235","2014-06-27",34.5847208391459,0.51685393258427,0.55430711610487,0.640221228840294,23.1045291772001,22.2174774894665,22.6610033333333,0.682999482718709,57.5381672902335,22.503272,22.6814986918398,0.897525188525172,0.875540817270902
"5992234","2014-06-30",34.0532120582684,0,0.269662921348316,0.474406991260924,23.0989790435044,22.2350276231623,22.6670033333333,0.322131202771636,45.7018527530003,22.514472,22.6279655329278,0.678334268623448,0.836099507541412
"5992233","2014-07-01",32.790783047226,0.733263157894738,0.416705696826336,0.413558578093173,23.1484532565407,22.2286600767926,22.6885566666667,0.879625196571159,58.1282756410533,22.546736,22.6744501285375,0.744203536072963,0.817720313247722
"5992232","2014-07-02",32.0833462632597,0.557894736842103,0.430385964912281,0.372251527695643,23.161470579576,22.2656427537573,22.7135566666667,0.70440311711981,54.8926974371249,22.574736,22.6925234447325,0.72851064972157,0.799878380542492
"5992231","2014-07-03",31.6902518889987,0.452631578947368,0.581263157894737,0.476118273211117,23.1635219910405,22.2902580089595,22.72689,0.537915224582047,52.9861970499509,22.595068,22.6948536521015,0.672721935340337,0.774447091502061
"5992230","2014-07-07",30.7570753670018,0.442105263157893,0.484210526315789,0.498619883040934,23.1703697843233,22.2980768823434,22.7342233333333,0.571585281952445,52.788751024758,22.613068,22.6955398318213,0.61783036201486,0.74312374560462
"5992229","2014-07-08",29.76026240193,0.568421052631578,0.487719298245614,0.517730994152045,23.1846994318651,22.3037472348015,22.7442233333333,0.661692466183917,54.9578086295024,22.633868,22.7121345209118,0.609935477725432,0.716486092028783
"5992228","2014-07-09",28.8346503629347,0.681052631578946,0.563859649122807,0.511929824561402,23.2027816916956,22.3247983083044,22.76379,0.702217190771403,56.8610017829411,22.648948,22.7407832514569,0.634277021366758,0.700044277896378
"5992227","2014-07-10",27.596407175242,0.673684210526317,0.641052631578948,0.564210526315788,23.2132051511316,22.3643681822017,22.7887866666667,0.7056303778648,56.6922354231813,22.673748,22.7646788179293,0.6435353033867,0.688742482994442
"5992226","2014-07-11",26.9770992729328,0.515894736842104,0.623543859649123,0.609485380116958,23.1891257852818,22.4337875480515,22.8114566666667,0.511398866859417,53.0603686012875,22.688552,22.7654016422054,0.59087273065892,0.669168532527338
"5992225","2014-07-14",25.2509016695914,0.611111111111109,0.600230019493177,0.621608836907081,23.1952711910526,22.4653088089473,22.83029,0.659428306882107,54.3197144527555,22.698552,22.774014756578,0.563859717179627,0.648106769457796
"5992224","2014-07-15",23.6070153060609,0.846263736263735,0.657756528072317,0.627176802404871,23.2167869335237,22.4981330664763,22.85746,0.832946560652904,58.7039306390854,22.715356,22.8108261223676,0.613246048907956,0.641134625347828
"5992223","2014-07-16",22.4768699777158,0.736263736263734,0.73121286121286,0.663066469592783,23.1992316422508,22.5720216910825,22.8856266666666,0.70892525661614,56.0683306606844,22.732556,22.8293826393853,0.609801191156722,0.634867938509607
"5992222","2014-07-17",22.6679205613588,0.318681318681318,0.633736263736263,0.674235217673812,23.1832612129636,22.6046587870364,22.89396,0.256954585108607,47.3731471221415,22.739352,22.7947982874672,0.467287808174954,0.601351912442676
"5992221","2014-07-18",22.3072493264155,0.645833333333332,0.566926129426129,0.643958418125083,23.1953438854155,22.6109094479178,22.9031266666667,0.68856976864424,54.0391326995905,22.761752,22.8088251824716,0.465757831900837,0.574233096334308
"5992220","2014-07-21",21.9723403225396,0.865671641791045,0.610062097935232,0.603574830365873,23.2319511756083,22.6019688243917,22.91696,0.906953199305078,58.3438698985034,22.787752,22.854315158142,0.546515295779493,0.568689536223345
"5992219","2014-07-22",21.0286571972656,0.87721518987342,0.796240054999267,0.657742760786875,23.2737444937653,22.5793755062346,22.92656,1.03109130729579,60.1602156601673,22.819072,22.9088064703898,0.642625175045675,0.583476663987811
"5992218","2014-07-23",19.9764419586945,0.80722891566265,0.850038582442372,0.752113578458956,23.3241804123247,22.5602729210086,22.9422266666667,0.959619352680738,59.5906655819022,22.855072,22.9529656076711,0.702228295537344,0.607226990297718
"5992217","2014-07-24",18.6573576827809,0.666666666666667,0.783703590734246,0.809994076058627,23.36352534221,22.54259465779,22.95306,0.942920058376906,58.8086030195951,22.884672,22.9872368599817,0.73025105803699,0.631831803845572
"5992216","2014-07-25",18.9313417081331,0.136458333333333,0.536784638554217,0.723508937243611,23.3591427129294,22.5653772870706,22.96226,0.422403607757699,47.4340428396692,22.880712,22.9490719453174,0.567132138671433,0.618891870810744
"5992215","2014-07-28",19.622045070327,0,0.267708333333334,0.529398854207265,23.3638728589056,22.5499804744277,22.9569266666667,0.204801267855441,44.3318244630134,22.870712,22.8931956859418,0.373235162204,0.569760529089395
"5992214","2014-07-29",19.4339491317202,0.57,0.235486111111112,0.346659694332887,23.3507380790398,22.6281152542935,22.9894266666667,0.740660356566667,54.9162183060924,22.873112,22.9207695944829,0.415550610890714,0.538918545449659
"5992213","2014-07-30",19.6623420469521,0.419999999999998,0.33,0.277731481481481,23.3476734855963,22.6264065144037,22.98704,0.504103889569648,52.1084071940482,22.874312,22.9246669818852,0.39169197394362,0.509473231148451
"5992212","2014-07-31",20.5178337982202,0.149999999999999,0.38,0.315162037037036,23.3546842957884,22.6027290375449,22.9787066666667,0.169253371207715,47.4095692846109,22.857512,22.8920447176338,0.274515128907082,0.462481610700178
"5992211","2014-08-01",21.3122189958264,0.169999999999998,0.246666666666666,0.318888888888887,23.3566188472451,22.5981278194215,22.9773733333333,0.178255917277969,47.7851708914479,22.861512,22.8664387552826,0.186486238784522,0.407282536317047
"5992210","2014-08-04",22.2601724700992,0.0799999999999983,0.133333333333332,0.253333333333331,23.369308543924,22.569771456076,22.96954,0.0878365056373159,46.1865928722261,22.853912,22.832246921245,0.0838992792783211,0.342605884909301
"5992209","2014-08-05",22.5805188780789,0.129999999999999,0.126666666666666,0.168888888888887,23.3747201861666,22.5470264805001,22.9608733333333,0.200928014426969,47.2425270730991,22.869112,22.809280665079,0.0199671733514872,0.278078142597739
"5992208","2014-08-06",23.137897043312,0.0299999999999976,0.0799999999999989,0.113333333333331,23.3823915124258,22.5095684875742,22.94598,0.153408165550217,45.3268741951476,22.852448,22.7760432430684,-0.0654260628481396,0.209377301508563
"5992207","2014-08-07",23.6554624824571,0.209999999999997,0.123333333333332,0.109999999999998,23.3795464154647,22.492080251202,22.9358133333333,0.301892916695708,49.3111834139815,22.849648,22.771237477326,-0.0685646864360345,0.153788903919644
"5992206","2014-08-08",24.5071782628234,0.0700000000000003,0.103333333333332,0.10222222222222,23.3827984876904,22.4768181789763,22.9298083333333,0.246306112333862,46.4743571624441,22.845248,22.7484058136825,-0.119340825319292,0.0991629580718564
"5992205","2014-08-11",24.6738894545757,0.210100000000001,0.163366666666667,0.130011111111109,23.3789785445668,22.4693081220999,22.9241433333333,0.400209279729591,49.5991413632555,22.846852,22.7472983718582,-0.108640015367722,0.0576023633839407
"5992204","2014-08-12",24.8500652476759,0.202999999999999,0.161033333333334,0.142577777777777,23.3600949349389,22.4603850650611,22.91024,0.398219041049572,49.4416141189364,22.843372,22.7453919222771,-0.101508969223929,0.0257800968623667
"5992203","2014-08-13",24.7404431788801,0.519480519480518,0.310860173160173,0.21175339105339,23.3557533135919,22.4597266864081,22.90774,0.56576441467134,53.8238135798132,22.843492,22.7700063326401,-0.0256910519099929,0.0154858671078948
"5992202","2014-08-14",23.7186003332481,0.684210526315791,0.468897015265437,0.313596840586313,23.3755328319927,22.4752805013406,22.9254066666667,0.701343549834212,56.3080886860312,22.848692,22.8073388216215,0.0759286487779454,0.0275744234419049
"5992201","2014-08-15",22.7697462623041,0.671369863013701,0.62502030293667,0.468259163787425,23.3835861438472,22.4748971894861,22.9292416666667,0.676949071401153,56.3101981161249,22.859892,22.8397069787386,0.154566870579154,0.0529729128693547
"5992200","2014-08-18",21.582011736157,0.656716417910448,0.670765602413314,0.588227640205139,23.3702402941412,22.4785763725255,22.9244083333333,0.670757535033433,54.8806276324454,22.866692,22.8610793815735,0.196825022577607,0.0817433348110051
"5992199","2014-08-19",20.395545980768,0.655976676384844,0.661354319102998,0.652380074817659,23.3338584144598,22.4942915855402,22.914075,0.707954460148621,55.1255141978193,22.865088,22.8809354640303,0.231120672388707,0.111618802326546
"5992198","2014-08-20",19.3073463984371,0.710843373493974,0.674512155929756,0.668877359148688,23.320019990939,22.5017966757276,22.9109083333333,0.88998114663138,58.5198510307961,22.873088,22.9168107354929,0.304042290467121,0.150103499954661
"5992197","2014-08-21",18.4869893234043,0.828735632183907,0.731851894020909,0.68923945635122,23.323532883531,22.4996837831357,22.9116083333333,1.00865908954958,61.4576469309412,22.901528,22.9653693040939,0.403055208617586,0.200693841687246
"5992196","2014-08-22",17.4938130783986,0.781609195402298,0.77372940036006,0.72669781677024,23.3680647083331,22.4908752916669,22.92947,0.874411721983877,60.024769447734,22.915128,23.0019867302147,0.461553858799202,0.252865845109637
"5992195","2014-08-25",16.8006519418487,0.586206896551725,0.732183908045977,0.745921734142314,23.3851763550904,22.5147636449095,22.94997,0.703003316242881,54.3649583355173,22.911928,23.0110551661861,0.443091780969818,0.290911032281673
"5992194","2014-08-26",17.0526067078782,0.313253012048191,0.560356368000738,0.688756558802257,23.3650113679233,22.51626196541,22.9406366666667,0.542450692622958,48.3056330004141,22.895808,22.9909144773613,0.350774839158441,0.302883793657027
"5992193","2014-08-27",17.5872564483379,0.216867469879518,0.372109126159812,0.554883134068841,23.3615781508432,22.5140285158234,22.9378033333333,0.494725972597598,46.1934060800052,22.877408,22.9627925470464,0.246648133654404,0.291636661656502
"5992192","2014-08-28",17.5485290907767,0.397417503586803,0.309179328504837,0.413881607555128,23.3764837283921,22.5377896049412,22.9571366666667,0.690212373664433,52.6093166185488,22.869408,22.9690868741069,0.242125147893213,0.281734358903844
"5992191","2014-08-29",17.393903079574,0.670014347202295,0.428099773556205,0.369796076073617,23.40760951033,22.55833048967,22.98297,0.814419635366094,57.1543774896107,22.889368,22.9998752908927,0.301736246558315,0.285734736434738
"5992190","2014-09-02",17.5568368610741,0.538615384615382,0.53534907846816,0.424209393509733,23.4172642789738,22.6063490543596,23.0118066666667,0.752710345602617,55.0621534712761,22.913372,23.0172385854403,0.320671752532808,0.292722139654352
"5992189","2014-09-03",17.6418606915516,0.646153846153845,0.618261192657174,0.527236681560512,23.4350836913597,22.6438629753069,23.0394733333333,0.787142801905834,56.7665221364902,22.917372,23.0416067740483,0.356006593943126,0.305379030512107
"5992188","2014-09-04",16.5071443422696,0.475609756097562,0.55345966228893,0.569023311138087,23.4412816755623,22.704651657771,23.0729666666667,0.826305826346059,55.788553011719,22.926172,23.0587258708418,0.369180847763562,0.318139393962398
"5992187","2014-09-05",15.4534791607934,0.512195121951217,0.544652908067541,0.572124587671214,23.4491943827944,22.7494056172055,23.0993,0.767747463063364,56.5938731785448,22.946972,23.0775624213963,0.385619053798858,0.33163532592969
"5992186","2014-09-08",15.1687248026812,0.662790697674419,0.550198525241066,0.549437031865845,23.4669224024408,22.8063475975592,23.136635,0.969336196863,60.47095409927,22.972972,23.1138874318768,0.445820350708126,0.354472330885377
"5992185","2014-09-09",14.4739232329313,0.395348837209302,0.523444885611647,0.53943210630675,23.4631880031217,22.8544119968782,23.1588,0.693612536397394,52.6982632647353,22.993372,23.1147024409599,0.408453703128542,0.36526860533401
"5992184","2014-09-10",14.7768158618044,0.128023255813953,0.395387596899225,0.489677002583978,23.4367553900571,22.9061846099428,23.17147,0.312648308088314,46.2930164176065,23.002576,23.0847554488319,0.295151395894822,0.351245163446172
"5992183","2014-09-11",16.243324609664,0,0.174457364341085,0.364429948950651,23.4824554020227,22.8341845979772,23.15832,-0.2013324223397,37.8796914531358,23.000176,23.0067880556543,0.0678313291587962,0.294562396588697
"5992182","2014-09-12",17.6050827326765,0.00877192982456277,0.0455983952128388,0.205147785484382,23.5254694787302,22.7468371879365,23.1361533333333,-0.107244273825336,38.1898052077813,22.990976,22.9405496482337,-0.108128603927404,0.214024196485477
"5992181","2014-09-15",18.869572418331,0.0964912280701749,0.0350877192982462,0.0850478262840558,23.5523271270289,22.6792762063044,23.1158016666667,0.00426526518346716,41.3432835750297,22.991376,22.8964763618026,-0.210312756230779,0.129156805942226
"5992180","2014-09-16",20.3001834669557,0.0176315789473678,0.0409649122807021,0.040550342263928,23.5960310057376,22.579915660929,23.0879733333333,-0.0588669989431929,39.3972939873722,22.982576,22.8462928468956,-0.319581720608775,0.0394091006320256
"5992179","2014-09-17",19.2289288937059,0.298245614035087,0.137456140350877,0.0711695906432741,23.5932968501836,22.5631164831497,23.0782066666667,0.320542752270071,48.6580625511574,22.986856,22.8454538006428,-0.289928163615771,-0.0264583522175338
"5992178","2014-09-18",19.9780866847147,0,0.105292397660819,0.094571150097465,23.6247657712547,22.4486475620786,23.0367066666667,-0.0413628168487361,36.6060766214912,22.957656,22.7593932938904,-0.487461591921212,-0.118659000158269
"5992177","2014-09-19",20.6737332049371,0.111111111111111,0.1364522417154,0.126400259909031,23.6224744937662,22.3585388395671,22.9905066666667,0.038077750983323,40.5692212091869,22.930056,22.706140854705,-0.581183989990119,-0.211163998124639
"5992176","2014-09-22",21.6278911424206,0.0138888888888886,0.0416666666666669,0.0944704353476275,23.6342825354435,22.2472741312232,22.9407783333333,0.0115783019492215,38.3122663835425,22.896852,22.6413220740777,-0.697691836916736,-0.308469565883059
"5992175","2014-09-23",22.7666013301523,0,0.0416666666666669,0.0732618583495769,23.6551167053327,22.1321032946673,22.89361,0.0336154002152546,36.4409231149164,22.860852,22.569145797534,-0.823985505208935,-0.411572753748234
"5992174","2014-09-24",24.0425705893051,0,0.00462962962962982,0.0293209876543202,23.6829829808606,22.017763685806,22.8503733333333,0.0565508986155689,34.8068436719656,22.820168,22.4923130245295,-0.952215055929773,-0.519701214184542
"5992173","2014-09-25",25.2273991870898,0.131807419100238,0.0439358063667462,0.0300773675543467,23.6881123287672,21.9436343378994,22.8158733333333,0.171798668141884,40.6195979732955,22.782568,22.4546712879255,-0.96529699607375,-0.608820370562384
"5992172","2014-09-26",27.2587139151421,0,0.0439358063667462,0.0308337474543731,23.7197972440113,21.7772827559887,22.74854,-0.00374913856940812,32.9060175375571,22.718528,22.3513817828688,-1.15388350542902,-0.717832997535711
"5992171","2014-09-29",29.1886462474803,0,0.0439358063667462,0.0439358063667453,23.7092242471513,21.6368557528487,22.67304,0.0497711905169618,32.529463455095,22.654928,22.2578642118196,-1.30061657027024,-0.834389712082617
"5992170","2014-09-30",30.4344971748415,0.0685147159479815,0.0228382386493275,0.0369032837942723,23.6689659161451,21.5397807505216,22.6043733333333,0.142598799944914,35.1942538660551,22.602132,22.1901623169104,-1.36587495697122,-0.940686761060339
"5992169","2014-10-01",31.5913587502484,0.133333333333333,0.0672826830937718,0.0446855760366142,23.6004418504854,21.4673014828479,22.5338716666667,0.182515813957712,37.3221971206024,22.560932,22.1421406746556,-1.37328030458355,-1.02720546976498
"5992168","2014-10-02",32.1449182993028,0.162962962962965,0.121603670748093,0.0705748641637299,23.4997706750499,21.4283059916167,22.4640383333333,0.235756215858121,38.4124749346591,22.524532,22.1058552513682,-1.34936022163815,-1.09163642013961
"5992167","2014-10-03",32.2018572592328,0.198888888888891,0.165061728395063,0.117982694078975,23.3821947930774,21.4151152069226,22.398655,0.286660894173412,39.7802934433592,22.480872,22.0808745511858,-1.29794004470583,-1.13289714505286
"5992166","2014-10-06",32.2547291505963,0.25925925925926,0.207037037037039,0.164567478726731,23.1971826349047,21.4557940317619,22.3264883333333,0.314426831887625,42.1071067148184,22.432872,22.0700912776944,-1.21349954647751,-1.14901762533779
"5992165","2014-10-07",32.2607501223888,0.319739130434784,0.259295759527645,0.210464841653248,23.0256166825225,21.5014633174775,22.26354,0.338703895790212,42.625597939854,22.388376,22.0631057740018,-1.12714241145373,-1.14464258256098
"5992164","2014-10-08",31.0521651450777,0.670588235294117,0.416528874996054,0.294287223853578,22.8871333089228,21.5557400244105,22.2214366666667,0.506431858589765,48.3223369339507,22.349176,22.0840250041349,-0.973488738693018,-1.11041181378739
"5992163","2014-10-09",29.5219069941124,0.982142857142853,0.657490074290585,0.444438236271427,22.8339977525654,21.5722589141012,22.2031283333333,0.606497210492656,51.3441649752772,22.315876,22.1178216702502,-0.799584639771633,-1.04824637898423
"5992162","2014-10-10",28.2451987856378,0.928571428571428,0.860434173669466,0.644817707652034,22.7833022456185,21.5882877543814,22.185795,0.609514711015092,50.332598751782,22.279876,22.1421121142169,-0.667767604539649,-0.972150624095318
"5992161","2014-10-13",26.4978498116303,0.684282556058532,0.864998947257605,0.794307731739218,22.7337333332839,21.6095533333827,22.1716433333333,0.703102112965379,50.332598751782,22.237876,22.1631638323213,-0.55689126510553,-0.88909875229736
"5992160","2014-10-14",25.4392911357718,0.772727272727273,0.795193752452412,0.84020895779316,22.7453472902915,21.6042627097085,22.174805,0.858017574056253,55.7277421283765,22.213076,22.2080753213451,-0.391815785001726,-0.789642158838233
"5992159","2014-10-15",24.6367498108529,0.808608695652172,0.75520617481266,0.805132958174225,22.6799773670819,21.6456259662514,22.1628016666667,0.97417637720238,57.7043856708214,22.200668,22.2576519451658,-0.229533459105846,-0.677620418891756
"5992158","2014-10-16",23.1699047697584,0.488188976377952,0.689841648252466,0.746747191839178,22.6935575410891,21.6407124589109,22.167135,0.803493526327376,48.6345209539467,22.191468,22.259298352477,-0.210872056625622,-0.584270746438529
"5992157","2014-10-17",21.8078343744564,0.74271305239764,0.679836908142589,0.708294910402571,22.7479479456927,21.6152553876406,22.1816016666667,0.954137647216421,56.8584008771874,22.195828,22.3072585721467,-0.0689782953715135,-0.481212256225126
"5992156","2014-10-20",20.3265379977153,0.963302752293576,0.731401593689723,0.700360050028258,22.8569344463042,21.5686022203625,22.2127683333333,1.02307806927731,61.7859227296312,22.206628,22.3836240958605,0.135781628736042,-0.357813479232892
"5992155","2014-10-21",20.1579451619095,0.735714285714285,0.813910030135167,0.741716177322492,22.9890198678243,21.5205201321757,22.25477,1.02336634095061,62.142747978942,22.221824,22.4524742164124,0.30116906602029,-0.226016970182256
"5992154","2014-10-22",20.3059192764435,0.807165001722355,0.835394013243406,0.793568545689431,23.1426290954876,21.4740575711791,22.3083433333333,1.0244346160284,65.445483696125,22.231828,22.5374909875574,0.494050319947803,-0.082003512156244
"5992153","2014-10-23",20.2516795097172,0.760924704688747,0.767934664041796,0.805746235806789,23.2662264056845,21.4421235943155,22.354175,0.941746847625274,64.1736554839497,22.265828,22.6058255225498,0.624618748547179,0.0593209399844405
"5992152","2014-10-24",20.2013140120429,0.853252092203788,0.80711393287163,0.803480870052276,23.3699433716896,21.4827399616437,22.4263416666667,0.917014754465464,66.4499360371782,22.298628,22.6823821195432,0.764925760221313,0.200441904031815
"5992151","2014-10-27",20.1545460499167,0.904388309337011,0.839521702076516,0.80485676632998,23.4592473135154,21.5463360198179,22.5027916666667,0.90054566871855,67.9512308459364,22.340588,22.7605978369374,0.896595160233327,0.339672555272117
"5992150","2014-10-28",18.7850595320219,0.657807009640509,0.805149137060436,0.817261590669527,23.5077200695323,21.624863263801,22.5662916666667,0.790573521931121,59.3150277454504,22.376592,22.7925314586791,0.89492149755992,0.450722343729678
"5992149","2014-10-29",17.5129449042484,0.657716911433463,0.739970743470328,0.794880527535759,23.5384093820199,21.7188439513134,22.6286266666667,0.760890132696326,59.3120087529557,22.416876,22.8201939308552,0.883229758782011,0.537223826740145
"5992148","2014-10-30",17.6860830739726,0.306333903955311,0.540619275009761,0.695246385180174,23.5195163511064,21.8200703155603,22.6697933333333,0.541311501041052,48.8659407260691,22.432876,22.7921680734078,0.727706188247268,0.575320299041569
"5992147","2014-10-31",16.9036644930209,0.59349593495935,0.519182250116042,0.599924089532043,23.5427252035237,21.9156281298096,22.7291766666667,0.768877626951524,57.0182239176651,22.485676,22.8198789969535,0.733909434872926,0.607038126207841
"5992146","2014-11-03",16.2403397525203,0.608000000000001,0.502609946304888,0.52080382381023,23.5538033196827,22.0235500136506,22.7886766666667,0.764437701308376,57.5784926861542,22.540876,22.847895130693,0.740754186135639,0.6337813381934
"5992145","2014-11-04",15.7435651188558,0.769828926905133,0.657108287288162,0.559633494569696,23.572337583657,22.139112416343,22.855725,0.850916016643243,61.7003943237942,22.601272,22.9028424466006,0.817640247640661,0.670553120082852
"5992144","2014-11-05",14.9978304327966,0.613107822410149,0.663645583105095,0.607787938899381,23.5840884134158,22.2307615865842,22.907425,0.763480330789571,59.7960778937082,22.655672,22.9411301203872,0.843852831135328,0.705213062293347
"5992143","2014-11-06",14.1403975242491,0.570824524312895,0.651253757876059,0.657335876089771,23.5918421708628,22.3142578291372,22.95305,0.732430838655192,58.6815287339125,22.706872,22.9689794376689,0.8406826766725,0.732306985169178
"5992142","2014-11-07",14.0236047881308,0.253699788583511,0.479210711768852,0.598036684250001,23.5589008346998,22.4210324986335,22.9899666666667,0.557153654137317,51.0031508268051,22.744132,22.9531155126464,0.724406590413307,0.730726906218004
"5992141","2014-11-10",13.4030298532267,0.591233435270133,0.471919249388847,0.534127906344585,23.5536504672987,22.5186528660347,23.0361516666667,0.777792914349634,57.7504838936417,22.791732,22.9847001109602,0.743107045054003,0.733202933985204
"5992140","2014-11-11",12.4495213514341,0.722222222222222,0.522385148691956,0.491171703283217,23.5911626800532,22.5718073199468,23.081485,0.900758181089407,61.1404655707551,22.846624,23.0387400961655,0.818371955159902,0.750236738220143
"5992139","2014-11-12",12.0386237240566,0.601851851851853,0.63843583644807,0.544246744842957,23.5943004099947,22.6352429233386,23.1147716666667,0.712946915252609,57.8890670622708,22.888224,23.0682414166768,0.822724062997504,0.764734203175616
"5992138","2014-11-13",11.3586935878441,0.638888888888889,0.654320987654322,0.605047324264782,23.554243314951,22.7636300183824,23.1589366666667,0.766919366162826,58.618274976779,22.926724,23.0991425611199,0.830422248856033,0.777871812311699
"5992137","2014-11-14",10.7273298899324,0.657407407407407,0.632716049382717,0.641824291161702,23.5288102472391,22.8514630860942,23.1901366666667,0.691723448155926,59.000561603994,22.967524,23.1285902196372,0.833731184696651,0.78904368678869
"5992136","2014-11-17",10.1410635990145,0.657407407407407,0.651234567901235,0.646090534979424,23.5244950429914,22.8991116236753,23.2118033333333,0.673008530966464,59.000561603994,23.008324,23.1541115236856,0.826681774339466,0.796571304298845
"5992135","2014-11-18",10.5322185718109,0.443148148148148,0.585987654320988,0.623312757201646,23.5204090352976,22.9174376313691,23.2189233333333,0.411786861444095,52.4934486327861,23.031868,23.1453766538608,0.731978280433054,0.783652699525687
"5992134","2014-11-19",11.0338917408415,0.239285714285711,0.446613756613756,0.561278659611992,23.5198839111279,22.9126894222054,23.2162866666667,0.358990815032026,51.4995439023647,23.050712,23.1327931000127,0.63649328357267,0.754220816335084
"5992133","2014-11-20",11.4997311120841,0.358333333333331,0.346922398589064,0.459841269841269,23.5203738036389,22.9146028630278,23.2174883333333,0.444717827996922,53.9944092040904,23.085952,23.1352206866777,0.588920469265286,0.721160746921124
"5992132","2014-11-21",12.3255831521655,0.238095238095237,0.278571428571427,0.357369194591415,23.5189209144992,22.9051657521675,23.2120433333333,0.32466949916776,51.1334452078679,23.103192,23.123857928454,0.510108900887452,0.67895037771439
"5992131","2014-11-24",13.2813886631247,0.178571428571427,0.258333333333333,0.294609053497941,23.5154677532372,22.8850555800961,23.2002616666667,0.235260505569813,49.7286796796235,23.107992,23.1073435379935,0.425296674923858,0.628219637156283
"5992130","2014-11-25",13.2718074144588,0.236190476190476,0.217619047619047,0.251507936507935,23.5154579379392,22.8852853953941,23.2003716666667,0.365478641255464,51.1283189051325,23.113928,23.0994843995943,0.370715018869805,0.576718713498988
"5992129","2014-11-26",13.2629105406977,0.297619047619048,0.237460317460318,0.237804232804232,23.515499868179,22.884910131821,23.200205,0.341093195428858,52.6421479496545,23.114324,23.0995531463151,0.341553616149914,0.529685694029173
"5992128","2014-11-28",12.7289542186755,0.246376811594205,0.260062111801244,0.238380492293536,23.4571067453849,22.9869699212818,23.2220383333333,0.403492633759922,54.692473980411,23.119124,23.1089460601398,0.338983385410807,0.4915452323055
"5992127","2014-12-01",12.2426701936326,0.062318840579709,0.202104899930988,0.233209109730849,23.4572265196279,22.9847134803721,23.22097,0.339856271227571,50.4268448907283,23.113644,23.1001532521211,0.289245430981921,0.451085272040784
"5992126","2014-12-02",11.791120741807,0.305942341635614,0.204879331269843,0.222348781000691,23.4573393553364,22.9850006446636,23.22117,0.449534801768162,53.8739992292533,23.109124,23.1075994851716,0.286007020852863,0.4180696218032
"5992125","2014-12-03",11.3355582827344,0.294175328495782,0.220812170237036,0.209265467145955,23.4402360953487,22.9839039046513,23.21207,0.422417628966228,53.660632135176,23.11512,23.1132528871488,0.278127047471832,0.390081106936927
"5992124","2014-12-04",11.2963205612002,0.371534724206912,0.323884131446103,0.24985854431766,23.4353369581252,22.9810697085414,23.2082033333333,0.452590316192944,52.9084266391619,23.12032,23.1154858355289,0.261873669022572,0.364439619354056
"5992123","2014-12-05",10.7427898945185,0.142897970848815,0.269536007850504,0.271410769844547,23.4322601489705,22.9678131843628,23.2000366666667,0.255903238390728,49.895511683159,23.13792,23.1067543907917,0.218539201107171,0.335259535704679
"5992122","2014-12-08",11.3416298304194,0,0.171477565018576,0.254965901438394,23.4289933548779,22.9777333117887,23.2033633333333,0.318663315635452,47.7995813436058,23.137632,23.0915604720195,0.162336573809996,0.300674943325742
"5992121","2014-12-09",11.8976954851845,0.588296219575346,0.243731396808054,0.228248323225711,23.417182776644,22.979177223356,23.19818,0.549816719984944,55.7505528056574,23.145232,23.1086857424169,0.194931485813088,0.279526251823211
"5992120","2014-12-10",11.5625159357131,0.251683065769032,0.279993095114793,0.231734018980474,23.3549804284799,23.0060462381867,23.1805133333333,0.374341156910343,50.9669555356816,23.138432,23.1061943100947,0.173341715831521,0.258289344624873
"5992119","2014-12-11",11.2512777826326,0.251683065769032,0.363887450371138,0.295870647431328,23.3350457139805,23.0044142860195,23.16973,0.299182228150151,50.9669555356816,23.134432,23.1040350687487,0.154452008457628,0.237521877391424
"5992118","2014-12-12",11.9192114398547,0.251683065769032,0.251683065769033,0.298521203751654,23.2970182677837,23.022078398883,23.1595483333333,0.524678123355215,50.9669555356816,23.132032,23.1021637262489,0.137892831363162,0.217596068185772
"5992117","2014-12-15",11.9456047395009,0.0186431900569677,0.174003107198345,0.263191207779505,23.2721531852627,23.0182768147373,23.145215,0.0593064985324899,47.4467719841936,23.138032,23.0885418960824,0.0922572131172084,0.192528297172059
"5992116","2014-12-16",11.3012819266621,0,0.0901087519420008,0.171931641636459,23.2669255793808,22.9813710872859,23.1241483333333,-0.289627454334587,41.0075138883419,23.122832,23.0514029766047,-0.0102931973273601,0.151963998272175
"5992115","2014-12-17",11.48508242823,0.579964850615115,0.199536013557362,0.154549290899235,23.2719029191558,22.9801537475108,23.1260283333333,0.76497076089064,52.9508568318537,23.112832,23.0632159130574,0.0236364034473358,0.126298479307207
"5992114","2014-12-18",11.655754322543,0.86115992970123,0.480374926772116,0.256673230757159,23.2989382496165,22.9700517503835,23.134495,1.00322831854133,57.4489665304631,23.114432,23.0947871246498,0.105229227788461,0.122084629003458
"5992113","2014-12-19",12.3192424909317,1,0.813708260105449,0.497873066811642,23.3519575740003,22.9406324259997,23.146295,1.1654224798323,60.4991809612553,23.119232,23.1381488413631,0.209227579145033,0.139513219031773
"5992112","2014-12-22",14.047742129461,0.54082714740191,0.800662359034381,0.698248515303981,23.4110307763446,22.9175492236555,23.16429,1.10801327161739,56.842422503763,23.119232,23.1623956625147,0.253697396893737,0.162350054604166
"5992111","2014-12-23",15.6527775080954,0.721102863202544,0.753976670201485,0.789449096447104,23.4889646317955,22.8939453682045,23.191455,1.14739360595123,61.1423124121651,23.126032,23.2060762408461,0.344020798337907,0.198684203350914
"5992110","2014-12-24",18.0413053191479,0.715384615384615,0.65910487532969,0.737914634855185,23.6436358715308,22.8140474618025,23.2288416666667,1.26482706270505,66.4380160554258,23.152088,23.2772660753999,0.496332772382257,0.258213917157183
"5992109","2014-12-26",20.2592240008395,0.723076923076924,0.719854800554695,0.710978782028623,23.7424631932639,22.7852201400695,23.2638416666667,1.06010678953912,66.6338991039893,23.180048,23.3402972653466,0.612860894520484,0.329143312629843
"5992108","2014-12-29",22.3187199195531,0.775615384615386,0.738025641025642,0.705661772303342,23.8297084445282,22.7621382221385,23.2959233333333,0.989313635497735,68.0073248138045,23.20674,23.4040309633004,0.719973790740136,0.407309408251902
"5992107","2014-12-30",22.1649371602184,0.506153846153847,0.668282051282053,0.708720830954129,23.8607592266721,22.7747574399946,23.3177583333333,0.743316051509536,55.4096773099977,23.22346,23.4125601681937,0.67609099310304,0.461065725222129
"5992106","2014-12-31",21.68757514303,0.453846153846154,0.578538461538463,0.661615384615385,23.8823859432314,22.7867307234352,23.3345583333333,0.681421122638352,53.3439527503874,23.23946,23.4108854791012,0.610841408643537,0.491020861906411
"5992105","2015-01-02",21.2443104127837,0.523076923076923,0.494358974358975,0.580393162393163,23.8970154343124,22.8034345656876,23.350225,0.627814050163262,55.6980680904492,23.257124,23.4214340818877,0.583408378091455,0.50949836514342
"5992104","2015-01-05",21.3366415666151,0.517846153846155,0.498256410256411,0.523717948717949,23.9142467473256,22.8206499193411,23.3674483333333,0.649675818191306,55.4703321116439,23.272452,23.429669537636,0.552930746639335,0.518184841442603
"5992103","2015-01-06",21.6420276116649,0.607692307692309,0.549538461538463,0.514051282051282,23.9368837535715,22.8523462464285,23.394615,0.717037214895472,58.6014221189078,23.289652,23.4523802659512,0.562458205232552,0.527039514200593
"5992102","2015-01-07",22.9919515885258,0.628865979381443,0.584801480306636,0.544198784033836,23.9932280166402,22.8691819833598,23.431205,0.875543635078189,62.2705255262423,23.317932,23.4920628971577,0.614362570779892,0.544504125516452
"5992101","2015-01-08",24.2454524241824,0.691358024691358,0.642638770588371,0.592326237477823,24.058351093965,22.8743922393684,23.4663716666667,0.885960766197698,64.7386102489028,23.346092,23.5411211775367,0.685081603957638,0.57261962120469
"5992100","2015-01-09",25.6982546714879,0.579196217494088,0.63314007385563,0.620193441583545,24.1102640283133,22.9016793050201,23.5059716666667,0.849743788625929,62.729906229375,23.372492,23.5769716871985,0.715476114100877,0.601190919783927
"5992099","2015-01-12",27.3543478182485,0.663807189542483,0.64478714390931,0.640188662784437,24.1785325209305,22.9310508124028,23.5547916666667,0.920801093176931,66.3301238794963,23.406092,23.6293754622387,0.784953281048151,0.637943392036772
"5992098","2015-01-13",28.8921485973834,0.733985765124555,0.658996390720376,0.645641202828438,24.2491975756015,22.9574190910651,23.6033083333333,0.912886837579397,68.1914373739184,23.446492,23.6867920672735,0.860381182240366,0.682430950077491
"5992097","2015-01-14",29.9059095585093,0.659340659340661,0.685711204669233,0.663164913099639,24.2819120153556,23.0317046513111,23.6568083333333,0.857160750161844,65.5882958564277,23.48678,23.7285531249704,0.889109345729344,0.723766629207862
"5992096","2015-01-15",31.3217078792072,0.910009099181073,0.767778507882097,0.704162034423902,24.3440776125438,23.1229790541228,23.7335283333333,1.07287622568151,72.9921777864187,23.533984,23.8180927083077,1.03524424611914,0.786062152590117
"5992095","2015-01-16",32.7895436144511,0.857632933104631,0.808994230542122,0.754161314364484,24.4325829871339,23.1596736795327,23.7961283333333,1.01787271572573,72.9879508997152,23.586384,23.8956803472,1.13696409924702,0.856242541921497
"5992094","2015-01-20",34.4445504118506,0.883663746734287,0.883768593006664,0.820180443810294,24.5454949702066,23.1768083631267,23.8611516666667,1.04016383018266,75.2986379453839,23.644784,23.9829229675733,1.25279984703195,0.935554002943587
"5992093","2015-01-21",36.1206803940184,0.897810218978102,0.879702299605674,0.85748837438482,24.6633249965059,23.1846450034941,23.923985,1.00902268930656,76.4554362878337,23.706384,24.0691999052302,1.35482867451346,1.01940893725756
"5992092","2015-01-22",38.4641384566458,0.833036509349955,0.871503491687449,0.878324794766595,24.8682137848627,23.141322881804,24.0047683333333,1.12264018228496,80.7114183662132,23.785584,24.1906399178662,1.53371921947816,1.12227099370168
"5992091","2015-01-23",40.6775986705115,0.939271255060728,0.890039327796262,0.880415039696461,25.0802545202653,23.0953154797347,24.087785,1.07896740229002,82.8143037164601,23.881184,24.3252212621507,1.72671446205235,1.24315968737181
"5992090","2015-01-26",42.9502839071698,0.845263157894736,0.872523640768474,0.878022153417395,25.2778525990525,23.0417840676142,24.1598183333333,1.0116934702939,82.8691575867266,23.963824,24.4426584271973,1.85811271120278,1.36615029213801
"5992089","2015-01-27",45.0606344840667,0.88,0.888178137651822,0.883580368738852,25.4575961734838,23.0180404931828,24.2378183333333,0.959994283273833,83.6556948862636,24.043424,24.555637303571,1.96545795323768,1.48601182435794
"5992088","2015-01-28",47.0960907598348,0.814489947029674,0.846584368308137,0.869095382242811,25.6089335607681,23.0197297725652,24.3143316666667,0.899441328145833,81.2639549293871,24.116224,24.6468856630948,2.00946790669549,1.59070304082545
"5992087","2015-01-29",49.0709743685073,0.879781420765028,0.858090455931568,0.864284320630509,25.7553384713922,23.0644581952744,24.4098983333333,0.902632183087346,83.1334793189434,24.200224,24.7499675746822,2.07786447766214,1.68813532819279
"5992086","2015-01-30",50.9047948622745,0.868263473053893,0.854178280282866,0.852951034840857,25.8602777201626,23.1509189465041,24.5055983333333,0.847585934043122,83.1334793189434,24.277424,24.8393052313912,2.10643273699211,1.77179480995266
"5992085","2015-02-02",49.7687990670422,0.609756097560975,0.785933663793299,0.832734133335911,25.8855214592632,23.2910085407368,24.588265,0.713939321469486,65.4582917155643,24.327824,24.8607312005391,1.96945793801708,1.81132743556554
"5992084","2015-02-03",49.1454512409554,0.811036585365854,0.763018718660241,0.801043554245468,25.9328578799464,23.4327554533869,24.6828066666667,0.795651886957762,70.7263016538044,24.391028,24.9233137071339,1.94514369968177,1.83809068838879
"5992083","2015-02-04",48.5660543876122,0.749999999999999,0.72359756097561,0.757516647809716,25.9494629545142,23.5862937121525,24.7678783333333,0.73847424462786,70.7227827995977,24.451496,24.9775385461827,1.90331881472516,1.85113631365606
"5992082","2015-02-05",48.6747525379037,0.653225806451614,0.738087463939156,0.741567914525002,25.971532609711,23.7138907236223,24.8427116666667,0.724698317505172,66.450273407498,24.521176,25.0085334066917,1.81020648447763,1.84295034782038
"5992081","2015-02-06",48.5988053676359,0.577981651376146,0.660402485942587,0.707362503619117,25.9622048080558,23.8508851919442,24.906545,0.638991272453789,65.3867715038608,24.592376,25.0313956191328,1.7068957706821,1.81573943239272
"5992080","2015-02-09",46.8044257966661,0.21782178217822,0.48300974666866,0.627166565516801,25.9143657313422,24.0031909353245,24.9587783333333,0.507615734589182,54.9657351916994,24.646776,25.0072095365817,1.50133358514115,1.75285826294241
"5992079","2015-02-10",43.4919253022566,0,0.265267811184789,0.469560014598678,25.8746055366636,24.0833111300031,24.9789583333333,0.223314605261354,44.5410154947448,24.683448,24.9262482650375,1.17946990765061,1.63818059188405
"5992078","2015-02-11",41.306082045028,0.0733870967741943,0.097069626317472,0.28178239472364,25.8286794218422,24.1809705781578,25.004825,0.287083135867898,46.7408019800372,24.719088,24.8682151630325,0.942772991243568,1.49909907175595
"5992077","2015-02-12",39.2763704490301,0.20241935483871,0.0919354838709688,0.151424307124409,25.7642093870891,24.3035072795775,25.0338583333333,0.26048618569509,50.4614228579305,24.755128,24.8392531412948,0.797881198359307,1.35885549707662
"5992076","2015-02-13",36.5773194775419,0.00806451612903351,0.0946236559139799,0.0945429220341397,25.7547990606075,24.3219442727258,25.0383716666667,0.140550921356975,45.3252168971058,24.777128,24.7820193891222,0.597712063992373,1.20662681045977
"5992075","2015-02-17",34.0710578611601,0.201612903225806,0.137365591397851,0.107974910394266,25.7360985882848,24.3621114117152,25.049105,0.224084033341204,50.7061161226928,24.810728,24.7644168039059,0.511317064979555,1.06756486136373
"5992074","2015-02-18",31.7029780680699,0.161290322580647,0.123655913978496,0.118548387096775,25.7322146982046,24.3712486351287,25.0517316666667,0.207023064362472,49.6106815853467,24.835928,24.7424945633851,0.421677695662703,0.938387428223524
"5992073","2015-02-19",29.8480812507643,0.0813008130081312,0.148068012938195,0.136363172771513,25.7434672301597,24.3456627698403,25.044565,0.134260956250035,47.4048927696314,24.853528,24.7101619549338,0.314339099860783,0.813577762550976
"5992072","2015-02-20",27.8220921954258,0.203252032520325,0.148614389369702,0.140112772095464,25.7419153652969,24.3052146347031,25.023565,0.246944515125484,50.9293064267354,24.879528,24.7021403609426,0.275104138720184,0.705883037784818
"5992071","2015-02-23",26.6228358805482,0.325203252032522,0.203252032520327,0.166644811609407,25.7193464183534,24.2887502483133,25.0040483333333,0.389988754365075,54.2321409199798,24.895524,24.7151883128169,0.289691212275023,0.622644672682859
"5992070","2015-02-24",24.9565215018596,0.0894308943089455,0.205962059620598,0.185942827170208,25.692571872044,24.2421247946227,24.9673483333333,0.226051133116996,47.5662937681343,24.899924,24.687829871108,0.204111138770191,0.538937965900325
"5992069","2015-02-25",23.2030336242249,0.0813008130081312,0.165311653116533,0.191508581752485,25.6486368700794,24.2083931299206,24.928515,0.260331076579718,47.3501678704361,24.897924,24.6627858882936,0.131459807438139,0.457442334207888
"5992068","2015-02-26",21.574794880707,0.154761904761908,0.108497870692995,0.159923861143375,25.5987634906911,24.1804098426423,24.8895866666667,0.274677727866872,48.1118635771217,24.893924,24.6450811031878,0.0827228645378097,0.382498440273872
"5992067","2015-02-27",20.4068823559584,0.0609756097560984,0.0990127758420463,0.124274099883858,25.5087750942655,24.1763982390678,24.8425866666667,0.282904264506757,46.1927030225358,24.872724,24.6190702894294,0.0176472411913098,0.30952820045736
"5992066","2015-03-02",19.6747788269896,0.482758620689656,0.232832045069221,0.14678089720142,25.4136562417344,24.2007837582656,24.80722,0.44457785058512,52.107613071191,24.851924,24.6271942508388,0.0410044581851787,0.255823452002924
"5992065","2015-03-03",19.0721754828143,0,0.181244743481918,0.171029854797728,25.3851266665947,24.1493133334053,24.76722,0.156997820558654,42.6647894379822,24.813684,24.5769016840603,-0.0806536679298198,0.188528028016375
"5992064","2015-03-04",18.5126152346515,0.0113043478260863,0.164687656171914,0.192921481574351,25.2802476721775,24.1451823278225,24.712715,0.164470124801694,42.8670439524356,24.772396,24.5343547928523,-0.172720948462446,0.116278232720611
"5992063","2015-03-05",17.8700843688951,0.0289855072463761,0.0134299516908213,0.119787450448217,25.1757089337749,24.1515777328918,24.6636433333333,0.193746921231494,43.204518102701,24.733596,24.4991074871386,-0.239066286588618,0.045209328858765
"5992062","2015-03-06",19.1740388459715,0,0.0134299516908213,0.0638491865178518,25.1356917499549,24.0332615833784,24.5844766666667,-0.241824765680785,31.0587716791842,24.657596,24.3685598221868,-0.533698937158245,-0.0705723243446369
"5992061","2015-03-09",20.3848537175424,0.0845070422535217,0.0378308498332997,0.0215635844049802,25.0956389959209,23.9306476707458,24.5131433333333,-0.135034771515381,34.2439617258157,24.586396,24.2714185125619,-0.720529176072926,-0.200563694690295
"5992060","2015-03-10",20.8883065986146,0.273802816901408,0.11943661971831,0.0568991404141432,25.0474122366055,23.8817944300611,24.4646033333333,0.103583612565199,40.8377325028141,24.542748,24.2230693775537,-0.770915467219258,-0.314634049196087
"5992059","2015-03-11",21.2327151457549,0.492887323943661,0.283732394366197,0.146999954639269,25.0437812494395,23.8590820838939,24.4514316666667,0.304565012451883,47.4105592973139,24.49834,24.2226467938798,-0.699201236966174,-0.391547486750105
"5992058","2015-03-12",21.1871171843048,0.554225352112675,0.440305164319248,0.281158059467918,25.0219925898042,23.8461707435291,24.4340816666667,0.391920985250229,49.1150686838903,24.45742,24.2338938880292,-0.606335123309143,-0.434505014061912
"5992057","2015-03-13",21.1447762201012,0.58731343283582,0.544808702964052,0.422948753883166,24.9939855684918,23.8364777648416,24.4152316666667,0.406495950761317,49.1150686838903,24.4213,24.2436413696253,-0.526658801340907,-0.452935771517711
"5992056","2015-03-16",21.5101614807238,0.481492537313432,0.541010440753976,0.508708102679092,24.983703254059,23.810946745941,24.397325,0.302068887792836,46.2827172675604,24.380708,24.2331825203419,-0.50491299466785,-0.463331216147739
"5992055","2015-03-17",20.6831127338963,0.41865671641791,0.495820895522388,0.527213346413472,24.952221512977,23.7954718203564,24.3738466666667,0.350085688857655,44.6366611899251,24.349948,24.2128915176297,-0.509889922808182,-0.472642957479828
"5992054","2015-03-18",19.5370860550701,0.611940298507463,0.504029850746269,0.513620395674211,24.9310690065652,23.7986576601014,24.3648633333333,0.595786747756211,50.4717938335944,24.347548,24.2298393152791,-0.422663851333349,-0.462647136250532
"5992053","2015-03-19",18.4729184247315,0.671641791044778,0.567412935323384,0.522421227197347,24.9303462736358,23.7987137263642,24.36453,0.643276779249224,52.1494027607423,24.344708,24.2551940732418,-0.323191158033098,-0.434755940607045
"5992052","2015-03-20",17.6545218727739,1,0.761194029850747,0.610878938640133,24.9530295665901,23.7890304334099,24.37103,0.859940130586948,59.0568258610418,24.350268,24.3265015301429,-0.120159869245118,-0.37183672633466
"5992051","2015-03-23",16.468395960563,0.872180451127818,0.847940747390866,0.725515904188332,24.9312989300216,23.7997610699784,24.36553,0.827993149652557,56.4479551652749,24.361068,24.3736346594572,0.00389086008425465,-0.296691209050877
"5992050","2015-03-24",15.6260029710816,0.789473684210526,0.887218045112782,0.832117607451464,24.9387485072485,23.7979781594182,24.3683633333333,0.726428863464606,53.8844703166625,24.357868,24.3998167048629,0.0649178358312019,-0.224369400074461
"5992049","2015-03-25",14.9915370325756,0.759398496240602,0.807017543859649,0.847392112121098,24.9343695880293,23.7986904119706,24.36653,0.658615804942229,52.9429223706162,24.355068,24.4171744775479,0.098872747530665,-0.159720970553436
"5992048","2015-03-26",15.338875977133,0.504132231404958,0.684334803952029,0.792856797641486,24.9143600792688,23.7936999207312,24.35403,0.469633969994614,46.7808141484204,24.345068,24.3948845472082,0.0328638547041127,-0.121204005501926
"5992047","2015-03-27",16.8387185910578,0,0.421176909215187,0.637509752342287,24.9048317421744,23.7403082578256,24.32257,0.15785433095886,38.5236701138556,24.309916,24.3117266075804,-0.176171972313288,-0.132197598864199
"5992046","2015-03-30",17.719305752287,0.132461994809048,0.212198075404669,0.439236596190627,24.8483602404344,23.7287197595656,24.28854,0.29534502019595,41.8240816946057,24.27448,24.2587097265697,-0.291553196189576,-0.164068718329274
"5992045","2015-03-31",18.5369938305714,0.239896180941788,0.124119391916945,0.252498125512266,24.841345743288,23.7124009233787,24.2768733333333,0.352186457309109,44.4298605009479,24.25528,24.2282150963604,-0.340720084161261,-0.199398991495671
"5992044","2015-04-01",19.203434693058,0.47256210604375,0.281640093931529,0.205985853751047,24.8384050783176,23.7105549216824,24.27448,0.508440837591769,49.6859039159283,24.24652,24.2352530835123,-0.29275450887023,-0.218070094970583
"5992043","2015-04-02",19.0106438005226,0.647756766777899,0.453405017921146,0.286388167923206,24.8500170523114,23.7109429476886,24.28048,0.666380746635241,53.2700487486254,24.24412,24.2665526723774,-0.189663847870636,-0.212388845550594
"5992042","2015-04-06",17.9248932312997,0.61067853170189,0.57699913484118,0.437348082231284,24.8448064056084,23.7914869277249,24.3181466666667,0.691635432147262,52.4189748530605,24.24332,24.2883456493937,-0.119939293557203,-0.193898935151916
"5992041","2015-04-07",17.6100370746439,0.406748238783834,0.555061179087875,0.528488443950066,24.807325496582,23.8733011700846,24.3403133333333,0.367619436497619,47.8873652212213,24.22452,24.2778995628079,-0.136219601342746,-0.182363068390082
"5992040","2015-04-08",16.5886277293733,0.39747868001483,0.471635150166852,0.534565154698635,24.7959928314425,23.9120471685575,24.35402,0.412490850307638,47.6855690415888,24.22252,24.2675129544335,-0.150723484782422,-0.17603515166855
"5992039","2015-04-09",16.7606650057683,0.0266963292547278,0.276974416017798,0.434556915090841,24.8150181997058,23.8646984669608,24.3398583333333,0.075730511769912,40.3593366362247,24.204208,24.2051778938424,-0.292091837981245,-0.199246488931089
"5992038","2015-04-10",17.0440768241054,0,0.14139166975652,0.296667078647055,24.8384636570326,23.7952196763007,24.3168416666667,0.0493144377692587,39.5415461289285,24.183408,24.1444875079967,-0.416432784945941,-0.242683748134059
"5992037","2015-04-13",17.3072449411327,0.15151515151515,0.0594038269232931,0.159256637565869,24.8459626685865,23.7503539980801,24.2981583333333,0.16701158011888,43.2562324901314,24.198608,24.1118891735972,-0.459808427646635,-0.286108684036575
"5992036","2015-04-14",16.1917782283158,0.326315789473683,0.159276980329612,0.120024159003141,24.8461395578805,23.7529904421195,24.299565,0.402820516309239,46.9971468813763,24.215408,24.1049706171175,-0.435675480085274,-0.316022043246314
"5992035","2015-04-15",15.1245460444856,0.315789473684212,0.264540138224349,0.161073648492417,24.8459916831757,23.7464283168242,24.29621,0.351871504952819,46.7895250870043,24.221056,24.0976412015019,-0.415123728339151,-0.335842380264882
"5992034","2015-04-16",14.0872841268764,0.273684210526318,0.305263157894738,0.243026758816232,24.8281144464782,23.7233055535218,24.27571,0.307770675977865,45.9157339166819,24.21266,24.0859557079683,-0.407552985002635,-0.350184501212432
"5992033","2015-04-17",13.3576033945159,0.201052631578946,0.263508771929826,0.277770689349637,24.8028876725846,23.6930656607487,24.2479766666667,0.25133249861379,44.3762217667987,24.19802,24.0666282802392,-0.419874526287412,-0.364122506227428
"5992032","2015-04-20",12.627107114853,0.284210526315789,0.252982456140352,0.273918128654971,24.7128779308485,23.7070087358181,24.2099433333333,0.320443850062901,46.5844891624795,24.18654,24.0604111762073,-0.398586696554104,-0.371015344292763
"5992031","2015-04-21",12.5489174034487,0.357894736842105,0.281052631578947,0.265847953216374,24.6230115624216,23.740875104245,24.1819433333333,0.494018310185747,48.5341797988131,24.183532,24.064356352713,-0.354158407977279,-0.367643957029666
"5992030","2015-04-22",12.4763126714304,0.366315789473683,0.336140350877193,0.290058479532163,24.5478586901506,23.7648946431827,24.1563766666667,0.447579542774327,48.7643489991626,24.184212,24.0688421723513,-0.312658730675386,-0.35664691175881
"5992029","2015-04-23",12.0834656269759,0.284210526315789,0.336140350877193,0.317777777777777,24.4817643150292,23.7826556849708,24.13221,0.401479307070065,46.5771393110114,24.171412,24.0623298827044,-0.302436067565748,-0.345804742920198
"5992028","2015-04-24",11.9009132167079,0.380281690140844,0.343602668643439,0.338627790132608,24.4594803629195,23.7809396370805,24.12021,0.44074047663054,46.5771393110114,24.155412,24.0566858983438,-0.290988880724985,-0.334841570481155
"5992027","2015-04-27",11.7314002643161,0.211267605633801,0.291919940696812,0.323887653405814,24.455499380789,23.7965072858777,24.1260033333333,0.369492617593687,43.1258477790544,24.119812,24.0357944452313,-0.318531351233409,-0.331579526631606
"5992026","2015-04-28",11.5739953799524,0.267605633802818,0.286384976525821,0.307302528622023,24.4561022528751,23.7892977471248,24.1227,0.30599011321753,44.5994700692689,24.090212,24.0230218525338,-0.323249089269784,-0.329913439159242
"5992025","2015-04-29",11.7636124365205,0.281690140845069,0.253521126760563,0.277275347994398,24.4545390475704,23.7825276190962,24.1185333333333,0.363295975672268,44.983257555692,24.065412,24.0132856055293,-0.319963531883638,-0.327923457704121
"5992024","2015-04-30",11.1649231886767,0,0.183098591549296,0.241001564945226,24.4419993468789,23.7530006531211,24.0975,0.160134817688115,40.4559946362325,24.036212,23.9848475247921,-0.363639740575838,-0.335066714278464
"5992023","2015-05-01",10.6089974585361,0.0757575757575768,0.119149238867549,0.185256319059135,24.3816758239459,23.7513241760541,24.0665,0.156540915338216,42.532211561672,24.020212,23.9668678548198,-0.37716310229079,-0.343485991880929
"5992022","2015-05-04",10.6080425813999,0.0545454545454501,0.0434343434343427,0.115227391283728,24.2821294916112,23.7862005083888,24.034165,0.17562896010889,41.9028175840751,24.022564,23.9486188075105,-0.390169031565968,-0.352822599817937
"5992021","2015-05-05",9.96958390466495,0,0.0434343434343427,0.0686726419120773,24.2751594699423,23.7451705300577,24.010165,-0.0160453601029399,38.245821117286,24.0144,23.9168029665091,-0.435985299107944,-0.369455139675938
"5992020","2015-05-06",9.67411494498124,0,0.0181818181818171,0.0350168350168333,24.2587982702483,23.6985317297517,23.978665,-0.092572122973945,35.212140460167,23.9972,23.8745625709745,-0.503797421058139,-0.396323595952378
"5992019","2015-05-07",9.00867208950515,0.0133333333333307,0.00444444444444396,0.0220202020202004,24.2742745771305,23.6575887562028,23.9659316666667,0.0395845712173067,35.7113834226233,23.97036,23.8392875615113,-0.548047973704524,-0.426668471502808
"5992018","2015-05-08",9.79988123244014,0.37333333333333,0.128888888888887,0.0505050505050486,24.2757645875942,23.6688654124058,23.972315,0.50332564850285,47.4792489062972,23.94676,23.8447158866431,-0.486186220237572,-0.438572021249761
"5992017","2015-05-11",10.5345754365941,0.402777777777777,0.263148148148146,0.132160493827158,24.2772373424319,23.6713926575681,23.974315,0.498379672726059,47.8599255061762,23.92516,23.850753768424,-0.428826602977106,-0.43662293759523
"5992016","2015-05-12",9.80156952039697,0,0.258703703703703,0.216913580246911,24.2637744096617,23.6305222570049,23.9471483333333,0.0307582736408401,39.0258632911086,23.90076,23.8173199326342,-0.476076531802927,-0.444513656436769
"5992015","2015-05-13",9.49750788110561,0.208333333333332,0.203703703703703,0.24185185185185,24.2419683528864,23.6170316471136,23.9295,0.261362499664835,44.7105750959995,23.88276,23.8083439416163,-0.457511093951835,-0.447113143939782
"5992014","2015-05-14",9.64507351646645,0.125,0.111111111111111,0.191172839506172,24.2280628588952,23.6022704744381,23.9151666666667,0.278680592094205,42.984272025835,23.87836,23.7925647494008,-0.457888174615784,-0.449268150074983
"5992013","2015-05-15",9.97504503601767,0.689655172413793,0.340996168582375,0.218603661132396,24.2307155492756,23.6024177840577,23.9165666666667,0.632792662893542,53.0670416405768,23.88836,23.820222782814,-0.349073902990416,-0.429229300658069
"5992012","2015-05-18",10.8643396953712,0.5,0.438218390804598,0.296775223499361,24.2254274157276,23.6027692509391,23.9140983333333,0.60578570563789,49.7079148937732,23.88796,23.8295264117721,-0.296697968548432,-0.402723034236142
"5992011","2015-05-19",11.4672272676925,0.43773054628491,0.542461906232901,0.440558821873291,24.1911562829796,23.6149637170204,23.90306,0.591705452520105,48.4820719084567,23.879528,23.8321495568692,-0.26593642272208,-0.375365711933329
"5992010","2015-05-20",12.0270514419908,0.684700509397503,0.540810351894138,0.507163549643878,24.1790069355094,23.6202330644906,23.89962,0.762920907639225,52.8016921693146,23.87712,23.8531696159533,-0.191766133377291,-0.338645796222122
"5992009","2015-05-21",11.5166947734666,0.351308624626734,0.491246560103049,0.524839606076695,24.1607731281631,23.6224668718369,23.89162,0.521759608393345,47.0647731272877,23.86872,23.8460803338262,-0.194949774526476,-0.309906591882993
"5992008","2015-05-22",11.0427921526941,0.765852801686283,0.600620645236841,0.544225852411342,24.1538000959063,23.6255065707604,23.8896533333333,0.785851190948502,53.7881129386084,23.87252,23.8714029559827,-0.116322350284503,-0.271189743563295
"5992007","2015-05-26",11.3592433290906,0.193219743544704,0.436793723285908,0.509553642875265,24.1357435337989,23.6165631328677,23.8761533333333,0.295536709122849,45.2402829424021,23.86012,23.8498825618517,-0.162363805033472,-0.24942455585733
"5992006","2015-05-27",11.2031318138962,0.24591603723871,0.401662860823233,0.479692409781993,24.1223808341602,23.6125924991731,23.8674866666667,0.406850228991893,46.0893316822479,23.84612,23.8352315536048,-0.18659830205614,-0.236859305097092
"5992005","2015-05-28",10.7290697773266,0.786053047602317,0.408396276128577,0.415617620079238,24.1261715011061,23.6108851655605,23.8685283333333,0.847324689829361,53.9677986616277,23.8441,23.8635340131241,-0.100609571824695,-0.209609358442613
"5992004","2015-05-29",12.0754450509501,0,0.34398969494701,0.384682943966272,24.1325737139944,23.5831562860056,23.857865,0.121784234085909,42.4950521675735,23.8241,23.8177294780409,-0.20855693516636,-0.209398873787362
"5992003","2015-06-01",12.724577282501,0.585245649160633,0.457099565587651,0.403161845554412,24.1400721040031,23.5853245626636,23.8626983333333,0.651363146433417,50.6362233784421,23.8193,23.8286988809688,-0.16360606815734,-0.200240312661358
"5992002","2015-06-02",13.6887950945202,0.389188356691823,0.324811335284152,0.37530019860627,24.1377641181437,23.5810825485229,23.8594233333333,0.407265955708805,48.1756369185846,23.814208,23.8212323635063,-0.169144164496871,-0.19402108302846
"5992001","2015-06-03",14.913315996039,0.20021561681811,0.391549874223523,0.391153591698441,24.1372097107841,23.5833369558825,23.8602733333333,0.307524985254779,45.862324810291,23.802608,23.7984013817055,-0.212683016799065,-0.197753469782581
"5992000","2015-06-04",16.182190882587,0.12320961034961,0.237537861286515,0.317966356931396,24.1386528465167,23.5805604868166,23.8596066666666,0.0945593423731291,44.9158340909536,23.788608,23.7719478641447,-0.261211168950959,-0.210445009616257
"5991999","2015-06-05",17.9645064591072,0,0.107808409055907,0.245632048188648,24.1767577842108,23.5165888824558,23.8466733333333,-0.141260136420465,40.4237155232895,23.770608,23.7156881489254,-0.380399223936767,-0.244435852480359
"5991998","2015-06-08",18.6350257482442,0.427193946051506,0.183467852133706,0.176271374158709,24.1629224676252,23.5053241990414,23.8341233333333,0.331523279039989,48.2299726976743,23.764608,23.7135963957354,-0.351875310911465,-0.26592374416658
"5991997","2015-06-09",20.2146114717319,0,0.142397982017169,0.144558081068927,24.1836000689672,23.4239799310328,23.80379,-0.0754499012123826,41.1040773623087,23.742208,23.6544502096373,-0.470417452963001,-0.306822485925864
"5991996","2015-06-10",21.5439729262883,0.118333333333332,0.181842426461613,0.169236086870829,24.1998110708803,23.387062262453,23.7934366666666,0.0687433439471276,43.1934850191246,23.728584,23.616443515019,-0.524710491764535,-0.350400087093598
"5991995","2015-06-11",23.0201736498842,0,0.0394444444444446,0.121228284307742,24.2220083823359,23.3218282843308,23.7719183333333,0.0312956437624645,41.2982118027556,23.714584,23.5675843796832,-0.601874274387881,-0.400694924552455
"5991994","2015-06-12",24.9128405094798,0,0.0394444444444446,0.0869104384501668,24.2719206712373,23.2059159954293,23.7389183333333,-0.0837232057120427,37.0463656423752,23.688584,23.4865731290587,-0.75425956285784,-0.471407852213532
"5991993","2015-06-15",26.6703168791043,0.110344827586205,0.036781609195402,0.038556832694763,24.2703959758969,23.1244406907697,23.6974183333333,0.0397566203687028,39.8079198888713,23.656584,23.4323633785176,-0.824892777594843,-0.542104837289794
"5991992","2015-06-16",28.3022592223271,0.112275862068965,0.0742068965517238,0.0501443167305228,24.2622113221229,23.0481020112104,23.6551566666666,0.0713538075561139,39.857640443689,23.624268,23.3856615947152,-0.870486358294431,-0.607781141490722
"5991991","2015-06-17",29.589968356059,0.104999999999999,0.109206896551723,0.073398467432949,24.2440917744042,22.9848582255958,23.614475,0.1250033730596,39.711289594673,23.603204,23.3440267154199,-0.899556317436678,-0.666136176679913
"5991990","2015-06-18",29.3833334953559,0.314814814814815,0.17736355896126,0.120259117354902,24.1857729005559,22.9768570994441,23.581315,0.336232046529152,45.3408192997458,23.585204,23.3381564866972,-0.834750630429959,-0.699859067429922
"5991989","2015-06-19",29.4064160654566,0.259740259740258,0.226518358185025,0.171029604566002,24.1488467119763,22.9524499546903,23.5506483333333,0.282138883488286,43.7863241425181,23.566404,23.3224022884709,-0.801849135130339,-0.720257080970006
"5991988","2015-06-22",28.5895984890285,0.37962037962038,0.318058484725152,0.240646800623811,24.0759924802958,22.9642375197042,23.520115,0.418943469384625,46.7362280601616,23.540004,23.3247486500081,-0.725903103404157,-0.721386285456836
"5991987","2015-06-23",28.5048106109008,0.17283950617284,0.270733381844493,0.271770074918222,24.0498480025268,22.9373819974732,23.493615,0.272024494368474,41.9902176121497,23.508404,23.2947821633404,-0.740293879912146,-0.725167804347898
"5991986","2015-06-24",28.4260790097821,0.203086419753087,0.251848768515436,0.28021354502836,24.0099348130286,22.9199285203047,23.4649316666667,0.299452228127011,42.6306809175039,23.479416,23.272077874895,-0.734867865491495,-0.727107816576617
"5991985","2015-06-25",28.3529710944577,0.308641975308642,0.228189300411524,0.25025715025715,23.9067519216891,22.9433614116442,23.4250566666667,0.318291061784998,44.9162847438316,23.448224,23.263800824909,-0.6929909071137,-0.720284434684034
"5991984","2015-06-26",29.9680169115034,0,0.170576131687244,0.216871400204734,23.9722086661909,22.7680313338091,23.37012,-0.179955223079244,32.0155098880165,23.392504,23.1495607149211,-0.928552345178713,-0.76193801678297
"5991983","2015-06-29",30.7656511358596,0.260182876142975,0.189608283817206,0.196124571971991,23.9009798299084,22.7259268367582,23.3134533333333,0.0743851529119215,39.3302312134876,23.339864,23.0922859529317,-0.995704718427237,-0.808691357111823
"5991982","2015-06-30",31.8482390651254,0.0922693266832924,0.117484067608756,0.159222827704401,23.8618770267709,22.6511163065624,23.2564966666667,0.0144953167140064,36.5937845800697,23.292184,23.0157144925408,-1.10746621352761,-0.86844632839498
"5991981","2015-07-01",32.9641162025167,0.0357439733998332,0.129398725408701,0.145497025611554,23.8256604538758,22.5702995461241,23.19798,0.0103825020587332,35.6934756671711,23.240584,22.9402858935353,-1.20684770514746,-0.936126603745477
"5991980","2015-07-02",33.246283260845,0.429010806317541,0.185674702133556,0.144185831717004,23.7667850194471,22.5613816472195,23.1640833333333,0.326876763296537,45.7025200452023,23.195608,22.937994441064,-1.10678421941353,-0.970258126879087
"5991979","2015-07-06",33.5082955292927,0.509559434746467,0.324771404821281,0.213281610787845,23.737492637841,22.5503406954923,23.1439166666667,0.395618528474549,47.5047616126411,23.175608,22.9489285155888,-0.982051817512186,-0.972616865005707
"5991978","2015-07-07",32.9614200217258,0.420033250207813,0.452867830423941,0.321104645792925,23.6408487878594,22.5754712121406,23.10816,0.406174109275255,45.6895517785847,23.1361,22.9440447135103,-0.910565469849456,-0.960206585974456
"5991977","2015-07-08",32.547413319072,0.389027431421447,0.439540038791909,0.405726424679043,23.6104761478348,22.5662505188318,23.0883633333333,0.387351931677547,45.0475464301653,23.100192,22.9348387517089,-0.857168448205314,-0.939598958420628
"5991976","2015-07-09",32.1629785237506,0.426433915211972,0.411831532280411,0.43474646716542,23.562546877312,22.563553122688,23.06305,0.373489365926134,46.0327821380763,23.070992,22.932860251481,-0.789929225386865,-0.909665011813875
"5991975","2015-07-10",31.5625952122038,0.501246882793019,0.438902743142146,0.430091438071488,23.52828510049,22.5641482328433,23.0462166666666,0.465893500770719,48.0392986548864,23.047392,22.9431455512836,-0.696939328692181,-0.867119875189537
"5991974","2015-07-13",31.4390152442202,0.407008086253369,0.444896294752787,0.431876856725114,23.5204722359759,22.554627764024,23.03755,0.402451513258395,45.0340063003592,23.027792,22.9320594777791,-0.668294754988685,-0.827354851149366
"5991973","2015-07-14",32.0791862064121,0.132040627885504,0.346765198977298,0.41018807895741,23.5124442254224,22.5183224412442,23.0153833333333,0.209576159318047,39.5300769998984,22.981792,22.8811182140752,-0.746280669171251,-0.811140014753743
"5991972","2015-07-15",32.222587118483,0.561430119176599,0.366826277771825,0.386162590500636,23.5030228103737,22.5149505229596,23.0089866666667,0.497786936548568,47.8393177922425,22.968,22.8869957855319,-0.668270092783119,-0.782566030359618
"5991971","2015-07-16",32.2035709968315,0.873896595208073,0.522455780756726,0.412015752501949,23.5021092659259,22.514970734074,23.00854,0.626419270757508,51.2034592300697,22.957224,22.9153963474609,-0.53863666292604,-0.733780156872903
"5991970","2015-07-17",32.6611120983169,0.613333333333335,0.682886682572669,0.524056247033739,23.4507315966386,22.5253484033614,22.98804,0.484107484582071,47.6091282283375,22.943624,22.9146768344662,-0.497069785090642,-0.686438082516451
"5991969","2015-07-20",33.2497257286664,0.520000000000001,0.669076642847137,0.62480636872551,23.4123462309169,22.5290671024164,22.9707066666667,0.469009419049908,46.3190746043606,22.938824,22.904719923204,-0.483214562093848,-0.64579337843193
"5991968","2015-07-21",33.7962955282766,0.586666666666668,0.573333333333335,0.641765552917713,23.334931104673,22.5586822286603,22.9468066666666,0.50669029417476,47.4151361357836,22.931224,22.9027572667768,-0.44945892359326,-0.606526487464196
"5991967","2015-07-22",33.6006857810929,0.692307692307693,0.599658119658121,0.614022698612864,23.3068466354953,22.569346697838,22.9380966666666,0.673157076784325,49.8415581772029,22.92794,22.9157229645399,-0.379590189610146,-0.561139227893386
"5991966","2015-07-23",33.5381727156903,0.621212121212121,0.633395493395495,0.602128982128983,23.2725876859574,22.5833056473759,22.9279466666666,0.667401238111669,48.956908019587,22.923404,22.9216265692679,-0.334441848160494,-0.515799751946808
"5991965","2015-07-24",34.1273573261453,0.259090909090908,0.524203574203574,0.585752395752396,23.2203196906702,22.5943069759964,22.9073133333333,0.388213133120721,43.9386887535132,22.900244,22.8948763600322,-0.37846647417985,-0.488333096393416
"5991964","2015-07-27",34.6744573215679,0.320909090909091,0.400404040404041,0.519334369334369,23.1912996273685,22.6539803726315,22.92264,0.379450935803476,44.9755913960753,22.881916,22.8771328453612,-0.394518807232169,-0.469570238561167
"5991963","2015-07-28",35.1824787458888,0.560606060606062,0.380202020202021,0.434936544936544,23.1945158600511,22.6657641399488,22.93014,0.562776785533541,48.9206300343192,22.865116,22.8828484659797,-0.347472539830385,-0.445150698815011
"5991962","2015-07-29",35.7402001375692,0.515151515151515,0.465555555555556,0.415387205387205,23.1787468250556,22.7073331749444,22.94304,0.465267587543425,48.2146789401481,22.856716,22.8838020038491,-0.317106749676199,-0.419541908987248
"5991961","2015-07-30",36.346795328743,0.469696969696968,0.515151515151515,0.453636363636363,23.1295519945164,22.7871946721502,22.9583733333333,0.300286633682169,47.4768609267387,22.846136,22.8806284033359,-0.300159525553867,-0.395665432300572
"5991960","2015-07-31",35.2820150203331,0.393939393939391,0.459595959595958,0.480101010101009,23.1288749716046,22.7859983617287,22.9574366666667,0.439424272750768,46.207696966057,22.830136,22.8712112828911,-0.300902274904624,-0.376712800821382
"5991959","2015-08-03",33.8830886747268,0.332096474953614,0.398577612863325,0.457775029203599,23.1288749716046,22.7859983617287,22.9574366666667,0.682466028685913,48.8578555218289,22.849856,22.8750497785056,-0.266678550060595,-0.354705950669225
"5991958","2015-08-04",32.2044874960395,0.46751863684771,0.397851501913572,0.418675024790951,23.2081527971638,22.7385672028362,22.97336,1.2523796959159,55.6548018619207,22.867456,22.9130431413715,-0.146247633561714,-0.313014287247723
"5991957","2015-08-05",30.7334941171638,0.0308839190628327,0.276833010288053,0.357754041688316,23.2069315361259,22.7360484638741,22.97149,0.418967852286174,45.4065728355484,22.876736,22.8913040558553,-0.193022791997011,-0.28901598819758
"5991956","2015-08-06",32.1337490135185,0,0.166134185303515,0.280272899168379,23.4556634388996,22.379983227767,22.9178233333333,-0.480300640549778,26.3889714607277,22.829136,22.673796848408,-0.749717795909211,-0.381156349739906
"5991955","2015-08-07",33.4339857029907,0.549999999999999,0.193627973020944,0.212198389537503,23.4510709681793,22.3419090318207,22.89649,0.220668981528084,47.4051096829154,22.815412,22.6612906019536,-0.715411455793935,-0.448007370950712
"5991954","2015-08-10",34.9326114633716,0.440708333333332,0.330236111111111,0.229999423145189,23.4577282284112,22.2870984382555,22.8724133333333,0.149237242391804,44.6755714067615,22.78732,22.6154785216931,-0.772935809954589,-0.512993058751488
"5991953","2015-08-11",36.2503273041514,0.439583333333333,0.476763888888889,0.333542657673647,23.4681786245033,22.2506480421633,22.8594133333333,0.177423571643024,44.6470738786385,22.763428,22.5754147188007,-0.810443771898506,-0.572483201380891
"5991952","2015-08-12",37.4739205848754,0.599999999999999,0.493430555555556,0.433476851851851,23.452671619233,22.2354750474337,22.8440733333333,0.381635114104584,49.5853511451195,22.756428,22.5920260896273,-0.694630311982192,-0.596912623501151
"5991951","2015-08-13",37.5011638550876,0.704166666666666,0.58125,0.517148148148147,23.4324093188436,22.2387373478231,22.8355733333333,0.607031079812312,52.5459022963871,22.757628,22.6397559443436,-0.507785111692238,-0.579087121139369
"5991950","2015-08-14",37.0909839110739,0.712499999999999,0.672222222222222,0.582300925925925,23.4369844324867,22.2385989008466,22.8377916666666,0.650125588621821,52.7847783007448,22.756028,22.6837884850978,-0.348734453538346,-0.533016587619164
"5991949","2015-08-17",36.7101025344898,0.712499999999999,0.709722222222222,0.654398148148147,23.4396827647112,22.2389005686221,22.8392916666666,0.61162862599334,52.7847783007448,22.760428,22.7219500204181,-0.220293039687047,-0.470471878032741
"5991948","2015-08-18",35.6741199423792,0.794833333333333,0.739944444444444,0.707296296296295,23.4657187048937,22.2344246284396,22.8500716666666,0.757881800461316,55.3596338248105,22.785132,22.7813700176957,-0.0480611312575707,-0.385989728677707
"5991947","2015-08-19",34.712136106848,0.794833333333333,0.767388888888889,0.739018518518517,23.4794810953337,22.2308422379996,22.8551616666666,0.750223138178192,55.3596338248105,22.794828,22.8328673486696,0.0871013506762885,-0.291371512806908
"5991946","2015-08-20",34.6412989249702,0.633333333333334,0.741,0.749444444444443,23.464330788123,22.2276258785436,22.8459783333333,0.511068390872652,49.2496485578864,22.782028,22.825818368847,0.056530349502304,-0.221791140345066
"5991945","2015-08-21",34.5755215417979,0.633333333333334,0.687166666666667,0.731851851851851,23.462129088168,22.2240942451653,22.8431116666666,0.449022705602073,49.2496485578864,22.776828,22.8197092530007,0.0319283186495767,-0.171047248546137
"5991944","2015-08-24",36.6013451851744,0,0.422222222222223,0.616796296296296,23.6421493864059,21.9022872802607,22.7722183333333,-0.265703401797137,31.0169316768255,22.703228,22.5770813526006,-0.613523212469724,-0.259542441330855
"5991943","2015-08-25",38.4824671397382,0.346004797933198,0.326446043755511,0.478611644214799,23.662620018657,21.7754833146763,22.7190516666666,0.0659818046361179,40.9384675744218,22.657628,22.4668038389205,-0.85126764895056,-0.377887482854796
"5991942","2015-08-26",40.4327701972047,0.212216276065695,0.186073691332965,0.311580652436899,23.7124836114514,21.5902830552153,22.6513833333333,-0.00800256844969134,38.6251864850807,22.596028,22.3325633270645,-1.13293604718114,-0.528897195720065
"5991941","2015-08-27",40.6616063817616,0.447499538660269,0.335240204219721,0.282586646436065,23.6934388113952,21.5296611886047,22.61155,0.26050373143321,44.5583933984808,22.556428,22.2842215501225,-1.15974974645776,-0.655067705867604
"5991940","2015-08-28",40.6862737593924,0.470012917512456,0.376576244079474,0.299296713210719,23.6611650494432,21.4831882838901,22.5721766666666,0.305793765408127,45.1052387670451,22.52834,22.2488320101062,-1.15037573905439,-0.754129312504961
"5991939","2015-08-31",40.7430836047911,0.456726333271821,0.458079596481515,0.389965348260236,23.6148436938791,21.4328429727875,22.5238433333333,0.284367623964585,44.8242434715204,22.497468,22.2143210754254,-1.14049042585431,-0.831401535174832
"5991938","2015-09-01",41.1312702961727,0.322937811404318,0.416559020729532,0.417071620430173,23.5180140103805,21.3750026562861,22.4465083333333,0.188969605600482,41.9877312136017,22.448668,22.1457449320353,-1.2244589049627,-0.910013009132405
"5991937","2015-09-02",41.278069827771,0.442886141354494,0.407516762010211,0.427385126407085,23.4643779731851,21.3329720268149,22.398675,0.302004712404975,45.3281107278271,22.411468,22.1209789410973,-1.18302863151553,-0.964616133609029
"5991936","2015-09-03",41.4895105934921,0.415205757519837,0.393676570092883,0.405917450944208,23.4613909335879,21.3426257330787,22.4020083333333,0.277224803758401,44.6886182017911,22.373068,22.0915150822843,-1.1588989238922,-1.00347269166566
"5991935","2015-09-04",41.922491869931,0.327505074737037,0.395198991203789,0.398797441102294,23.4532761845137,21.2660671488196,22.3596716666666,0.216653359043651,42.6362178634089,22.329064,22.0406330713131,-1.19579178692178,-1.04193651071689
"5991934","2015-09-08",41.8502662569779,0.301347112013286,0.34801931475672,0.378964958684463,23.4480474451917,21.1999958881416,22.3240216666666,0.244124344095806,42.0163922264717,22.279192,21.9889753284713,-1.23208120878852,-1.07996545033121
"5991933","2015-09-09",41.4464438752868,0.282317979197623,0.303723388649316,0.348980564869941,23.4382188829545,21.1358244503788,22.2870216666667,0.256620763118717,41.0728302239273,22.215592,21.9331119513418,-1.27719966809022,-1.11941229388302
"5991932","2015-09-10",41.0714659494309,0.376404494382023,0.320023195197644,0.323921966201226,23.4002872900672,21.0707560432662,22.2355216666667,0.257237999085332,42.7373333331429,22.172392,21.8980303578296,-1.26202563704154,-1.14793496251472
"5991931","2015-09-11",39.2498216455726,0.531914893617021,0.396879122398889,0.340208568748616,23.3057700025725,21.0566066640941,22.1811883333333,0.364606691094004,44.0977531878256,22.191992,21.8782929767856,-1.20679042447782,-1.15970605490734
"5991930","2015-09-14",37.5582947919899,0.34736842105263,0.418562603017225,0.378488306871252,23.1874286275473,21.0635113724526,22.12547,0.395411807529785,44.80385098876,22.160392,21.8665205798809,-1.13525340372453,-1.15481552467078
"5991929","2015-09-15",35.9875912850917,0.52621052631579,0.468497946995147,0.427979890803753,23.0656238346222,21.0881428320445,22.0768833333333,0.461929680621362,47.8187196506589,22.14608,21.8789711692301,-1.00429637792728,-1.12471169532208
"5991928","2015-09-16",34.3465007546677,0.571428571428572,0.481669172932331,0.456243240981567,22.8756436586153,21.1693630080514,22.0225033333333,0.533697074773532,49.397239064639,22.13548,21.9017750133328,-0.857386632844914,-1.07124668282665
"5991927","2015-09-17",31.8944460604377,0.57471264367816,0.557450580474174,0.502539233467217,22.6534544479611,21.2941255520389,21.97379,0.66150861943122,49.7605429329095,22.11028,21.9242050115551,-0.725229628885105,-1.00204327203834
"5991926","2015-09-18",29.702387283931,0.966666666666669,0.704269293924467,0.581129682443657,22.5437854496517,21.3628278836816,21.9533066666667,0.920585250178149,56.047440587377,22.08988,21.992977676681,-0.479088167970343,-0.897452251224739
"5991925","2015-09-21",28.0187011386631,0.75217391304348,0.764517741129437,0.675412538509359,22.4207217040478,21.4416916292855,21.9312066666667,0.915506473008151,52.6349709030977,22.06156,22.0288473197902,-0.345557301692512,-0.787073261318294
"5991924","2015-09-22",26.5765503586116,0.706521739130435,0.808454106280195,0.759080380444699,22.4345778233811,21.5142688432856,21.9744233333333,0.858477432183457,51.833045965646,22.03156,22.0543343438182,-0.252269184689835,-0.680112445992602
"5991923","2015-09-23",25.1421600577163,0.688172043010754,0.715622565061556,0.762864804157061,22.4754413210226,21.5140720123107,21.9947566666667,0.824443475752214,51.6313449139946,21.993256,22.0750897646424,-0.179956831925232,-0.580081323179128
"5991922","2015-09-24",23.7344444384637,0.720854377104377,0.705182719748522,0.743086463696756,22.4957929611341,21.5707437055326,22.0332683333333,0.835403761606478,52.5285569494349,21.956756,22.0990911293568,-0.105004868293268,-0.485066032201956
"5991921","2015-09-25",22.6175057861456,0.662878787878788,0.690635069331306,0.70381345138046,22.5195334797637,21.5673365202363,22.043435,0.765944628506645,51.2771046120383,21.933556,22.1125456454426,-0.0649910561326572,-0.401051036988096
"5991920","2015-09-28",22.2313326722364,0.452441077441078,0.612058080808081,0.669291956629302,22.5180849755316,21.5671983578017,22.0426416666666,0.595375899687389,46.9085853065565,21.902356,22.0975395593835,-0.105033133920607,-0.341847456374599
"5991919","2015-09-29",22.2288475061315,0.246942615239885,0.454087493519917,0.585593547886434,22.5144706497184,21.5594793502816,22.036975,0.398454572248802,44.4610636317546,21.937556,22.0685342847991,-0.178592505829367,-0.309196466265552
"5991918","2015-09-30",21.5963333363886,0.12980269989616,0.276395464192374,0.44751367950679,22.5104772846365,21.5822760486968,22.0463766666666,0.415560695642361,43.8451490950784,21.941556,22.0393963801592,-0.2451582093144,-0.296388814875322
"5991917","2015-10-01",21.1076354574476,0.04107338444688,0.139272899860975,0.289918619191088,22.5118711540508,21.5662155126158,22.0390433333333,0.27894349256342,43.2006598565147,21.955956,22.0101435294713,-0.305505691479924,-0.298212190196242
"5991916","2015-10-02",19.8140360050642,0.0428326670474032,0.0712362504634811,0.162301538172276,22.5121151730908,21.5686314935758,22.0403733333333,0.411208497664338,44.085777689955,21.951156,21.9887910588751,-0.338538023294632,-0.30627735681592
"5991915","2015-10-05",18.6128365135654,0.414049114791547,0.16598505542861,0.125498068584354,22.5116429256554,21.6074437410112,22.0595433333333,0.570548614822214,51.1855293994094,21.954804,22.0049522510251,-0.266289261944064,-0.298279737841549
"5991914","2015-10-06",17.4974369857451,0.471159337521415,0.309347039786789,0.182189448559626,22.5098458519719,21.6493608146948,22.0796033333333,0.581810448313489,52.1913004463138,21.961204,22.0242919508884,-0.192174415460444,-0.277058673365328
"5991913","2015-10-07",17.2447715078327,0.772272986864651,0.552493813059205,0.342608636091534,22.5260423929141,21.6965876070859,22.111315,0.80090247746393,57.1986641944846,21.98764,22.0691730241033,-0.0556798654257618,-0.232782911777415
"5991912","2015-10-08",17.8301498178016,0.647765259378481,0.630399194588182,0.497413349144724,22.5350700712765,21.7643632620567,22.1497166666666,0.874093835966697,56.6622779763558,22.002968,22.1057099542229,0.045313964309468,-0.177163536560038
"5991911","2015-10-09",18.3737153913441,0.841896743840534,0.753978330027889,0.645623779225091,22.5736176254727,21.7881490411939,22.1808833333333,0.906275531642949,60.2210676529431,22.026968,22.1582819603265,0.180231242080642,-0.105684580831902
"5991910","2015-10-12",19.9013938695316,0.302780071566197,0.597480691595071,0.660619405403713,22.588278831623,21.8234845017103,22.2058816666666,0.758132579717059,50.2932725050915,22.044572,22.1571776989496,0.157786491567902,-0.0529903663519415
"5991909","2015-10-13",21.3199524564201,0.571795577575925,0.572157464327552,0.641205495316836,22.6201045813551,21.8407120853116,22.2304083333333,0.83580641503305,56.7287967826017,22.076172,22.1953140057563,0.243819374636178,0.00637158184568249
"5991908","2015-10-14",22.6371854299593,0.587209835764749,0.487261828302291,0.552299994741637,22.6492620817996,21.8522212515336,22.2507416666666,0.796001147044479,57.0717555336237,22.111772,22.2306054716555,0.31430409661295,0.0679580847991359
"5991907","2015-10-15",23.8603303339601,0.587209835764749,0.582071749701808,0.547163680777216,22.6717587951566,21.8563912048433,22.264075,0.740290394574962,57.0717555336237,22.143372,22.2611914087681,0.365796982130218,0.127525864265352
"5991906","2015-10-16",25.8450818119283,0.945040829433894,0.706486833654465,0.59194013721952,22.7598418303206,21.8083081696794,22.284075,1.09475037343255,64.62113858038,22.187372,22.3396992209323,0.541157970930217,0.210252285598325
"5991905","2015-10-19",28.3060803788318,0.720279720279721,0.750843461826122,0.679800681727464,22.8814968559239,21.7511864774094,22.3163416666666,1.09009602967923,64.62113858038,22.229772,22.407739324808,0.671658706297862,0.302533569738233
"5991904","2015-10-20",30.5912933338136,1,0.888440183237872,0.781923492906152,23.0598808941701,21.6673691058298,22.363625,1.13652962037505,70.741594082835,22.2813760000001,22.520040748167,0.907337552439835,0.423494366278553
"5991903","2015-10-21",32.7409575485764,1,0.906759906759907,0.8486811839413,23.2109934064208,21.6124899269125,22.4117416666667,1.03628806212988,70.9982447917752,22.3301360000001,22.6199019817447,1.08683533323777,0.556162559670396
"5991902","2015-10-22",33.7556544384593,0.792000000000002,0.930666666666667,0.908622252221481,23.3204235095977,21.5873731570689,22.4538983333333,0.922819990350625,65.4950127451359,22.3713360000001,22.6839150508454,1.15455863172462,0.675841774081241
"5991901","2015-10-23",34.6409912085114,0.776859504132232,0.856286501377411,0.897904358267995,23.4158548816198,21.5799384517135,22.4978966666666,0.869699108091384,65.173101180631,22.397336,22.7380597107327,1.19040010293425,0.778753439851844
"5991900","2015-10-26",35.507687269049,0.786885245901638,0.785248250011291,0.857400472685122,23.5010186609146,21.6011080057521,22.5510633333333,0.839807207027918,65.5379260509986,22.431256,22.7876517493017,1.21148355347724,0.865299462576924
"5991899","2015-10-27",35.5851572753215,0.688524590163933,0.750756446732601,0.797430399373767,23.5450641896785,21.6735958103215,22.60933,0.765034311455348,61.3830862190351,22.462056,22.8146315160614,1.17195223452056,0.926630016965651
"5991898","2015-10-28",35.3057543065659,0.639344262295082,0.704918032786884,0.746974243176925,23.5606544498457,21.7595388834876,22.6600966666666,0.67946470104651,59.3568633025225,22.490856,22.8300139805866,1.10656114890779,0.962616243354079
"5991897","2015-10-29",35.7252185310779,0.770491803278688,0.699453551912568,0.71837601047735,23.5685891658144,21.8859375008522,22.7272633333333,0.765099431622434,62.8760780534423,22.524252,22.864678783175,1.09844888614381,0.989782771912025
"5991896","2015-10-30",36.151408187696,0.870522227017694,0.760119430863821,0.721497005187757,23.5896636869884,21.9976929796783,22.7936783333333,0.808562000802574,66.0425677396772,22.566252,22.9160549454184,1.13502878461162,1.01883197445194
"5991895","2015-11-02",36.5471557259842,0.87912087912088,0.840044969805754,0.76653931752738,23.610460219877,22.0918964467896,22.8511783333333,0.777996227410155,66.2364051539557,22.616652,22.9619142860293,1.1538294135012,1.0458314622618
"5991894","2015-11-03",37.1830614130309,0.893617021276598,0.881086709138391,0.827083703269321,23.6249572607633,22.1957327392366,22.910345,0.795956532344899,67.04670596392,22.673452,23.0069923812254,1.16893710048698,1.07045258990683
"5991893","2015-11-04",38.7922165282113,0.613207547169811,0.795315149189096,0.838815609377746,23.7086573618337,22.2396093048329,22.9741333333333,0.950995003312543,70.817822668659,22.739452,23.0727267303953,1.23623303921769,1.103608679769
"5991892","2015-11-05",38.9680234371289,0.389905660377359,0.632243409607922,0.769548422645136,23.7329834869589,22.3096998463744,23.0213416666666,0.753539296766703,61.8034265360657,22.797184,23.0981364996759,1.19267336662359,1.12142161713992
"5991891","2015-11-06",37.9042892075712,0.0714285714285717,0.358180592991914,0.595246383929643,23.7213164589262,22.380366874407,23.0508416666666,0.529201943000262,53.6261616431096,22.843184,23.0850516330525,1.05400259481503,1.10793781267494
"5991890","2015-11-09",35.5705951390179,0,0.153778077268644,0.381400693289492,23.6820059010602,22.4716807656064,23.0768433333333,0.373166312502937,44.88223824823,22.864384,23.0257114153122,0.80885030699418,1.04812031153879
"5991889","2015-11-10",33.0752571344457,0,0.0238095238095241,0.17858939802336,23.6624601928648,22.5072464738019,23.0848533333333,0.125593089085855,42.2059734163722,22.878784,22.9569498932705,0.562200796272716,0.950936408485575
"5991888","2015-11-11",30.7581575587714,0.257142857142857,0.0857142857142858,0.0877672955974838,23.6234689128554,22.5845710871446,23.10402,0.274742044685811,50.9316628748097,22.899148,22.9453565741678,0.487529843735501,0.85825509553556
"5991887","2015-11-12",29.8573294249099,0,0.0857142857142858,0.0650793650793645,23.599416875996,22.6219564573373,23.1106866666666,-0.0292831540362913,42.6488993039399,22.90302,22.8779756976121,0.273679806145122,0.741340037657473
"5991886","2015-11-13",29.0208461577528,0.0836054421768693,0.113582766439909,0.0950037792894928,23.6296753571807,22.5629879761526,23.0963316666666,-8.24760414274339e-05,45.3828132846432,22.905536,22.8359656045971,0.145619627490778,0.622195955624134
"5991885","2015-11-16",28.7694421355709,0,0.0278684807256233,0.075721844293272,23.6739109303451,22.4640990696549,23.069005,-0.0225647231126521,41.7597933287559,22.913744,22.7718635239842,-0.0292838579131427,0.491899992916679
"5991884","2015-11-17",27.1576697345554,0.163879598662207,0.0824950136130256,0.0746487535928519,23.6588169999101,22.4278596667565,23.0433383333333,0.25086734657082,47.316315627764,22.920416,22.7502817207863,-0.0768703581860541,0.378145922696132
"5991883","2015-11-18",25.6289518206624,0.264471314638539,0.142783637766916,0.0843823773685208,23.6342709840128,22.4099323493205,23.0221016666666,0.354750152481562,50.4418024021568,22.932672,22.7524308246815,-0.0584154030878969,0.290833657539326
"5991882","2015-11-19",24.2094280434759,0.325572420890146,0.251307778063631,0.158862143147857,23.6171393547725,22.3973806452274,23.00726,0.403729593609182,52.2931739698881,22.948728,22.7669600480573,-0.00997772227084859,0.230671381577291
"5991881","2015-11-20",23.6844758216987,0.150373038332904,0.246805591287197,0.213632335705914,23.6001229742067,22.3730336924599,22.9865783333333,0.317797827216738,46.8846702355539,22.938288,22.7432320416496,-0.0674536825020389,0.171046368761425
"5991880","2015-11-23",22.0127651329439,0.382557242089014,0.286167567104022,0.261426978818282,23.5925744801719,22.3735821864947,22.9830783333333,0.617792650600116,53.7165832148236,22.942288,22.770801102763,0.0148907792882458,0.139815250866789
"5991879","2015-11-24",20.7144249734136,0.391208096141683,0.308046125521201,0.280339761304139,23.5802490534992,22.3637076131674,22.9719783333333,0.427133596060809,51.7316044129115,22.926288,22.7813609557279,0.0441384702704051,0.120679894747513
"5991878","2015-11-25",19.3875760025661,0.511896369404301,0.428553902545,0.340922531723407,23.5804353794798,22.3638646205202,22.97215,0.512014645723681,53.3306721949433,22.912972,22.8019928282976,0.0966690331287934,0.115877722423769
"5991877","2015-11-27",18.4896861269192,0.718011984490662,0.540372150012215,0.425657392692804,23.5812164737341,22.3637501929325,22.9724833333333,0.67044962143022,57.4542305589757,22.915772,22.8510604511912,0.218376438830314,0.136377465705078
"5991876","2015-11-30",17.324994617797,0.546586059743953,0.592164804546305,0.520363619034506,23.5532419096603,22.3675680903397,22.960405,0.569941945231512,53.1313254025305,22.910972,22.8669190576991,0.241261421051853,0.157354256774433
"5991875","2015-12-01",16.2434953593264,0.546586059743953,0.603728034659523,0.578754996406014,23.523567620294,22.3714890463726,22.9475283333333,0.559259557648314,53.1313254025305,22.905372,22.8806631833392,0.256406989261948,0.177164803271936
"5991874","2015-12-02",15.4644830418085,0.617709815078237,0.570293978188715,0.588728939131513,23.4918189606174,22.3822377060493,22.9370283333333,0.667905684448989,54.7120834244154,22.907772,22.9032414255606,0.293186880329599,0.200369218683468
"5991873","2015-12-03",14.6834179272409,0.42923186344239,0.53117591275486,0.568399308534365,23.3522926313136,22.4472973686863,22.899795,0.49138669524374,49.9082733910846,22.904092,22.8945425688192,0.244791830706248,0.209253741088024
"5991872","2015-12-04",13.6682309460513,0.449235419630155,0.498725699383594,0.533398530109055,23.273007978613,22.4818920213869,22.87745,0.573124552060433,50.4059684470169,22.894912,22.8900035596433,0.211925484521891,0.209788089774798
"5991871","2015-12-07",13.0925028940917,0.180695847362515,0.353054376811687,0.460985329650046,23.2509367852279,22.4839632147721,22.86745,0.529401273875211,47.8894417466682,22.874912,22.8713364183575,0.145234330572452,0.196877337934329
"5991870","2015-12-08",12.5201418093016,0.326711560044893,0.318880942345855,0.390220339513711,23.2562165062316,22.4843568271016,22.8702866666666,0.642227924282503,50.9917737010389,22.859716,22.8725048959099,0.136696459839802,0.184841162315423
"5991869","2015-12-09",11.7535246202493,0.405162738496072,0.304190048634494,0.325375122597344,23.2696190641278,22.5103876025388,22.8900033333333,0.706344627770636,52.6237279773768,22.845716,22.8828375764552,0.152821174380646,0.178437164728468
"5991868","2015-12-10",11.1523147720978,0.373176206509543,0.368350168350169,0.330473719776838,23.2813380123176,22.5138353210157,22.8975866666666,0.661667185543751,51.8653793101974,22.822576,22.8879925662612,0.153765862352384,0.173502904253251
"5991867","2015-12-11",11.2343441490548,0,0.259446315001872,0.310662177328844,23.2690438034774,22.5450395298559,22.9070416666666,0.327890058286515,47.4354733862977,22.802044,22.8695935574264,0.0929574402348976,0.157393811449581
"5991866","2015-12-14",13.2147313548519,0,0.124392068836514,0.250729517396184,23.3224578972382,22.4636687694284,22.8930633333333,-0.209988028789958,33.8280537221674,22.762044,22.7536477497695,-0.218235302987113,0.0822679885622418
"5991865","2015-12-15",14.3231870430767,0.047244094488188,0.0157480314960629,0.133195471778149,23.3314966409717,22.4493500256949,22.8904233333333,-0.0740806851867419,35.4240002953837,22.738844,22.6611613831336,-0.439793120363996,-0.0221442332230058
"5991864","2015-12-16",15.0880101437594,0.547244094488189,0.198162729658793,0.112767609997122,23.3315078329689,22.458672167031,22.89509,0.425426970344949,49.3476024421524,22.746244,22.6656731987158,-0.385171909380655,-0.0947497684545356
"5991863","2015-12-17",15.2270576238386,0.704094488188978,0.432860892388452,0.215590551181102,23.3421862651877,22.4648470681455,22.9035166666666,0.624562237389809,52.786704577666,22.747212,22.696143438887,-0.267890081015199,-0.129377830966668
"5991862","2015-12-18",15.3561731410549,0.905511811023621,0.718950131233596,0.449991251093613,23.3695434525966,22.46447321407,22.9170083333333,0.76810994661406,56.8392674690966,22.775612,22.7566576470354,-0.0832721263449132,-0.120156690042317
"5991861","2015-12-21",14.3309543694851,0.766666666666666,0.792090988626422,0.647967337416156,23.413317668626,22.4710656647073,22.9421916666666,0.844361167342233,56.8392674690966,22.799096,22.8091032940974,0.0619654009899495,-0.0837322718358638
"5991860","2015-12-22",14.0320322729834,0.648983050847459,0.773720509512582,0.761587209790866,23.452489845673,22.4548068209936,22.9536483333333,0.90308560606806,56.8105261670177,22.830836,22.8543828548844,0.174316700524324,-0.0321224773638263
"5991859","2015-12-23",13.7544617548033,0.768361581920904,0.728003766478343,0.764605088205781,23.5348293221368,22.4338006778631,22.984315,0.965339089342835,60.3224392611872,22.860836,22.9217984742331,0.333677166382729,0.0410374513854847
"5991858","2015-12-24",13.8962370385215,0.759162303664921,0.725502312144428,0.742408862711784,23.6282501850321,22.4020364816345,23.0151433333333,0.979679845666596,61.7491458926952,22.88818,22.9922253443354,0.485445578853949,0.129919076879178
"5991857","2015-12-28",14.1409959532367,0.953846153846154,0.827123346477327,0.760209808366698,23.770711597412,22.3305750692546,23.0506433333333,1.08283131512579,67.4850157998644,22.928124,23.1079286317573,0.739808808969533,0.251897023297249
"5991856","2015-12-29",13.7771110442193,0.863636363636364,0.858881607049147,0.803835755223633,23.8790898818638,22.2978634514695,23.0884766666666,0.949981937853067,63.7203339138239,22.972964,23.1882048141897,0.877690904426354,0.37705579952307
"5991855","2015-12-30",13.4392179144174,0.863636363636364,0.893706293706294,0.859903749077588,23.9729303838534,22.2811096161465,23.12702,0.889903398313739,63.7203339138239,23.003364,23.2577775056311,0.974956410440053,0.496635921706466
"5991854","2015-12-31",13.3643763565874,0.895522388059701,0.874265038444143,0.87561764639986,24.0701073861411,22.2585992805255,23.1643533333333,0.889535472946105,65.0760384494834,23.041364,23.3300738382136,1.07018572937208,0.611345883239588
"5991853","2016-01-04",12.7844926079508,0.835820895522387,0.864993215739485,0.87765484929664,24.1405069004251,22.2753330995749,23.20792,0.79778100736789,61.7620796924813,23.07112,23.3767306597851,1.09107864086506,0.707292434764683
"5991852","2016-01-05",12.125463640767,0.748717948717948,0.826687077433346,0.85531511053899,24.1891970786521,22.3001129213479,23.244655,0.725159370669328,57.5536300669797,23.08512,23.3958332384804,1.04025835498502,0.773885618808751
"5991851","2016-01-06",11.8204888678263,0.840133779264214,0.80822420783485,0.833301500335892,24.290402330464,22.3129743362026,23.3016883333333,0.868649748789268,64.5592301210178,23.12436,23.4698554733497,1.13499438851814,0.846107372750629
"5991850","2016-01-07",12.394712158592,0.320882852292018,0.636578193424727,0.757163159564306,24.3120752002486,22.3472947997514,23.329685,0.607042496935942,51.0614248727057,23.13796,23.4485414102364,0.978204691225781,0.87252683644566
"5991849","2016-01-08",12.9279195000172,0.241332949198115,0.467449860251449,0.637417420503674,24.3214209791616,22.3732823541717,23.3473516666666,0.52702494199232,52.5611381592957,23.15196,23.4420692222049,0.874842955813615,0.872990060319251
"5991848","2016-01-11",12.09436611968,0.385383655046576,0.315866485512237,0.47329817972947,24.3496727658198,22.4081972341801,23.378935,0.64133494286256,55.0344034950282,23.18044,23.4564599925776,0.834908111368993,0.865373670529199
"5991847","2016-01-12",11.8329313323852,0.241332949198115,0.289349851147602,0.357555398970428,24.3563350650368,22.4849582682965,23.4206466666666,0.604746409350306,52.1086932306859,23.20202,23.4489319935672,0.743085303842572,0.840915997191874
"5991846","2016-01-13",11.2837439559226,0,0.20890553474823,0.271373957136022,24.253832691406,22.6987939752606,23.4763133333333,0.448781553899783,50.1929674304998,23.22402,23.4290743944249,0.628664156554737,0.798465629064447
"5991845","2016-01-14",10.618618696891,0,0.0804443163993719,0.192899900765067,24.1243114028334,22.9272485971665,23.52578,0.372649399893675,49.2186344267664,23.238816,23.4051978085016,0.514817157199987,0.741735934691555
"5991844","2016-01-15",10.8431355901711,0,2.4980018054066e-16,0.0964499503825332,24.0973617080287,22.9707916253046,23.5340766666666,0.0223170386061796,42.0747593604809,23.234572,23.3303581007014,0.281022831898281,0.6495933141329
"5991843","2016-01-19",11.6926988886245,0,2.4980018054066e-16,0.0268147721331232,24.1724110758765,22.8549622574568,23.5136866666666,-0.189732044206926,37.9299578513699,23.220112,23.2276436872745,-0.00329382484334229,0.519015886337651
"5991842","2016-01-20",13.1346864539178,0,2.4980018054066e-16,-6.8463753185218e-16,24.295562938118,22.6499903952152,23.4727766666666,-0.187487163588879,33.654143446624,23.198912,23.0932911956379,-0.344447012283722,0.346323306613377
"5991841","2016-01-21",12.9232353641639,0.197969543147208,0.0659898477157363,0.0219966159052447,24.3217718346492,22.5747814986841,23.4482766666666,0.115561697066319,41.7637578113974,23.223312,23.0288523695529,-0.474137921543816,0.182231060981938
"5991840","2016-01-22",12.0258206746551,0.431472081218274,0.209813874788494,0.091934574168076,24.3200369714698,22.5589363618635,23.4394866666666,0.352656534640199,49.5904324024303,23.263712,23.0343387202792,-0.411061241528998,0.0635726004797511
"5991839","2016-01-25",11.325988672984,0.624365482233502,0.417935702199662,0.231246474901297,24.3178724218183,22.5574342448483,23.4376533333333,0.512693809393043,54.9738624715552,23.293912,23.0897602242419,-0.225420641451413,0.00577395209351832
"5991838","2016-01-26",11.508770298303,0.812182741116751,0.622673434856176,0.416807670614777,24.3440789367223,22.5545610632777,23.44932,0.716453086283564,59.5082202106638,23.330944,23.1871255276764,0.0497659592960664,0.0145723535340279
"5991837","2016-01-27",10.702056424543,0.639781420765027,0.69210988137176,0.577573006142532,24.3027360563825,22.5579572769507,23.4303466666666,0.545958070794969,52.8584289763705,23.340576,23.2142821239862,0.116583869614728,0.034974656750168
"5991836","2016-01-28",10.4381404196288,0.63071038251366,0.694224848131813,0.669669388119916,24.2785042306832,22.5604691026501,23.4194866666666,0.595058203798388,52.6135442681839,23.349544,23.2356045074547,0.161827158426653,0.060345157085465
"5991835","2016-01-29",10.7416721494076,0.633333333333333,0.634608378870674,0.673647702791415,24.2781436847773,22.5605629818893,23.4193533333333,0.712302493881979,54.7462204837387,23.364836,23.2749905731274,0.249129375988244,0.0981020008660208
"5991834","2016-02-01",11.0790810144261,0.657142857142858,0.640395524329951,0.656409583777478,24.2735893368609,22.5621173298057,23.4178533333333,0.746657067674198,55.6912554107908,23.374436,23.3183251633771,0.338117344050204,0.146105069502857
"5991833","2016-02-02",11.3923892462289,0.904761904761905,0.731746031746032,0.668916644982218,24.3415648178451,22.5338085154882,23.4376866666666,0.899563443585633,62.1126096887999,23.401236,23.4252151415935,0.580987308189074,0.233081517240101
"5991832","2016-02-03",12.2607302632302,0.870689655172413,0.810864805692392,0.727668787256124,24.4533000437831,22.4890732895502,23.4711866666666,0.942318246333351,63.4297372941119,23.416436,23.5338531227143,0.804075480707245,0.34728030993353
"5991831","2016-02-04",14.1127910748683,0.750830564784053,0.842094041572791,0.794901626337071,24.6079585075613,22.4043481591053,23.5061533333333,1.05538251920273,65.9772548804796,23.447236,23.6600060396858,1.04925379279632,0.487675006506088
"5991830","2016-02-05",15.4633782344252,0.70764119601329,0.776387138656586,0.809781995307255,24.7108999307692,22.3837400692308,23.54732,0.850647734528179,63.4009248391587,23.472836,23.7520052343943,1.1840779031794,0.626955585840751
"5991829","2016-02-08",15.6004291716899,0.564784053156147,0.674418604651164,0.764299928293513,24.7626015972893,22.3980384027107,23.58032,0.702861992058335,55.65894536748,23.477636,23.7744045364751,1.13136648627434,0.72783776592747
"5991828","2016-02-09",15.1314612118577,0.400763358778626,0.557729535982688,0.669511759763478,24.7838684918083,22.4024381748583,23.5931533333333,0.633048892680798,51.5592412354339,23.476836,23.7591505982784,0.989973984287795,0.780265009599535
"5991827","2016-02-10",14.6959909634421,0.446203703703703,0.470583705212826,0.567577281948891,24.827016173168,22.4065438268319,23.61678,0.695176780563153,56.5180482292828,23.497388,23.795770518508,0.993250170109783,0.822862041701585
"5991826","2016-02-11",13.6902474990937,0.213277292811726,0.353414785098019,0.46057600876451,24.8546933831032,22.4301999502301,23.6424466666666,0.610354323796333,52.4382852996358,23.490148,23.7923344493736,0.89600792868747,0.837491219098762
"5991825","2016-02-12",13.0357977677401,0.397995473650178,0.35249215672187,0.392163549010904,24.9103566244801,22.4553900421866,23.6828733333333,0.703258707035916,56.8020526446017,23.52226,23.8350631894571,0.92436721468272,0.854866418215553
"5991824","2016-02-16",12.8061980117522,0.434206272227611,0.348493012896505,0.35146665157213,24.9592644755135,22.5355555244864,23.74741,0.722492336152062,57.6228741491587,23.55346,23.8810547641961,0.958225971471194,0.875538328866682
"5991823","2016-02-17",13.8068482760018,0.649746739950425,0.493982828609405,0.398322666075926,25.0295173474098,22.6834693192569,23.8564933333333,0.896485204979246,62.2241215868717,23.59466,23.9742474623033,1.10663513374269,0.921757689841884
"5991822","2016-02-18",14.7360235213765,0.623307828134197,0.569086946770745,0.470520929425551,24.9635749740833,22.9785816925833,23.9710783333333,0.833546888800068,62.334228768628,23.64226,24.0563478006629,1.21258908879149,0.979923969631806
"5991821","2016-02-19",15.2717056112032,0.533742331288342,0.602265633124322,0.555111802834823,24.9150735252396,23.203083141427,24.0590783333333,0.778966714912131,60.0714850258817,23.68906,24.1115014272412,1.2413274426275,1.03220466423095
"5991820","2016-02-22",16.1544513465088,0.535031847133758,0.564027335518766,0.57845997180461,24.9210510297291,23.3424389702709,24.131745,0.817740087140548,60.4579345922015,23.73906,24.1633012369423,1.2591708666561,1.07759790471598
"5991819","2016-02-23",16.9741438150068,0.633694267515924,0.567489481979342,0.577927483540809,24.9633396119614,23.4277537213719,24.1955466666667,0.851974233404274,62.4773162426474,23.8115,24.2288477386834,1.30937335436976,1.12395299464673
"5991818","2016-02-24",17.1305751976163,0,0.389575371549894,0.507030729682666,24.9833681045706,23.3807252287627,24.1820466666667,0.116021754260271,39.3539047682235,23.8291,24.0650013735256,0.787638840825755,1.05669016388254
"5991817","2016-02-25",16.1330322551062,0.778723404255318,0.470805890590414,0.475956914706549,25.0718847130606,23.4414886202727,24.2566866666667,0.957954156029648,57.9066164446993,23.9335,24.1670011903888,0.974863117643632,1.04032475463476
"5991816","2016-02-26",15.4586323991801,0.706425531914893,0.495049645390071,0.451810302510126,25.0985653856076,23.5335312810591,24.3160483333333,0.790079940546074,56.1880148407867,24.015504,24.232747698337,1.05340963660139,1.04294173102808
"5991815","2016-02-29",14.8146780173859,0.744680851063829,0.743276595744681,0.569710710575054,25.141964158704,23.5950658412959,24.368515,0.800484090067518,56.9166456462379,24.082704,24.3017146718921,1.13188136170348,1.06072965716316
"5991814","2016-03-01",13.8403365879461,0.851063829787233,0.767390070921986,0.668572104018911,25.2209923834314,23.6390376165686,24.430015,0.904553286481867,58.9606421729862,24.144704,24.3948193823065,1.26156688331036,1.1008971023926
"5991813","2016-03-02",12.9355909748949,0.897872340425531,0.831205673758865,0.780624113475176,25.3170336997317,23.6409963002683,24.479015,0.89437365789787,59.8629474178605,24.196304,24.4901767979989,1.38355486141704,1.15742865419749
"5991812","2016-03-03",12.4614388976876,0.812765957446808,0.853900709219858,0.817498817966902,25.3632666702292,23.6517633297708,24.507515,0.735164600901234,57.3922030442398,24.257072,24.5461532249324,1.39741941611389,1.20542680658077
"5991811","2016-03-04",12.5015630684521,0.694893617021276,0.801843971631205,0.828983451536642,25.3631308680453,23.6517657986214,24.5074483333333,0.629264256519974,54.0639816868764,24.307424,24.5577327949414,1.30213220606463,1.22476788647754
"5991810","2016-03-07",12.793212040308,0.629787234042553,0.712482269503546,0.789408983451536,25.3771133456807,23.6666766543193,24.521895,0.576221275727487,52.2612325328438,24.345384,24.5473684222826,1.16295678890197,1.21240566696243
"5991809","2016-03-08",12.9851002933859,0.795914893617021,0.706865248226951,0.740397163120567,25.4097905452511,23.7203594547489,24.565075,0.712216409426575,56.2683003390134,24.3962,24.5904392993116,1.16736996043569,1.20339852565708
"5991808","2016-03-09",13.0041116201951,0.851063829787233,0.758921985815603,0.726089834515366,25.432698924967,23.8095844083663,24.6211416666667,0.752718870092875,57.542364130528,24.4314,24.6450473927367,1.19917123031945,1.20255306658955
"5991807","2016-03-10",12.9027164246497,0.851063829787233,0.83268085106383,0.766156028368794,25.4621604325028,23.8758695674972,24.669015,0.738072143638903,57.542364130528,24.4618,24.6923744070385,1.21001331383288,1.20404511603822
"5991806","2016-03-11",13.3093962444888,0.744680851063829,0.815602836879433,0.802401891252954,25.437673757412,24.0010229092547,24.7193483333333,0.637346059821308,54.0213739336374,24.4726,24.7000578194333,1.12378711791903,1.18799351641438
"5991805","2016-03-14",13.6870275057681,0.851063829787233,0.815602836879433,0.821295508274231,25.4498267215976,24.0754232784024,24.762625,0.707198986156484,56.8638890684081,24.4986,24.7400501101756,1.12400801043935,1.17519641521938
"5991804","2016-03-15",13.7145436871576,0.770114942528733,0.788619874459933,0.806608516072932,25.4814746004878,24.1334420661788,24.8074583333333,0.778832291086127,58.5208511355182,24.5478,24.7947100954855,1.15936664217804,1.17203046061111
"5991803","2016-03-16",13.2997997404368,0.630503315577779,0.750560695964583,0.784927802434649,25.5192382950934,24.1343417049066,24.82679,0.750206407074242,57.1035229776641,24.6038,24.8300820827541,1.14457537393464,1.16653944327581
"5991802","2016-03-17",13.0380877037348,0.549295774647889,0.649971344251468,0.729717304891993,25.6094274567367,24.1281692099299,24.8687983333333,0.908122622306553,59.4536110233021,24.652848,24.8874044717202,1.18382678210498,1.16999691104165
"5991801","2016-03-18",12.3066305357912,0.415492957746479,0.531764015990717,0.644098685402255,25.6473436709615,24.1622529957051,24.9047983333333,0.736933905246306,56.2981355544665,24.704848,24.9117505421575,1.13990317188837,1.16397816321099
"5991800","2016-03-21",11.7716321715459,0.668450704225354,0.544413145539908,0.575382835260697,25.7258473802837,24.1720292863829,24.9489383333333,0.865033077054806,60.5599225544853,24.757504,24.9807438032032,1.20709870520976,1.17260227161075
"5991799","2016-03-22",11.4870083130607,0.676760563380282,0.586901408450706,0.554359523327109,25.8026608306436,24.1768925026897,24.9897766666666,0.846312155091594,60.695523946778,24.807944,25.0421112961094,1.24915241424328,1.18791230013725
"5991798","2016-03-23",11.0574443468439,0.637042253521127,0.660751173708921,0.597355242566511,25.6106492363521,24.5642107636479,25.08743,0.913118730445934,59.6400532218081,24.840128,25.0877764566282,1.24946824507688,1.20022348912518
"5991797","2016-03-24",10.6585635210712,0.648661971830986,0.654154929577465,0.633935837245697,25.6516636383839,24.5662696949494,25.1089666666666,0.799522585294045,59.8599691837238,24.872572,25.1295529290777,1.24041125226508,1.20826104175316
"5991796","2016-03-28",10.8708875633931,0.130434782608695,0.472046335986936,0.595650813091107,25.6501532834555,24.6091100498778,25.1296316666666,0.55158447308873,50.8058708072191,24.889772,25.0989458718674,1.06000814375475,1.17861046215348
"5991795","2016-03-29",10.7639347410943,0.48695652173913,0.422017758726271,0.51607300809689,25.6869124893638,24.6380175106362,25.162465,0.812266725118036,56.591230112772,24.922172,25.1270864222851,1.03683399097243,1.15025516791727
"5991794","2016-03-30",10.135623435381,0.382812499999998,0.333401268115942,0.409155120943049,25.7269904698661,24.6412728634672,25.1841316666666,0.794000635879368,55.3934574446752,24.945576,25.1421415659804,0.984536681651771,1.11711147066417
"5991793","2016-03-31",9.5521915086473,0.781249999999999,0.550339673913043,0.435252900251751,25.8310214518172,24.6069085481827,25.218965,1.0046116782469,61.7461424333278,25.055576,25.223189357183,1.09369464344808,1.11242810522095
"5991792","2016-04-01",9.1305365208857,0.716814159292036,0.626958886430678,0.503566609486554,25.8932331740077,24.6266968259922,25.259965,0.871118444990943,61.0122201311109,25.090776,25.2880974428919,1.15339730848965,1.12062194587469
"5991791","2016-04-04",8.80197982236236,0.699115044247788,0.732393067846608,0.636563876063443,25.9218853306539,24.6962413360127,25.3090633333333,0.827640001301996,60.6242118026674,25.131972,25.3416844505063,1.18022372635647,1.13254230197105
"5991790","2016-04-05",8.6287015123325,0.663716814159291,0.693215339233039,0.684189097836774,25.9137706499611,24.8070926833722,25.3604316666666,0.788432295847145,59.8050368578798,25.167972,25.3827931904388,1.17486002620442,1.14100584681772
"5991789","2016-04-06",9.49817579316233,0.353982300884957,0.572271386430679,0.665959931170108,25.9072042820513,24.8709657179487,25.389085,0.603819400660759,53.0502627368171,25.179972,25.3717540983803,1.0471771264456,1.1222401027433
"5991788","2016-04-07",10.3055447682186,0.646017699115043,0.554572271386431,0.606686332350049,25.9275661280989,24.915803871901,25.421685,0.758606536990821,57.8806834986684,25.200772,25.406186885263,1.03887381791794,1.10556684577822
"5991787","2016-04-08",12.5603010464831,0.0176991150442505,0.339233038348084,0.488692232055064,25.9147494296201,24.9492872370465,25.4320183333333,0.314922840713554,46.7388034579295,25.201172,25.3413619672279,0.79737656678327,1.04392878997923
"5991786","2016-04-11",14.5323898920988,0.82300884955752,0.495575221238938,0.463126843657817,25.9370641817337,25.0223091515996,25.4796866666666,0.926722623880506,57.9195932689628,25.249052,25.4065137049308,0.885233534966723,1.01218973897673
"5991785","2016-04-12",15.6456994285436,0.813008130081301,0.551238698227691,0.462015652604904,25.9872164784557,25.0650835215443,25.52615,0.988559337663893,58.6388688276313,25.305852,25.4723118776067,0.965401194223814,1.00283203002615
"5991784","2016-04-13",16.4842054291856,0.75,0.795338993212941,0.614050970893189,26.03622272925,25.0944106040833,25.5653166666666,0.926146562860369,58.0284846901907,25.345436,25.5240036272592,1.00421710563028,1.00310904514697
"5991783","2016-04-14",17.2628181440674,0.8203125,0.794440210027101,0.713672633822577,26.0765244523806,25.136192214286,25.6063583333333,0.912380841888169,59.0610593357322,25.383436,25.5808031436246,1.0508988988212,1.01266701588182
"5991782","2016-04-15",17.9858156650292,0.825396825396826,0.798569775132276,0.796116326124105,26.1207540000602,25.1406293332731,25.6306916666666,0.835986170425517,59.1812218432726,25.421836,25.6313627244747,1.07821345398478,1.02577630350241
"5991781","2016-04-18",17.7149211927004,0.777716054281405,0.807808459892744,0.800272815017373,26.1502911151414,25.1847622181919,25.6675266666666,0.837473068936108,58.0797010792472,25.467836,25.667181027878,1.06837471202357,1.03429598520664
"5991780","2016-04-19",17.066650590346,1,0.867704293226078,0.824694176083698,26.2515696156099,25.15997038439,25.70577,1.02696079618631,62.8129456756412,25.519076,25.7490235574943,1.16634491754157,1.06070577167363
"5991779","2016-04-20",17.657823129248,0.68332108743571,0.820345713905706,0.831952822341508,26.2728082266502,25.1754517733498,25.72413,0.678492594098248,55.2175763678612,25.547076,25.7624870831617,1.09590528694843,1.06774567472859
"5991778","2016-04-21",19.1981946674877,0.316017634092579,0.666446240509431,0.78483208254707,26.2765209880789,25.162439011921,25.71948,0.237230587217465,47.9719250423622,25.55868,25.7075021387402,0.87336609875166,1.0288697595332
"5991777","2016-04-22",20.8277767142874,0.227773695811903,0.409037472446731,0.631943142287288,26.2868804886801,25.1381395113198,25.71251,0.136259747350995,46.3967381336917,25.55748,25.6438351869081,0.651602819821262,0.953416371590815
"5991776","2016-04-25",22.1124570985193,0.411462160176341,0.318417830026942,0.464633847661034,26.260098378609,25.1945882880576,25.7273433333333,0.267863922147071,50.0718621639429,25.57388,25.6219904953204,0.548125806090027,0.872358258490657
"5991775","2016-04-26",21.5985439745521,0.514327700220427,0.384521185402891,0.370658829292187,26.2610237885042,25.2179962114958,25.73951,0.494078136759961,52.0543156860755,25.581512,25.6217250959443,0.504415387053658,0.798769684203258
"5991774","2016-04-27",21.1679222464142,0.499632623071272,0.475140827822681,0.39269328108417,26.2588022372366,25.2338810960967,25.7463416666666,0.396211527179883,51.7382654248984,25.587872,25.6188284164851,0.458192781539379,0.730654303670482
"5991773","2016-04-28",20.4471399213548,0.487345385347289,0.500435236212997,0.453365749812855,26.2537862090051,25.2319737909948,25.74288,0.52402919841313,53.8822507091161,25.602176,25.6352779609538,0.461030195340228,0.676729482004431
"5991772","2016-04-29",19.0756458369033,0.352045670789726,0.446341226402763,0.473972430146146,26.2558820297415,25.2338779702584,25.74488,0.524579158729315,51.422145127164,25.610132,25.6305742328266,0.41371106658219,0.624125798919983
"5991771","2016-05-02",18.4326678085341,0.687499999999999,0.508963685379005,0.485246715998254,26.300798079773,25.2295652535603,25.7651816666666,0.828112611375731,57.324576378005,25.654132,25.679831001783,0.49631204270224,0.598563047676435
"5991770","2016-05-03",17.8867362264057,0.859736842105263,0.633094170964997,0.529466360915587,26.3702673040781,25.2184726959218,25.79437,0.907216700511254,60.0690141102542,25.690136,25.7505335348786,0.620213367042943,0.602893111549736
"5991769","2016-05-04",18.7512890232891,0.51123595505618,0.686157599053815,0.609405151799271,26.4623467649089,25.2197265684244,25.8410366666666,0.973968904577297,58.7123215516697,25.726136,25.8024623968948,0.688061926417971,0.619926874523383
"5991768","2016-05-05",19.5540880489666,0.876404494382021,0.749125763847822,0.689459177955544,26.6580678504322,25.1416721495678,25.89987,1.1331658678884,66.3104434297829,25.767736,25.9341340773088,0.933190340768153,0.682579567772337
"5991767","2016-05-06",20.9001902867073,0.726415094339622,0.704685181259275,0.713322848053636,26.8149553786079,25.1557846213921,25.98537,1.08942898377408,65.9085334756384,25.810136,26.045582867001,1.10688036285786,0.767439726789443
"5991766","2016-05-09",22.3666042630985,0.915929203539824,0.839582930753823,0.764464625286973,27.0813128915489,25.038757108451,26.060035,1.13807233276963,70.9358380026836,25.874536,26.2128384847342,1.39037663241421,0.892027107914397
"5991765","2016-05-10",24.0632493640052,0.8714859437751,0.837943413884849,0.794070508632648,27.3351834521187,24.9378865478812,26.136535,1.07153190505725,71.7813779413895,25.944536,26.3711266867696,1.62424685986726,1.03847105830497
"5991764","2016-05-11",25.2830456723865,0.833694779116467,0.873703308810465,0.850409884483045,27.5328727259744,24.8875906073589,26.2102316666666,0.965118001847511,69.7257531744229,26.024772,26.4957631285337,1.758338734168,1.18244459347758
"5991763","2016-05-12",26.5582742254799,0.879310344827586,0.861497022573052,0.857714581756121,27.7429355989196,24.8394477344137,26.2911916666666,0.955363248742794,71.7107730417354,26.100372,26.6323280447292,1.90579578688479,1.32711483215902
"5991762","2016-05-13",26.9045704016949,0.74561403508772,0.819539719677258,0.851580017020258,27.9012013044443,24.8345153622223,26.3678583333333,0.867000410607599,66.8596081743903,26.195572,26.7213509720986,1.93227880899558,1.44814762752633
"5991761","2016-05-16",27.504213997336,0.806584362139917,0.810502914018408,0.830513218756239,28.0841310047737,24.8239156618929,26.4540233333333,0.887288323174892,69.486760745667,26.264772,26.8331708424855,2.0072719757853,1.55997249717812
"5991760","2016-05-17",26.7065756306,0.641975308641975,0.731391235289871,0.787144622995179,28.179408601584,24.8345380650826,26.5069733333333,0.749046011669558,61.4198420768636,26.315172,26.8767480634874,1.92351402787081,1.63268080331666
"5991759","2016-05-18",25.0457636100603,0.506172839506172,0.651577503429355,0.731157217579211,28.2207938702824,24.8981527963842,26.5594733333333,0.623554322461034,55.6770815546629,26.353972,26.8705149883558,1.73800202079852,1.65374504681303
"5991758","2016-05-19",23.6889669508079,0.270935960591133,0.473028036246428,0.618665591655217,28.2030954781929,25.045844521807,26.62447,0.532368876620338,51.2946712475636,26.377972,26.827779656575,1.4898169681866,1.62095943108775
"5991757","2016-05-20",22.1632863387597,0.455026455026455,0.410711751707921,0.511772430461234,28.1774661019581,25.2481038980418,26.712785,0.618859206349153,57.1343049876741,26.419572,26.8507423690317,1.41213727478584,1.57919499982737
"5991756","2016-05-23",20.6629609657014,0.486772486772486,0.404244967463359,0.429328251805902,28.155336098769,25.4355339012309,26.795435,0.624113805153029,57.8597913149472,26.465972,26.8786433864941,1.35287869819931,1.53393173950175
"5991755","2016-05-24",19.507228964259,0.472972972972972,0.471590638257305,0.428849119142861,28.1571747323432,25.5893652676567,26.87327,0.662303059890097,60.1592915023022,26.504732,26.9281576016282,1.34716091321267,1.49657757424394
"5991754","2016-05-25",18.982538859853,0.472972972972972,0.477572810906145,0.451136138875602,28.1267156897439,25.7921609769227,26.9594383333333,0.67300729675851,60.1592915023022,26.560732,26.9710699214111,1.32700829141068,1.46266371767729
"5991753","2016-05-26",18.4953266200474,0.574324324324323,0.506756756756757,0.485306735306735,28.0873697590807,25.9964435742526,27.0419066666666,0.679295345791546,62.0551113883311,26.642728,27.0282605985563,1.34008778379147,1.43814853090012
"5991752","2016-05-27",18.6758028322478,0.70945945945946,0.585585585585586,0.523305051082828,28.0329212517553,26.2377254149113,27.1353233333333,0.780197842305785,64.4819586809215,26.737528,27.1044925187488,1.3934916034184,1.42921714540378
"5991751","2016-05-31",18.2485340193668,0.587837837837838,0.623873873873875,0.572072072072072,27.988379377408,26.4249339559252,27.2066566666666,0.715342769271336,60.718090008924,26.815128,27.1465601829156,1.365999089157,1.41657353415442
"5991750","2016-06-01",18.0983770999542,0.641891891891891,0.646396396396398,0.618618618618619,27.9460393684883,26.6039339648449,27.2749866666666,0.764519710873385,61.7857279451584,26.890328,27.1936854918602,1.35209735849848,1.40367829902323
"5991749","2016-06-02",18.0095269606876,0.763513513513513,0.664414414414415,0.644894894894895,27.9212457842939,26.7613942157061,27.34132,0.858103293486439,64.1468881674057,26.973528,27.2585274262789,1.37815117629672,1.39857287447793
"5991748","2016-06-03",18.6814403388095,0.767857142857142,0.72442084942085,0.678410553410553,27.9940693912001,26.7995706087999,27.39682,0.979849798463834,66.1490661538145,27.05744,27.336057102775,1.42902726008904,1.40466375160015
"5991747","2016-06-06",19.3053599042083,0.773809523809524,0.768393393393394,0.719076219076219,28.0444771638268,26.8428295028398,27.4436533333333,0.879767448880871,66.275826042126,27.14744,27.404582822405,1.45485631637861,1.41470226455584
"5991746","2016-06-07",20.6218241541759,0.828729281767956,0.790131982811542,0.760982075208595,28.1570874215711,26.8092192450955,27.4831533333333,0.997214795702377,68.7928104845865,27.22944,27.4906384460843,1.51596723907312,1.4349552594593
"5991745","2016-06-08",21.9186508788532,0.881081081081082,0.827873295552855,0.795466223919263,28.2735715989876,26.7674017343457,27.5204866666666,0.986563092165514,70.3422527895137,27.308236,27.5825533199398,1.58334324321434,1.46463285621031
"5991744","2016-06-09",23.926587158379,0.678947368421053,0.796252577090031,0.804752618484809,28.4357148890794,26.7105317775872,27.5731233333333,1.03339845137025,71.6259881757778,27.394236,27.6768795439478,1.64887404500769,1.50148109396978
"5991743","2016-06-10",25.7910994179387,0.91913043478261,0.826386294761583,0.816837389134822,28.6460523907969,26.6182742758697,27.6321633333333,1.07302620609541,76.2648428033498,27.472684,27.8201222714214,1.81265808742617,1.56371649266106
"5991742","2016-06-13",27.9858611196756,0.747474747474748,0.781850850226138,0.801496574025916,28.8530760878153,26.5515839121847,27.70233,1.01894013775626,75.6525700275374,27.551084,27.9414393018986,1.91237994546569,1.63344918322199
"5991741","2016-06-14",29.8049104473755,0.722222222222222,0.796275801493194,0.801504315493637,28.9858818938452,26.5191114394881,27.7524966666666,0.892214578224931,74.1407626997189,27.606284,28.0399140616454,1.95309256039329,1.69737785865625
"5991740","2016-06-15",31.7526913672189,0.71584699453552,0.728514654744164,0.768880435487831,29.1250421402176,26.5266178597823,27.82583,0.877473638178291,74.4704122559169,27.658684,28.129258853426,1.97021820997887,1.75194592892077
"5991739","2016-06-16",33.6118762457183,0.784530386740331,0.740866534499359,0.755218996912238,29.2408431350801,26.6044835315864,27.9226633333333,0.873243214631793,75.9038885898963,27.720048,28.2240243396359,1.99700658340647,1.80095805981791
"5991738","2016-06-17",34.9987682900603,0.74585635359116,0.748744578289005,0.739375255844175,29.278064142206,26.7755958577939,28.02683,0.81295901126036,73.5103812064819,27.770048,28.2968210943511,1.97460440744448,1.83568732934322
"5991737","2016-06-20",36.5316231491102,0.734104046242774,0.754830262191423,0.748147124993261,29.3367330071326,26.8974969928673,28.1171149999999,0.807289521097237,73.5103812064819,27.828848,28.3599116151043,1.93394274823593,1.85533841312177
"5991736","2016-06-21",35.1625537861264,0.238709677419355,0.572890025751097,0.692154955410507,29.3178846724702,27.0430453275297,28.1804649999999,0.596505716101813,53.4169650674267,27.848448,28.3185900664237,1.67740554650408,1.81975183979823
"5991735","2016-06-22",33.8912750919271,0.784172661870503,0.585662128510879,0.637794138817799,29.3772123017357,27.1533810315975,28.2652966666666,0.824381624490435,65.7422882069894,27.919248,28.4001113909006,1.70476832337128,1.79675513651284
"5991734","2016-06-23",32.5454253113566,0.746376811594202,0.589753050294688,0.582768401518887,29.4080346640483,27.2778920026182,28.3429633333333,0.769326249232633,64.6948883325185,28.001248,28.4640965387805,1.6920745495689,1.77581901912405
"5991733","2016-06-24",32.6867295773392,0.762195121951219,0.764248198471976,0.646554459092513,29.5200160293529,27.3672306373136,28.4436233333333,0.958186250387154,69.1421916319028,28.111248,28.5755503336098,1.77955835198502,1.77656688569625
"5991732","2016-06-27",32.5223270152808,0.707317073170732,0.738629668905385,0.697543639224016,29.6047140628629,27.4520326038036,28.5283733333333,0.873933633614237,67.1890420246491,28.199648,28.6601436224618,1.80161978960731,1.78157746647846
"5991731","2016-06-28",32.7576630045363,0.676174782658105,0.715228992593353,0.739368953323571,29.6674197266705,27.5779902733294,28.622705,0.886355071895776,67.5184187901599,28.286848,28.7374578061336,1.80593491723389,1.78644895662954
"5991730","2016-06-29",33.6966283373912,0.854625550660792,0.746039135496544,0.733299265665093,29.8730622758438,27.6193477241561,28.746205,1.1006949722121,74.4293993530765,28.396448,28.9044634319824,1.9950587395515,1.82817091321394
"5991729","2016-06-30",35.0509497748736,0.81111111111111,0.780637148143337,0.747301758744411,30.1267543054281,27.6309890279052,28.8788716666666,1.11349051816807,76.2438377209377,28.516048,29.0825349743848,2.18654599589354,1.89984592974986
"5991728","2016-07-01",36.5536210196005,0.800027119563375,0.821921260445094,0.782865848028324,30.3961690531706,27.6252376134959,29.0107033333333,1.07595434414191,77.417304157733,28.636448,29.2595303111335,2.35519233010686,1.99091520982126
"5991727","2016-07-05",38.1159948776765,0.924089456869009,0.845075895847833,0.815878101478754,30.7108299962004,27.6227366704662,29.1667833333333,1.1006349132035,80.6422541312682,28.770144,29.4839129363157,2.60157808174988,2.11304778420698
"5991726","2016-07-06",38.2119570107417,0.765621118012422,0.829912564814937,0.832303240369287,30.9168462067119,27.678073793288,29.29746,0.953692473289076,71.7857623899911,28.893956,29.6214312114736,2.6463471211603,2.21970765159764
"5991725","2016-07-07",37.6142707583574,0.68944099378882,0.793050522890085,0.822679661184284,31.0119617696872,27.7942915636461,29.4031266666666,0.799452690394133,67.2196364803776,29.004756,29.7079070499438,2.58388333866695,2.29254278901151
"5991724","2016-07-08",37.3854338995471,0.792608695652174,0.749223602484473,0.790728896729831,31.153046048827,27.870353951173,29.5117,0.851266571977347,70.0024383331717,29.121644,29.8271461099513,2.5933555340341,2.35270533801603
"5991723","2016-07-11",36.7473649954076,0.745341614906832,0.742463768115943,0.761579297830166,31.2739153355921,27.9300746644078,29.601995,0.798470660379843,67.1881977726877,29.226044,29.9101932952911,2.52938671764384,2.38804161394159
"5991722","2016-07-12",36.1548724415639,0.740585774058577,0.759512028205862,0.750399799602092,31.3992173131526,27.9867726868473,29.692995,0.799981912900678,68.9544296541945,29.338044,30.0088341892523,2.50274632504075,2.41098255616142
"5991721","2016-07-13",35.9731090225386,0.677824267782427,0.72125055224928,0.741075449523694,31.4896150346004,28.0937082987328,29.7916616666666,0.765517205506037,66.081382831259,29.436044,30.0743229640186,2.41268266447217,2.41132257782357
"5991720","2016-07-14",35.8043287048723,0.781553398058253,0.733321146633087,0.738027909029409,31.5932422192893,28.1974144473773,29.8953283333333,0.789965137458159,69.0445805398945,29.541644,30.1737465688162,2.39858749436399,2.40877556113165
"5991719","2016-07-15",33.4561541800141,0.383495145631068,0.61429093715725,0.689620878679872,31.6163548907468,28.3219684425865,29.9691616666666,0.625720425695045,55.6324135959018,29.610044,30.1505803596407,2.14308480332657,2.35563740957064
"5991718","2016-07-18",31.2757064069315,0.827586206896553,0.664211583528626,0.67060788910632,31.6922907024386,28.4640326308946,30.0781616666666,0.782455216753244,64.066334662225,29.696796,30.2531696450219,2.16129488801915,2.31676890526034
"5991717","2016-07-19",29.2510049033549,0.789062500000001,0.666714617509208,0.648405712731694,31.7486742875376,28.6228957124623,30.185785,0.766605043613263,64.6948112574188,29.787596,30.3527470256857,2.17089835344613,2.2875947948975
"5991716","2016-07-20",27.5194795045772,0.743070866141732,0.786573191012763,0.705833130683532,31.6835642744522,28.9482523922144,30.3159083333333,0.750998190660323,63.848478339676,29.878144,30.4315407555942,2.13798403246235,2.25767264241047
"5991715","2016-07-21",26.0617894408571,0.791259842519685,0.774464402887141,0.742584070469703,31.6790521328993,29.160471200434,30.4197616666666,0.755688295883486,64.3937658332605,29.96994,30.5079886548483,2.10314988719218,2.22676809136681
"5991714","2016-07-22",26.0095669773676,0.823259668508289,0.78586345905657,0.78230035098549,31.7109937803148,29.3965362196852,30.553765,0.950631867732171,68.456039924105,30.075944,30.6389368342019,2.1775018937199,2.21691485183743
"5991713","2016-07-25",25.9463589570195,0.820552486187845,0.811690665738608,0.790672842560772,31.7755248483403,29.5450184849929,30.6602716666666,0.903433803845433,68.3712046665961,30.184552,30.751771922975,2.2081761901301,2.21516711949596
"5991712","2016-07-26",25.7440640207778,0.795580110497239,0.813130755064459,0.803561626619878,31.7536827889586,29.7795272110413,30.766605,0.851236248934104,67.5397263180591,30.291352,30.8435356665783,2.19421614215514,2.2109769240278
"5991711","2016-07-27",24.7925742364998,0.209944751381215,0.608692449355434,0.744504623386166,31.6073699866726,30.059176679994,30.8332733333333,0.454824762710016,51.6700321215076,30.384552,30.7817309110345,1.88381473084431,2.1455444853911
"5991710","2016-07-28",23.2676547450263,0.799561883899234,0.601695581925897,0.674506262115263,31.6701595135379,30.1445871531287,30.9073733333333,0.942212171755494,61.5763172345777,30.485752,30.8721667895633,1.89862648762571,2.09616088583802
"5991709","2016-07-29",22.0840194737478,0.931818181818179,0.647108272366211,0.61916543454918,31.8797231986697,30.1040234679969,30.9918733333333,1.12405070380165,65.7111689208644,30.612552,31.0292112176215,2.03944892324492,2.0848184933194
"5991708","2016-08-01",22.1869272006821,0.288888888888888,0.673422984868768,0.640742279720291,31.8939786060884,30.1474380605782,31.0207083333333,0.593112639393394,51.5384542273835,30.666552,30.9786497219386,1.76570814945181,2.02099642454588
"5991707","2016-08-02",22.2824843756925,0.568888888888889,0.596531986531987,0.639021081255654,31.9575416065692,30.1410483934308,31.049295,0.799499238091524,56.1244497362745,30.749352,31.0188297590135,1.69328067236032,1.95545327410877
"5991706","2016-08-03",22.6160727146139,0.479999999999999,0.445925925925927,0.571960299108893,31.973057390125,30.1703459432083,31.0717016666666,0.579490444007808,54.3655766994586,30.822952,31.026985791145,1.56567219703971,1.87749705869496
"5991705","2016-08-04",22.7225669775424,0.459893048128342,0.502927312339078,0.515128408265663,31.9690653284605,30.2730046715394,31.121035,0.636963458462072,55.5652952238414,30.872952,31.055387685659,1.48891868437722,1.79978138383141
"5991704","2016-08-05",22.9294576307377,0.417112299465241,0.452335115864528,0.467062784709843,31.9705698243676,30.3260201756323,31.148295,0.537520910388739,54.7896906981157,30.909752,31.0693359942378,1.39116841051452,1.71805878916803
"5991703","2016-08-08",22.9934749026344,0.497326203208556,0.458110516934047,0.471124315045884,31.9702995568886,30.399087109778,31.1846933333333,0.591207695643088,56.0290258031811,30.945752,31.1014245283394,1.33715063280451,1.64187715789533
"5991702","2016-08-09",23.2035406204937,0.44385026737968,0.45276292335116,0.454402852049911,31.967850088835,30.4558399111649,31.211845,0.531649919231221,54.9476080635982,30.956456,31.1159012578942,1.25382979930573,1.56426768617741
"5991701","2016-08-10",23.0251315353323,0.541443850267379,0.494206773618539,0.468360071301248,31.9710601034584,30.5262765632082,31.2486683333333,0.625369414601267,56.5941625625312,30.991544,31.152781090175,1.22094597225235,1.4956033433924
"5991700","2016-08-11",23.6951877946252,0.240641711229946,0.408645276292336,0.451871657754011,31.9690385896673,30.5326314103326,31.250835,0.271999422323761,50.4713933219255,31.013944,31.109743611485,1.0370846958742,1.40389961388876
"5991699","2016-08-12",24.31738289254,0.304812834224599,0.362299465240642,0.421717171717172,31.8941948414901,30.6671418251765,31.2806683333333,0.254967120950844,51.6725874487482,31.027856,31.088444463287,0.912020571678474,1.3055238054467
"5991698","2016-08-15",24.6704260333303,0.27807486631016,0.274509803921569,0.348484848484848,31.8949816027523,30.6646883972476,31.279835,0.250871040094155,51.116311809251,31.045856,31.0633185348487,0.790824140145507,1.20258387238646
"5991697","2016-08-16",25.9333479263252,0,0.194295900178254,0.277035056446821,31.9753210301576,30.5181023031757,31.2467116666666,-0.110783394091687,43.8906893979064,31.027456,30.9468760635356,0.504056898802241,1.06287847766962
"5991696","2016-08-17",27.512368101001,0,0.0926916221033877,0.18716577540107,32.1173093868036,30.268867279863,31.1930883333333,-0.183325882152638,40.5037895696922,30.999456,30.7939592550641,0.172024932625758,0.884707768660846
"5991695","2016-08-18",28.3017278525178,0.0204081632653064,0.00680272108843645,0.0979300811233586,32.1925869651891,30.0919163681442,31.1422516666666,-0.0213819188060082,41.1309905930082,30.960656,30.6680980210556,-0.0781860755557862,0.69212899981752
"5991694","2016-08-19",29.0347047646406,0.166198347107438,0.0622021701242492,0.0538988377720237,32.1725815753315,29.976395091335,31.0744883333333,0.120696296631995,45.4900916392819,30.968744,30.6059782849148,-0.182130224062627,0.517277155041491
"5991693","2016-08-22",28.7390480373258,0.247191011235954,0.144599173869567,0.0712013550274169,32.1289287860004,29.9030345473329,31.0159816666666,0.218772951655891,45.9526555015769,30.941544,30.5571811802595,-0.251804681036116,0.363460787825969
"5991692","2016-08-23",28.0092648062958,0.47752808988764,0.296972482743678,0.167924608912497,32.0795766834902,29.8789633165097,30.97927,0.384803329318529,50.8268312482115,30.927544,30.5695570228916,-0.196431918559936,0.251482246548788
"5991691","2016-08-24",27.887614116457,0.287491199249002,0.337403433457533,0.259658363356925,32.0879792692703,29.8318940640629,30.9599366666666,0.241468097634923,46.833064238106,30.901396,30.5322827531727,-0.244896043758935,0.152206588487243
"5991690","2016-08-25",27.7746527616067,0.287491199249002,0.350836829461882,0.328404248554364,32.0184588419014,29.7778811580985,30.89817,0.253856633795781,46.833064238106,30.8728,30.499978386083,-0.280152638644793,0.0657347430608362
"5991689","2016-08-26",27.8872022831538,0.205350856606429,0.260111085034812,0.316117115984741,31.8113537994552,29.8039862005447,30.80767,0.242114996634927,45.2301416822978,30.819196,30.453314601272,-0.341341553494978,-0.0156805162503267
"5991688","2016-08-29",27.8188559313251,0.31095986857545,0.267933974810295,0.292960629768995,31.77100702761,29.7689996390566,30.7700033333333,0.330168791944878,47.7082609484325,30.772988,30.4368726544357,-0.338284547012946,-0.0802013224028505
"5991687","2016-08-30",27.8245672720565,0.37121212121212,0.295840948798001,0.274628669547702,31.6488417504796,29.7684982495203,30.70867,0.318116565851501,47.1972043139895,30.726988,30.4172896338443,-0.342550736817204,-0.132671205285721
"5991686","2016-08-31",27.8481827273068,0.363636363636364,0.348602784474646,0.304125902694313,31.5895299990835,29.7346433342498,30.6620866666666,0.295807829926228,47.0614774876413,30.722988,30.3989843493317,-0.344642497924774,-0.175065463813532
"5991685","2016-09-01",27.6311508394636,0.395606060606059,0.376818181818182,0.340420638363609,31.4918619671451,29.7304580328548,30.61116,0.343102428341453,47.7444123612007,30.677476,30.3887464360875,-0.33129228496469,-0.206310828043764
"5991684","2016-09-02",26.0736110904079,0.576642335766422,0.445294920002949,0.390238628765258,31.4312673197795,29.7483860135537,30.5898266666666,0.614985332566732,51.9781968033637,30.619076,30.4155802446091,-0.246751691288805,-0.214399000692772
"5991683","2016-09-06",24.3228510674479,0.40875912408759,0.460335840153358,0.427482980658162,31.3212506604881,29.7807226728452,30.5509866666666,0.500138480660584,48.3546319741852,30.607476,30.4081695453279,-0.238061596697847,-0.219131519893787
"5991682","2016-09-07",23.0349049477046,0.738805970149253,0.574735810001089,0.493455523385798,31.2602993972465,29.8113706027534,30.535835,0.790443304230108,55.3503315333754,30.589876,30.4657469392842,-0.102699468304968,-0.195845109576023
"5991681","2016-09-08",21.8143730182717,0.653846153846152,0.600470416027666,0.54518068872737,31.130509097864,29.8868442354692,30.5086766666666,0.803905560167477,55.1826266965925,30.579876,30.5143140140463,0.0017354980766271,-0.156328988045493
"5991680","2016-09-09",21.5299455194894,0,0.464217374665136,0.546474533564629,31.0815269250133,29.85582640832,30.4686766666666,0.218248194701787,43.422692605911,30.530276,30.4457388121735,-0.133664409479373,-0.151796072332269
"5991679","2016-09-12",21.9054701578022,0,0.217948717948718,0.427545502880506,31.0379078871961,29.7837787794705,30.4108433333333,0.0315394592304288,38.9045606080677,30.467076,30.3303069705503,-0.348916147745593,-0.191220087414934
"5991678","2016-09-13",22.4510578766021,0,8.51170985545953e-16,0.227388697537951,31.0085902678678,29.6750963987988,30.3418433333333,-0.0613149166726797,37.5037473064285,30.392276,30.211599374477,-0.551383342763867,-0.26325273848472
"5991677","2016-09-14",22.9576750440591,0.0171428571428558,0.00571428571428611,0.0745543345543342,31.0582798928309,29.540740107169,30.29951,-0.0202565411855875,38.0187599669967,30.322676,30.11271945788,-0.696670631884444,-0.349936317164665
"5991676","2016-09-15",24.0952542393305,0,0.00571428571428611,0.00380952380952353,31.1354227868754,29.3979305464579,30.2666766666666,-0.0717109465159913,33.2055567057953,30.226176,29.9616901968294,-0.933710342129168,-0.466691122157566
"5991675","2016-09-16",24.934737353423,0.33158371040724,0.116242189183366,0.0425569202039786,31.1427030238534,29.3646936428132,30.2536983333333,0.237760101284057,44.5181300654493,30.181488,29.9285048372521,-0.914396870049738,-0.556232271736
"5991674","2016-09-19",25.667136405513,0.39945701357466,0.243680241327301,0.121878905408317,31.1391140432488,29.3334092900845,30.2362616666666,0.309753874363292,46.5149724201877,30.138,29.9197441922852,-0.848899676020454,-0.614765752592891
"5991673","2016-09-20",25.4344332847049,0.413031674208145,0.381357466063349,0.247093298858005,31.1224073888724,29.3129692777942,30.2176883333333,0.389935445274065,46.9263929636594,30.097712,29.9161516333138,-0.779912153411533,-0.647795032756619
"5991672","2016-09-21",25.1903985728922,0.425339366515838,0.412609351432882,0.345882352941177,31.0600411583107,29.3067588416892,30.1834,0.418210547930309,47.3220464321259,30.086912,29.916664748872,-0.709715158524094,-0.660179057910114
"5991671","2016-09-22",23.5497108112838,0.809954751131221,0.549441930618402,0.44780291603821,31.127120002922,29.2866799970779,30.2069,0.847616148657516,57.8873824542691,30.125712,30.0304427823557,-0.420324700063823,-0.612208186340856
"5991670","2016-09-23",22.0469053999807,0.837104072398189,0.69079939668175,0.550950226244344,31.2001261474671,29.2680071858662,30.2340666666666,0.839489103088087,58.519811988422,30.164912,30.137050411375,-0.173557812935587,-0.524478111659802
"5991669","2016-09-26",21.1392201752963,1,0.882352941176471,0.70753142282554,31.3441080971963,29.2196352361369,30.2818716666666,0.953867098519943,62.70297897178,30.206668,30.2849236898583,0.130796627825203,-0.393423163762801
"5991668","2016-09-27",19.6689529037877,0.879352190988924,0.905485421129039,0.826212586329086,31.425299562842,29.2002904371579,30.312795,0.830637595223571,58.5265698626893,30.235976,30.3766271978772,0.294858500047934,-0.255766831000654
"5991667","2016-09-28",19.1931411187595,0.661930188429461,0.847094126472796,0.878310829592768,31.4358854684513,29.2043711982153,30.3201283333333,0.586580221590793,51.8270990976505,30.229176,30.3904102381602,0.290487788935123,-0.146515907013499
"5991666","2016-09-29",18.0159117965963,0.781077622346764,0.774120000588384,0.842233182730072,31.4817457221119,29.210844277888,30.346295,0.70272639653196,54.87545812502,30.247576,30.4383555397389,0.354483488262658,-0.0463160279582674
"5991665","2016-09-30",18.3680756758774,0.379506641366224,0.607504817380817,0.742906314813998,31.4777387268651,29.2047046064681,30.3412216666666,0.452535541651067,44.625756578281,30.229576,30.358574801107,0.161962485220646,-0.00466032532248477
"5991664","2016-10-03",18.6950849923526,0.648647455981643,0.603077239898211,0.66156735262247,31.4442950161135,29.2048049838864,30.32455,0.555972564376807,51.2041237018904,30.241572,30.3707514942928,0.169301136490785,0.0301319670401691
"5991663","2016-10-04",18.9987365005082,0.648647455981643,0.558933851109837,0.589838636129621,31.4359950824493,29.2029749175506,30.319485,0.55840296565614,51.2041237018904,30.246368,30.3813046283871,0.173111419261707,0.0587278574844767
"5991662","2016-10-05",20.819788006834,0,0.432431637321096,0.531480909443047,31.4098504538374,29.0524528794959,30.2311516666666,0.0583470187639207,39.1706971919774,30.198368,30.2091306779355,-0.183902835720196,0.0102017188435422
"5991661","2016-10-06",22.6299873416883,0,0.216215818660548,0.402527102363826,31.3906351876057,28.8826714790609,30.1366533333333,0.0454532843586963,38.1760231093283,30.145168,30.0412465875441,-0.500448083189398,-0.0919282415630457
"5991660","2016-10-07",23.8053247965716,0.0304864770698142,0.0101621590232722,0.219603205001638,31.4168746920823,28.7557653079177,30.08632,0.135620640360227,39.0099598491457,30.09308,29.9050803758715,-0.725796140803148,-0.218701821411066
"5991659","2016-10-10",24.896709576106,0.043552110099735,0.0246795290565172,0.0836858355801117,31.4436801472446,28.6582931860886,30.0509866666666,0.16456366277661,39.3873126751831,30.03148,29.7910696590887,-0.887256726988706,-0.352412802526594
"5991658","2016-10-11",26.2292161313145,0,0.0246795290565172,0.0198404057121013,31.490523818103,28.5371161818969,30.01382,0.105939936725087,36.8501240033296,29.96668,29.6509270378768,-1.08802893137905,-0.499536028297085
"5991657","2016-10-12",26.5615292105344,0.111727385180161,0.0517598317599661,0.0337062966243326,31.5042502370508,28.4887230962824,29.9964866666666,0.223712208698287,40.5736669432781,29.89388,29.5668034328266,-1.15860411244262,-0.631349645126192
"5991656","2016-10-13",26.8701056412386,0.183552132795978,0.0984265059920471,0.0582886222695093,31.5079388929365,28.4777011070634,29.99282,0.238363766798746,42.9043645610977,29.82868,29.5178963084497,-1.15252547944144,-0.73558481198924
"5991655","2016-10-14",26.4574177727229,0.292682926829269,0.195987481601804,0.115391273117938,31.5068645209078,28.4473688124254,29.9771166666666,0.335348682267042,46.1874066328791,29.80708,29.5101768006564,-1.06444071450004,-0.8013559924914
"5991654","2016-10-17",26.5958577420059,0.149122807017544,0.208452622214264,0.167622203269371,31.5088712064936,28.376885460173,29.9428783333333,0.265352806113506,42.3541779722896,29.78708,29.4528198939022,-1.08625037169183,-0.858334868331486
"5991653","2016-10-18",26.7244091420543,0.263157894736843,0.234987876194553,0.213142660003539,31.4961748157859,28.3217285175474,29.9089516666666,0.320771368228109,45.6762231920758,29.78308,29.4377772413819,-1.02068759289798,-0.890805413244786
"5991652","2016-10-19",27.1557948364427,0.162280701754386,0.191520467836258,0.211653655415024,31.4851168066132,28.2411198600534,29.8631183333333,0.271952621353571,43.2990789610454,29.76868,29.3940736091977,-1.02016537810909,-0.916677406217648
"5991651","2016-10-20",26.7299800901302,0.204690332767999,0.210042976419743,0.212183773483517,31.3608898789723,28.2028201210276,29.781855,0.322532419181037,43.0890789101115,29.77308,29.3535304613047,-1.01376342332055,-0.936094609638227
"5991650","2016-10-21",26.5180769497456,0.134510790104685,0.167160608209024,0.189574684155008,31.2106563164452,28.1785670168881,29.6946116666666,0.318778974150415,41.7797682549174,29.743368,29.302393066464,-1.03005487625357,-0.954886662961296
"5991649","2016-10-24",26.0432681711942,0.161588180978763,0.166929767950483,0.181377784193083,30.9439213985415,28.2329052681251,29.5884133333333,0.328005449776373,40.7789449183175,29.704056,29.2460739909355,-1.05590046615167,-0.975089423599371
"5991648","2016-10-25",24.4329224779883,0.397650602409638,0.231249857831029,0.188446744663511,30.705014088644,28.3403059113559,29.52266,0.589118818983286,48.4622161412327,29.684348,29.2666107921441,-0.922379541009422,-0.964547447081382
"5991647","2016-10-26",23.7159303019093,0,0.186412927796135,0.194864184525881,30.5649302654928,28.3123897345071,29.43866,0.231269356382349,39.9770450330117,29.631948,29.1790626865249,-1.02298539182967,-0.976235036031039
"5991646","2016-10-27",23.8405748198798,0,0.132550200803214,0.183404328810125,30.3857473163887,28.2229926836113,29.30437,-0.0472203436288381,34.7521017504692,29.520348,29.0191876616549,-1.26390569907776,-1.03376916864038
"5991645","2016-10-28",23.9416864569474,0.152892561983472,0.0509641873278246,0.123309105309057,30.2773513876547,28.1450552790119,29.2112033333333,0.105494129111031,39.733939215459,29.421148,28.9299626401009,-1.33796124376904,-1.09460758366611
"5991644","2016-10-31",23.4788419517619,0.206611570247934,0.119834710743803,0.101116366291613,30.0549151618977,28.1774781714356,29.1161966666666,0.19829613303798,41.426144892497,29.310504,28.8699676214208,-1.34547158771064,-1.14478038447502
"5991643","2016-11-01",23.7030287595639,0,0.119834710743803,0.0968778696051424,29.8099873333643,28.1944159999689,29.0022016666666,-0.0151129197852465,36.9561067400073,29.189996,28.7486386052314,-1.48069092419455,-1.21196249241893
"5991642","2016-11-02",24.3422028651711,0,0.0688705234159787,0.102846648301194,29.8832145970721,27.9855220695945,28.9343683333333,-0.0801967305332851,33.9934715591555,29.073596,28.5914867912005,-1.67989839254916,-1.30554967244497
"5991641","2016-11-03",25.2804812394704,0,7.30896824544895e-16,0.0629017447199265,30.01423186029,27.6948381397099,28.854535,-0.127118624618909,31.6140515293516,28.932796,28.4099552190404,-1.9144496061319,-1.42732965918236
"5991640","2016-11-04",26.3082534258268,0,7.30896824544895e-16,0.0229568411386592,30.1093529248636,27.4117170751364,28.760535,-0.0648903032955334,30.5310162503641,28.821996,28.2312945231684,-2.12443688016366,-1.56675110337862
"5991639","2016-11-07",26.9216750724374,0.0450450450450446,0.0150150150150156,0.0050050050050048,30.1374275246153,27.2106424753846,28.674035,0.0601425073318222,32.853443673353,28.6928000000001,28.0964552534126,-2.2248182107855,-1.69836452485999
"5991638","2016-11-08",26.3090729304232,0.135135135135135,0.0600600600600606,0.0250250250250248,30.1319431695701,27.1087934970965,28.6203683333333,0.22091965067139,37.3636104425699,28.5756040000001,28.0195945529576,-2.19420830011653,-1.7975332799113
"5991637","2016-11-09",26.212405559274,0.0210210210210211,0.0670670670670677,0.0473807140473804,30.1151672415881,26.9449027584118,28.530035,0.129883140804168,34.2275019037258,28.4976040000001,27.9023152792299,-2.25465918779119,-1.88895846148728
"5991636","2016-11-10",26.8552440967309,0,0.0520520520520528,0.0597263930597261,30.1556946164149,26.6477087169184,28.4017016666666,-0.00409790232825114,29.4017441122005,28.3976040000001,27.7086732419993,-2.47646356903428,-2.00645948299668
"5991635","2016-11-11",27.6864566365062,0,0.00700700700700777,0.0420420420420418,30.1148605749168,26.3942060917498,28.2545333333333,0.0364973175726456,27.868606387003,28.2848040000001,27.5075168097327,-2.69809219899764,-2.14478602619687
"5991634","2016-11-14",28.4367697280496,0.198051948051948,0.0660173160173166,0.0416921250254582,30.0314189126526,26.2508510873473,28.141135,0.182287144285533,36.5609917426711,28.1952040000001,27.414514568435,-2.66661919549119,-2.24915266005573
"5991633","2016-11-15",28.6915509307389,0.381673562848993,0.193241836966981,0.0887553866637676,29.8813771994095,26.1902328005904,28.035805,0.282613489665514,40.8414810956212,28.131608,27.3792592926437,-2.51327410940716,-2.30197694992602
"5991632","2016-11-16",29.5240379181938,0.148636162776685,0.242787224559209,0.167348792514501,29.7692483435517,26.0700283231149,27.9196383333333,0.197331240870312,36.3377173972432,28.0336080000001,27.2713580536245,-2.53445242645789,-2.34847204523239
"5991631","2016-11-17",29.7365801405237,0.265134776844896,0.265148167490192,0.23372574300546,29.5950618309652,26.0300748357014,27.8125683333333,0.29451023683774,39.9054245575559,27.9400080000001,27.2165103131412,-2.43832854386388,-2.36644334495869
"5991630","2016-11-18",29.9339407755443,0.347280334728034,0.253683758116539,0.253873050055313,29.4080371187778,26.0120428812221,27.71004,0.318764906451581,41.9588484963747,27.8428080000001,27.1916422713891,-2.28574396472766,-2.35030346891248
"5991629","2016-11-21",29.3052182436252,0.310185185185186,0.307533432252706,0.275455119286478,29.1955545055826,26.0236454944174,27.6096,0.343543221158062,40.5543022992516,27.754408,27.1487566352039,-2.18734019079617,-2.31771081328922
"5991628","2016-11-22",28.3747220427228,0.502392344497608,0.386619288136943,0.315945492835395,28.7457840797037,26.2424092536295,27.4940966666666,0.471732825385855,45.2424846746154,27.670808,27.16225575051,-1.97383594884755,-2.24893584040089
"5991627","2016-11-23",26.4383033899431,0.334801762114538,0.382459763932445,0.358870828107364,28.516206902554,26.3349864307793,27.4255966666666,0.517300711759781,42.4885414848536,27.584808,27.1352883171087,-1.86924211123057,-2.17299709456682
"5991626","2016-11-25",24.6402003552191,0.409691629955947,0.415628578856032,0.394902543641806,28.4250566328515,26.3270500338151,27.3760533333333,0.382720419732562,44.6167896257064,27.506408,27.1345832081609,-1.71613076017205,-2.08162382768787
"5991625","2016-11-28",23.8790971150428,0.462555066079296,0.402349486049927,0.400145942946134,28.2732947969411,26.3825318697254,27.3279133333333,0.541933690112839,46.1321452645792,27.437608,27.1499721137394,-1.54132984457682,-1.97356503106566
"5991624","2016-11-29",23.7332625053055,0.599118942731277,0.490455212922174,0.43614442594271,28.0792303974207,26.4972862692459,27.2882583333333,0.796096635140843,49.942543378493,27.384808,27.2046424985742,-1.2957908498028,-1.83801019481309
"5991623","2016-11-30",23.143531553667,0.493392070484582,0.518355359765052,0.470386686245717,27.9554524781329,26.5629141885337,27.2591833333333,0.736486615216505,47.1611689010923,27.301604,27.2200234987643,-1.15894354616299,-1.70219686508307
"5991622","2016-12-01",22.0543353578493,0.361233480176212,0.484581497797357,0.497797356828194,27.8751670368502,26.5858662964831,27.2305166666666,0.522867692858828,43.8721073436106,27.238004,27.193353698929,-1.12641359313995,-1.58704021069445
"5991621","2016-12-02",21.5837571526454,0.410526315789475,0.421717288816757,0.474884715459721,27.9024388701536,26.5792611298464,27.24085,0.776468274460075,48.155314267307,27.212804,27.2142398724052,-0.991428560897811,-1.46791788073512
"5991620","2016-12-05",21.1467916763846,0.789473684210527,0.520411160058738,0.475569982224283,28.0363401427611,26.5286931905722,27.2825166666666,1.02232608714531,56.0379505725539,27.201604,27.3283412227511,-0.66391169283434,-1.30711664315496
"5991619","2016-12-06",19.8958596882557,0.373684210526317,0.524561403508773,0.488896617461422,28.0519491542262,26.5290841791071,27.2905166666666,0.668202699638561,47.5035572584983,27.153604,27.3218957263843,-0.630430994522702,-1.17177951342851
"5991618","2016-12-07",18.8135402371228,0.453416149068323,0.538858014601723,0.527943526056411,28.0721769999741,26.5195230000258,27.29585,0.878373632086041,50.6778824094583,27.138804,27.3576429628664,-0.506628410417498,-1.03874929282631
"5991617","2016-12-08",17.8085293182138,0.5375,0.454866786531547,0.506095401547347,28.1435576570764,26.5028890095902,27.3232233333333,0.854069056472842,52.0869328265956,27.145204,27.4072905678176,-0.363156556648947,-0.903630745590836
"5991616","2016-12-09",17.3719997245467,0.625730994152048,0.538882381073458,0.510869060735575,28.2313719274624,26.5670747392041,27.3992233333333,0.953110180874142,54.2005253192197,27.173604,27.4783184921086,-0.185773340401119,-0.760059264552893
"5991615","2016-12-12",16.9666508161416,0.666666666666667,0.609965886939572,0.534571684848192,28.2868701487142,26.6799098512858,27.48339,0.95423856115269,55.2136852392949,27.212404,27.5532093598274,-0.0160271751666219,-0.611252846675639
"5991614","2016-12-13",16.051887874348,0.493827160493828,0.595408273770848,0.581418847261292,28.3222511631013,26.7461955035653,27.5342233333333,0.76803833403811,51.7609561085593,27.234004,27.5807814451838,0.035978808609527,-0.481806515618606
"5991613","2016-12-14",15.4589817724456,0.653846153846154,0.604779993668884,0.603384718126434,28.4071802434595,26.7572597565404,27.58222,0.870389566150837,54.8046056032509,27.254804,27.6420105858259,0.157047915549446,-0.354035629384995
"5991612","2016-12-15",14.6157241900212,0.371794871794873,0.506489395378286,0.568892554272672,28.373226450905,26.8845468824283,27.6288866666666,0.570160610032132,49.517324002117,27.273204,27.6364091743825,0.123139895791047,-0.258600524349787
"5991611","2016-12-16",13.8326992920557,0.557692307692309,0.527777777777779,0.546349055608315,28.3797951373904,26.9613115292762,27.6705533333333,0.671154603839791,52.7526834454391,27.330804,27.6702212844648,0.178758902146137,-0.171128639050602
"5991610","2016-12-19",13.1242201809127,0.756410256410257,0.561965811965814,0.532077661707292,28.4216752046235,27.0313847953764,27.72653,0.850696514021176,55.9990015916984,27.410804,27.7408584465362,0.309344917204024,-0.0750339277996769
"5991609","2016-12-20",12.2988297776927,0.628205128205129,0.647435897435899,0.57905982905983,28.4301991145846,27.122527552082,27.7763633333333,0.755137969069398,53.4475085822581,27.458404,27.7754106536647,0.350431439990473,0.0100591457583531
"5991608","2016-12-21",12.6425688795446,0.0461538461538453,0.476923076923078,0.562108262108262,28.4255853992096,27.157141267457,27.7913633333333,0.446367365895752,45.9991211855213,27.466,27.7173558998427,0.189042931029726,0.0458559028126276
"5991607","2016-12-22",12.9617551884071,0.553846153846154,0.40940170940171,0.511253561253561,28.4482460474996,27.1951472858336,27.8216966666666,0.698151447379326,53.0459332228044,27.5232,27.7550417798637,0.250124397798412,0.0867096018097846
"5991606","2016-12-23",13.258142475208,0.569230769230769,0.38974358974359,0.425356125356125,28.4178396706111,27.3204203293888,27.86913,0.690935824434535,53.2450419403794,27.5696,27.7903695425485,0.300762157921008,0.129520113032029
"5991605","2016-12-27",14.1795437354098,0.217741935483871,0.446939619520265,0.415361639555188,28.3963999886154,27.3801633447179,27.8882816666666,0.403518207179309,48.6870930470644,27.5928,27.7663202702087,0.219306868743363,0.147477464174296
"5991604","2016-12-28",15.1821217880346,0.13709677419355,0.308023159636064,0.381568789633306,28.4017110573862,27.3581856092804,27.8799483333333,0.22214541211274,47.6164417605817,27.6184,27.7321442341809,0.12420889457081,0.142823750253599
"5991603","2016-12-29",14.7015911468282,0.67741935483871,0.344086021505378,0.366349600220568,28.4385970250833,27.3863529749167,27.912475,0.810344670783963,54.7899082332912,27.6556,27.7918583362901,0.240781422867542,0.162415284776387
"5991602","2016-12-30",13.7175302834687,0.821705426356589,0.545407185129617,0.399172122090352,28.4637360341438,27.4828806325229,27.9733083333333,1.01318301607101,56.8780731624026,27.7132,27.8729438914514,0.392063295572065,0.208344886935523
"5991601","2017-01-03",12.8037594817777,0.868217054263567,0.789113945152956,0.559535717262649,28.5196873040762,27.5122626959238,28.015975,0.940752584765955,57.4552234401415,27.7664,27.9512180392579,0.522742266526555,0.271224362853729
"5991600","2017-01-04",12.6687315898289,0.511014432704923,0.733645637775027,0.689388922685866,28.5484151307531,27.5081382025802,28.0282766666666,0.776615446208241,52.6490613551778,27.7996,27.9683889673569,0.510509721277486,0.319081434538481
"5991599","2017-01-05",11.8003266321141,0.670270270270269,0.68316725241292,0.735308945113633,28.6583379937959,27.5218820062041,28.09011,1.10998696025379,57.6669347776254,27.8404,28.0499371050426,0.637319149157389,0.382728977462262
"5991598","2017-01-06",11.791564304307,0.399999999999999,0.527094900991731,0.647969263726558,28.6941929381549,27.5396937285117,28.1169433333333,0.76250054061134,51.7599037407409,27.8708,28.0539454910369,0.587013354812838,0.423585852932377
"5991597","2017-01-09",11.7834278570575,0.54054054054054,0.536936936936936,0.582399696780528,28.725717774003,27.5597555593303,28.1427366666666,0.737797871872883,54.3769689680067,27.9236,28.092086092232,0.614729686038173,0.461814619553537
"5991596","2017-01-10",12.7636853599336,0.183783783783784,0.374774774774775,0.47960220423448,28.7213420593336,27.5457979406663,28.13357,0.360855924160967,47.3540341829888,27.9368,28.0371412799344,0.441932832139003,0.45783826207063
"5991595","2017-01-11",13.077420363157,0.367567567567567,0.363963963963964,0.425225225225224,28.7281645622886,27.5466087710446,28.1373866666666,0.62888092219471,50.8739717327982,27.9348,28.0348557759432,0.398164952299407,0.445903600116385
"5991594","2017-01-12",12.9192702440349,0.916666666666666,0.48933933933934,0.409359359359359,28.8971103662982,27.4869963003684,28.1920533333333,1.10842359309488,59.6709055133328,28.0056,28.1702083391507,0.651564339703747,0.487035748033858
"5991593","2017-01-13",12.7724165619929,0.916666666666666,0.733633633633634,0.528978978978978,29.0329974427149,27.4367758906183,28.2348866666666,1.01065175273615,59.6709055133328,28.064,28.2875138939306,0.841302533769195,0.557889105180925
"5991592","2017-01-17",13.2956266187538,0.60752688172043,0.813620071684588,0.678864348219186,29.1032758560822,27.481497477251,28.2923866666666,0.864381887426925,55.1147018378241,28.1004,28.3345120414066,0.864124308886849,0.61913614592211
"5991591","2017-01-18",13.4933946379269,0.935754892589426,0.819982813658841,0.78907883965902,29.2932471572936,27.441449509373,28.3673483333333,1.06443442106487,60.8470053073459,28.1576,28.4725771025523,1.07655458858369,0.710619834454426
"5991590","2017-01-19",14.5103136586396,0.616163283270068,0.719815019193308,0.784472634845578,29.3382357752694,27.4550508913972,28.3966433333333,0.714188564341778,54.9463458156061,28.188,28.5162334888787,1.07024021873288,0.782543911310116
"5991589","2017-01-20",14.7883471331869,0.710293227705343,0.754070467854946,0.764622766902364,29.4104706369117,27.4732226964215,28.4418466666666,0.795377782079492,56.315794073948,28.236444,28.5768823570282,1.10061736702625,0.846158602453342
"5991588","2017-01-23",14.2620837021374,0.986631457336196,0.771029322770536,0.748304936606263,29.5392149743115,27.5200383590217,28.5296266666666,0.970145434271703,60.1457043271849,28.29378,28.6964180427578,1.25111276338046,0.927149434638765
"5991587","2017-01-24",13.8454452847184,0.962975188424933,0.886633291155491,0.803911027260323,29.6563198241614,27.5389735091718,28.5976466666666,0.893300485347139,59.6634650447927,28.366996,28.7942823037234,1.34170251233825,1.01006005017866
"5991586","2017-01-25",14.1601401996482,0.720690983110524,0.890099209623885,0.849253941183303,29.6985966900951,27.5971633099048,28.64788,0.707217291510787,54.8158547616066,28.410996,28.8203779965603,1.27498277893909,1.06304459593075
"5991585","2017-01-26",14.4523569063687,0.726192440996865,0.803286204177441,0.860006234985605,29.697857307651,27.7242126923489,28.7110349999999,0.673434634928431,54.9054491202619,28.442996,28.8443275970189,1.21085339345224,1.09260635543505
"5991584","2017-01-27",14.7565031849985,0.715189525224185,0.720690983110525,0.80469213230395,29.6293095761811,27.9334270904855,28.7813683333333,0.626953568510429,54.6719561091637,28.482196,28.8624172507497,1.14121167009753,1.10232741836754
"5991583","2017-01-30",15.0389247294403,0.726192440996865,0.722524802405972,0.748833996564645,29.6342468080662,28.004586525267,28.8194166666666,0.610810415667245,54.8786014761627,28.548596,28.8807616173164,1.07911322987086,1.09768458066821
"5991582","2017-01-31",14.1961600519326,0.757934628138324,0.733105531453125,0.725440438989874,29.6770821928781,28.0387511404551,28.8579166666666,0.737284155375753,56.3777660835862,28.594196,28.9153267350076,1.05671293078533,1.08949025069163
"5991581","2017-02-01",13.4135928513897,0.634021219540635,0.706049429558608,0.720559921139235,29.7036532988009,28.0845600345323,28.8941066666666,0.678923190977667,56.8606812108513,28.640748,28.9511231703399,1.03903808920007,1.07939981839332
"5991580","2017-02-02",13.4562126468238,0.189576775096189,0.52717754092505,0.65544416731226,29.6855009638579,28.1530157028086,28.9192583333333,0.434621448432064,51.5154792744585,28.688452,28.9313200809613,0.908259613090245,1.04517177733271
"5991579","2017-02-03",12.6925391817412,0,0.274532664878942,0.502586545120866,29.6850820078568,28.1484346588098,28.9167583333333,0.380632989661746,47.6835183949825,28.728052,28.8738107368331,0.711951732810467,0.978527768428258
"5991578","2017-02-06",11.9834138213074,0.330760749724365,0.173445841606852,0.325052015803613,29.6764146692061,28.2089353307939,28.942675,0.497041412064225,51.8867001086908,28.754052,28.8679693052553,0.641183907695742,0.911058996281754
"5991577","2017-02-07",11.3249402723331,0.444444444444446,0.258401731389604,0.235460079291798,29.6622407879153,28.2751092120846,28.968675,0.479327844236559,53.2354149928707,28.775652,28.877573397888,0.608831604012527,0.850613517827909
"5991576","2017-02-08",11.0444120283862,0.606060606060608,0.460421933409807,0.297423168802087,29.5513303276408,28.5040196723591,29.027675,0.616799155420734,55.2024897459855,28.801252,28.9072302781696,0.620689683692777,0.804628751000883
"5991575","2017-02-09",10.7839215161498,0.606060606060608,0.552188552188555,0.423670738995988,29.4678958349795,28.6684874983538,29.0681916666666,0.539789844408724,55.2024897459855,28.842052,28.932932907747,0.622808682265208,0.768264737253748
"5991574","2017-02-10",11.7560067230083,0.828088771116264,0.680069994412494,0.564226826670284,29.5493476886542,28.638955644679,29.0941516666666,1.02180633220287,60.0720542380372,28.878852,29.0085418533807,0.727352582597884,0.760082306322575
"5991573","2017-02-13",13.0076789814212,0.823943661971831,0.752697679716235,0.661652075439094,29.6666923749985,28.5919442916681,29.1293183333333,1.0806151317492,61.9643984951454,28.942452,29.0967362729299,0.847091792892285,0.777484203636517
"5991572","2017-02-14",13.9628844790055,0.774647887323944,0.808893440137347,0.747220371422024,29.7271492394075,28.6031540939257,29.1651516666666,0.886877412310323,60.6889394161015,28.992852,29.163838103206,0.911492271440517,0.804285817197317
"5991571","2017-02-15",14.3030833735823,0.643028169014084,0.747206572769953,0.769599230874511,29.7364568315546,28.600129835112,29.1682933333333,0.770262580778339,57.2977075646728,29.062176,29.1970730227785,0.900166947144609,0.823462043186776
"5991570","2017-02-16",14.6189823471179,0.718309859154928,0.711995305164319,0.756031772690539,29.7657532880149,28.6428333786517,29.2042933333333,0.781147982179519,58.718581772799,29.122176,29.2401299530747,0.910061443417232,0.840781923232867
"5991569","2017-02-17",14.9123171082581,0.718309859154928,0.693215962441314,0.717472613458528,29.8000060746917,28.6591739253083,29.22959,0.754559796686127,58.718581772799,29.140976,29.2774459593314,0.907255427211862,0.854076624028666
"5991568","2017-02-21",16.0453182086281,0.820689655172415,0.752436457827424,0.719215908477685,29.8543227153999,28.6346306179334,29.2444766666666,0.936331432420915,61.1054776065777,29.166576,29.3324531647539,0.940783352950159,0.871417969812964
"5991567","2017-02-22",17.0973906589717,0.884206896551724,0.807735470293023,0.751129296853919,29.9113455389358,28.6127777943974,29.2620616666666,0.900470699754069,62.3747466341905,29.21226,29.39240607612,0.981027202891971,0.893339816428766
"5991566","2017-02-23",18.0743150771479,0.884206896551724,0.863034482758622,0.807735470293022,29.9784587356872,28.6155412643127,29.297,0.855927640659572,62.3747466341905,29.228744,29.4443652659707,1.00104901803333,0.914881656749678
"5991565","2017-02-24",19.7600215700689,0.855421686746987,0.874611826616812,0.848460593222818,30.1003369999264,28.5965796667402,29.3484583333333,0.988138378757836,65.6702271241799,29.277372,29.5205432305079,1.06816352366033,0.945538030131808
"5991564","2017-02-27",21.691172213223,0.893267651888343,0.877632078395685,0.871759462590372,30.2674689522436,28.565197714423,29.4163333333333,1.05093061111347,69.2053410549938,29.330528,29.6244707997735,1.18458630827452,0.993347685760349
"5991563","2017-02-28",23.5097384578222,0.922898550724637,0.890529296453323,0.880924400488606,30.4179227246088,28.5556506087245,29.4867866666666,0.995244487705871,70.0647521979423,29.366536,29.7243546931371,1.28115832267495,1.05090981314327
"5991562","2017-03-01",23.8989297155648,0.673913043478261,0.830026415363747,0.866062596737584,30.4795543411292,28.5726856588708,29.52612,0.765992796490134,61.4436531478471,29.39052,29.7651074007188,1.24951350934952,1.09063055238452
"5991561","2017-03-02",24.3756188710786,0.64382791264411,0.74687983561567,0.822478515810913,30.5430499065226,28.6008100934774,29.57193,0.771887125602725,62.4571441983789,29.43492,29.8097597472896,1.22901209364381,1.11830686063638
"5991560","2017-03-03",24.8182588011985,0.64382791264411,0.653856289588828,0.743587513522748,30.5682196157118,28.7037337176215,29.6359766666666,0.748874681116452,62.4571441983789,29.47892,29.848458447651,1.19873296614208,1.13439208173752
"5991559","2017-03-06",23.4147130599963,0.128315680944794,0.471990502077672,0.624242209094056,30.5160811720266,28.8448721613067,29.6804766666666,0.465807189306205,50.3878049367349,29.50172,29.8086639879642,1.01430713648998,1.11037509268801
"5991558","2017-03-07",21.8357487912154,0.0345861842721898,0.268909925953698,0.464918905873399,30.4777490791546,28.937317587512,29.7075333333333,0.351946244994356,48.5507615519463,29.51972,29.7608421229023,0.831467717166379,1.05459361758368
"5991557","2017-03-08",21.4745984740903,0,0.054300621738995,0.265067016590121,30.468690915806,28.952709084194,29.7107,0.0333937043859863,39.9284485855574,29.51012,29.646063173182,0.530885048877505,0.949851903842448
"5991556","2017-03-09",22.1413876140359,0,0.0115287280907304,0.111579758594474,30.5894952792894,28.7593347207105,29.674415,-0.183063020968327,33.2269978821439,29.475568,29.4692547500911,0.131806905131149,0.786242904100188
"5991555","2017-03-10",23.1718537915938,0,4.8340960863887e-16,0.0219431166099078,30.7486047280147,28.4988919386519,29.6237483333333,-0.183234621741226,30.4730425208482,29.444664,29.2773541167456,-0.263173121114424,0.576359699057266
"5991554","2017-03-13",23.4223305119054,0.0775510204081624,0.0258503401360546,0.0124596894089277,30.8251964971002,28.2951335028998,29.560165,0.00094852596123142,34.3143291862821,29.433464,29.1363735678462,-0.519698475928754,0.357148064060062
"5991553","2017-03-14",23.7501639211027,0.0530612244897955,0.0435374149659864,0.0231292517006797,30.8650010416411,28.1075989583589,29.4863,0.0610844446646517,33.6814846240325,29.406664,29.0061904254667,-0.732545370729132,0.139209377102223
"5991552","2017-03-15",23.6226154669674,0.139836734693877,0.0901496598639453,0.0531791383219947,30.8763194333685,27.9831205666314,29.42972,0.167731101704691,38.0417917694601,29.383968,28.9217117020711,-0.833307006539874,-0.0552938996261962
"5991551","2017-03-16",23.3606895751786,0.277551020408163,0.156816326530612,0.0968344671201806,30.8713059363067,27.9115940636933,29.39145,0.269757993571769,44.300699247836,29.368368,28.8934834751283,-0.809879824445214,-0.20621108459
"5991550","2017-03-17",23.1174726756604,0.277551020408163,0.231646258503401,0.159537414965986,30.8585913340786,27.8433086659214,29.35095,0.287432864331852,44.300699247836,29.352768,28.8690190117779,-0.782364939696123,-0.321441855611224
"5991549","2017-03-20",22.8916284118221,0.328502415458937,0.294534818758422,0.227665801264144,30.8410933915913,27.7798066084086,29.31045,0.303856991348023,44.300699247836,29.321168,28.8478164768742,-0.751947146806697,-0.407542913850319
"5991548","2017-03-21",22.2152632910494,0.342995169082124,0.316349534983075,0.280843537414965,30.7922406271927,27.7286593728072,29.26045,0.342085685620128,44.9186227297638,29.283968,28.8334409466243,-0.711280591397001,-0.468290449359655
"5991547","2017-03-22",21.7877529595542,0.304347826086956,0.325281803542673,0.312055385761389,30.7369115384623,27.6766917948709,29.2068016666666,0.337374968129166,43.5317255831295,29.246368,28.8103154870744,-0.69350498683729,-0.513333356855182
"5991546","2017-03-23",20.8722629418508,0.53448275862069,0.393941917929924,0.345191085485223,30.6758179577335,27.6555753755998,29.1656966666666,0.431893991600725,49.7921707875589,29.228244,28.8302734221311,-0.588594642020046,-0.528385613888155
"5991545","2017-03-24",19.8823292057264,0.556881463802705,0.465237349503451,0.394820356992015,30.5639216926514,27.6622216406819,29.1130716666666,0.471371380508382,48.0703653955805,29.202244,28.8355702991803,-0.524598031537582,-0.527628097418041
"5991544","2017-03-27",18.6894961960652,0.439393939393938,0.510252720605778,0.456477329346383,30.3733925608771,27.6886674391229,29.03103,0.381665104523226,43.4011902532869,29.165844,28.8054942592896,-0.540470414575989,-0.53019656084963
"5991543","2017-03-28",17.9683552934303,0.325757575757575,0.440677659651407,0.472055909920211,30.1348205731519,27.7496660935147,28.9422433333333,0.370486376191881,40.9310681913093,29.116644,28.759428358051,-0.588449315124873,-0.541847111704679
"5991542","2017-03-29",17.2987244552694,0.40151515151515,0.388888888888888,0.44660642304869,29.9600840479203,27.7807359520796,28.87041,0.374392101997953,43.2499388881607,29.06776,28.7328379103109,-0.591728131465552,-0.551823315656853
"5991541","2017-03-30",16.5679295259525,0.453781512605041,0.393684746625922,0.407750431722071,29.7386843430509,27.874135656949,28.80641,0.507288627055607,46.4211387461361,29.024476,28.7284595222694,-0.548717230746176,-0.551202098674718
"5991540","2017-03-31",16.2537754176772,0,0.285098888040064,0.355890841184957,29.452686281447,28.0011337185529,28.72691,0.350566899508269,37.5449232431188,28.949848,28.6513315859668,-0.661791595522299,-0.573319998044234
"5991539","2017-04-03",15.9620608885644,0.608333333333332,0.354038281979458,0.344273972215147,29.2975947776832,28.0848985556501,28.6912466666667,0.680440901871667,50.9506450389704,28.893048,28.6818207078379,-0.539808004519438,-0.566617599339275
"5991538","2017-04-04",15.6017326808198,0.699999999999998,0.43611111111111,0.35841609371021,29.1761431939325,28.1577368060674,28.66694,0.820494192910132,52.6016199121273,28.837704,28.7229112801262,-0.407541337312944,-0.534802346934009
"5991537","2017-04-05",14.839264689616,0.766666666666666,0.691666666666666,0.493938686585744,29.1939795728855,28.1489504271144,28.671465,0.904168950734563,53.8190717960815,28.799304,28.7691897761094,-0.277149059220405,-0.483271689391288
"5991536","2017-04-06",13.9397386041254,0.758333333333332,0.741666666666666,0.623148148148147,29.248176276898,28.1631670564353,28.7056716666666,0.87120575481834,53.6336246511432,28.757704,28.8079644726281,-0.17470030034733,-0.421557411582496
"5991535","2017-04-07",12.9519648619002,0.874999999999999,0.799999999999999,0.744444444444443,29.2700194306441,28.2546572360225,28.7623383333333,0.950737351745966,55.9234595337028,28.721704,28.8602358762777,-0.0538193038449264,-0.348009790034983
"5991534","2017-04-10",12.1619538105214,0.916666666666666,0.849999999999999,0.797222222222221,29.3167679027768,28.3048220972231,28.810795,0.950490198353302,56.7450650298303,28.709704,28.9122044261073,0.0551389093609078,-0.267380050155804
"5991533","2017-04-11",12.3104741654853,1,0.930555555555555,0.860185185185184,29.4300345608903,28.3239521057763,28.8769933333333,1.15366434782852,62.0743784969037,28.715704,29.0039105026264,0.235990217755111,-0.166705996573621
"5991532","2017-04-12",11.7105443697692,0.848275862068964,0.921647509578544,0.900734355044699,29.4908686491561,28.3576113508439,28.92424,0.931581895887011,57.2958103026893,28.734904,29.0540557689428,0.314141023779224,-0.0705365925030523
"5991531","2017-04-13",11.0562013782903,0.827586206896552,0.891954022988506,0.914719029374201,29.5465384524368,28.3679415475631,28.95724,0.850213035765835,56.6553246613323,28.776104,29.0935149997505,0.363402807241742,0.0162512874459065
"5991530","2017-04-17",11.4084028763074,0.84375,0.839870689655173,0.88449074074074,29.637945600973,28.3638677323603,29.0009066666666,0.957135847827601,59.1162152908998,28.834904,29.1477129997837,0.438775730995444,0.100756176155814
"5991529","2017-04-18",12.1274031211183,0.9375,0.869612068965518,0.867145593869731,29.7755007074191,28.3389792925809,29.05724,1.04257921853149,63.5709247498682,28.898104,29.2346845998126,0.574450624523259,0.195495065829303
"5991528","2017-04-19",11.9848882368658,0.471410348843659,0.750886782947887,0.820123180522858,29.7989908176308,28.3695925157025,29.0842916666666,0.663291318464893,48.4198046688401,28.931704,29.2033933198376,0.455760687650542,0.247548190193551
"5991527","2017-04-20",11.8525529872028,0.826354611502413,0.745088320115358,0.78852905734292,29.8627799051746,28.3988900948253,29.130835,0.847816479355462,57.2067202562272,28.9824,29.2616075438592,0.532147855524956,0.304468123259832
"5991526","2017-04-21",12.0259829590779,0.588668344049951,0.628811101465342,0.708262068176195,29.9039897992214,28.4128502007785,29.15842,0.736919467747306,55.177420373232,29.014468,29.294953204678,0.550782326565669,0.353730963920999
"5991525","2017-04-24",12.5056945296533,0.394559235801061,0.603194063784476,0.659031161788391,29.9240007942441,28.4268392057559,29.17542,0.629965931196849,52.9436381057243,29.040868,29.3049594440543,0.52048048577038,0.387080868290875
"5991524","2017-04-25",13.0856981804314,0.325254432903157,0.436160670918057,0.556055278722624,29.9250535216699,28.48578647833,29.20542,0.574977978431945,51.983983209215,29.064868,29.3056315181804,0.474476560668746,0.40456000676645
"5991523","2017-04-26",13.624272999011,0.325254432903157,0.348356033869126,0.462570256190552,29.9100919071928,28.5684147594739,29.2392533333333,0.552730022857562,51.983983209215,29.087668,29.306213982423,0.433028629206467,0.410253731254453
"5991522","2017-04-27",14.1243781876922,0.325254432903157,0.325254432903158,0.369923712563446,29.8777080565063,28.6721319434937,29.27492,0.529098121322563,51.983983209215,29.113668,29.3067187847666,0.395621974418203,0.407327379887203
"5991521","2017-04-28",16.0657516338439,0,0.216836288602105,0.296815585124795,29.9031574488125,28.6266825511875,29.26492,-0.00523516067564307,40.7576871016357,29.098468,29.2098229467977,0.162801209973851,0.358422145904533
"5991520","2017-05-01",17.8684555481277,0.0873934891850564,0.137549307362738,0.226546676289333,29.8717742676391,28.6770657323609,29.27442,0.0191965378683787,42.9391520049392,29.091668,29.1418465538914,0.010876467314791,0.288913010186584
"5991519","2017-05-02",19.5423948971055,0.0873934891850564,0.0582623261233715,0.137549307362737,29.893068347901,28.6347649854323,29.2639166666666,0.0518436304896424,42.9391520049392,29.095268,29.0829336800392,-0.108545867907339,0.2094212345678
"5991518","2017-05-03",21.0967671497277,0.0873934891850564,0.087393489185057,0.0944017075570546,29.915529766231,28.5829702337689,29.24925,0.0878232929787623,42.9391520049392,29.104868,29.031875856034,-0.201086299278497,0.12731972779854
"5991517","2017-05-04",24.052023411517,0,0.0582623261233715,0.067972713810599,30.1753445900486,28.166272076618,29.1708083333333,-0.319188119060483,29.6065545944539,29.063468,28.8309590752294,-0.596011085161974,-0.0173464347935624
"5991516","2017-05-05",25.9929115856818,0.0926650467443686,0.0600195119764756,0.0685584424283003,30.2833953772374,27.9223779560959,29.1028866666666,-0.0730100314179762,33.8426775461058,29.025468,28.6868311985322,-0.838603324943321,-0.181597812823514
"5991515","2017-05-08",26.6727913332175,0.0926650467443686,0.0617766978295797,0.0600195119764745,30.3306699510723,27.7397700489276,29.03522,0.0489778156361785,33.8426775461058,29.009468,28.5619203720612,-1.02058866486623,-0.349395983232057
"5991514","2017-05-09",27.4468163086564,0.0591016548463356,0.0814772494450249,0.067757819750359,30.376121797014,27.5336515363193,28.9548866666666,0.0444502324009509,32.8245050314278,28.960268,28.4403309891197,-1.18081058589824,-0.515678903765294
"5991513","2017-05-10",28.1655537858496,0.0729853525947566,0.0749173513951542,0.0727237662232518,30.35157547,27.3651978633333,28.8583866666666,0.10206416495565,33.2569960386912,28.907468,28.3376201905704,-1.28840772062722,-0.670224667137678
"5991512","2017-05-11",27.9351274950087,0.230352303523035,0.12081310365471,0.0924025681649619,30.305627663958,27.264812336042,28.78522,0.22533024536798,39.162417199431,28.862668,28.2859374984944,-1.27975075678928,-0.792129885067998
"5991511","2017-05-12",27.3113571631671,0.264623955431755,0.189320537183183,0.128350330744348,30.2477584914367,27.1885781752299,28.7181683333333,0.27471034871157,40.1802728930856,28.820268,28.2478124986951,-1.24451219627042,-0.882606347308482
"5991510","2017-05-15",25.8496581403134,0.199159663865548,0.231378640940113,0.180504093926001,30.1432376012121,27.1403657321212,28.6418016666666,0.304919526305337,38.5214520134249,28.767488,28.1988374988691,-1.23672975246074,-0.953431028338934
"5991509","2017-05-16",25.2353777830402,0,0.154594539765768,0.191764572629687,29.9876962845454,27.0772403821212,28.5324683333333,0.196793779765469,33.9658003370183,28.698288,28.1083258323532,-1.31916056880429,-1.02657693643201
"5991508","2017-05-17",24.0202931311239,0.228813559322034,0.142657741062528,0.176210307256135,29.8944908345743,27.0300091654256,28.46225,0.30837138091033,39.7161230088008,28.625888,28.0658823880395,-1.29256014623403,-1.07977357839241
"5991507","2017-05-18",22.8920002400587,0.542372881355933,0.257062146892656,0.184771475906983,29.718761859482,27.057738140518,28.38825,0.414224740511206,46.5811251398541,28.577088,28.0784314029675,-1.15187185623113,-1.09419323396016
"5991506","2017-05-19",21.7620924099436,0.567881355932205,0.446355932203391,0.28202527338619,29.5502661878543,27.0940738121457,28.32217,0.446229781793101,47.1088071856833,28.530692,28.0933205492385,-1.01993271995747,-1.07934113115962
"5991505","2017-05-22",21.0259607776366,0.457627118644067,0.522627118644069,0.408681732580037,29.3916476628434,27.1280256704899,28.2598366666666,0.439696939774216,45.0379430215365,28.473092,28.0888778093401,-0.941869950784624,-1.05184689508462
"5991504","2017-05-23",20.510658930356,0.52987598647125,0.518461487015841,0.495814845954432,29.2222074481084,27.1707992185582,28.1965033333333,0.426959117883872,43.9192527179473,28.400692,28.0756941014281,-0.889876801567724,-1.01945287638124
"5991503","2017-05-24",20.0321643578812,0.541149943630214,0.509551016248511,0.516879873969473,29.0224379510891,27.2395687155776,28.1310033333333,0.426521064627758,44.1327416325784,28.360692,28.065601554571,-0.836190080744814,-0.982800317253956
"5991502","2017-05-25",19.0122461537936,0.998948475289168,0.689991468463545,0.572667990575964,28.8188334134147,27.3592065865853,28.08902,0.761240288493224,53.1583461368596,28.313892,28.1195213472949,-0.651105691762544,-0.916461392155673
"5991501","2017-05-26",18.065179249998,0.998948475289168,0.846348964736184,0.681963816482745,28.7921843500275,27.3708556499725,28.08152,0.773321716493162,53.1583461368596,28.272224,28.1662518343222,-0.498777193367328,-0.832924552398004
"5991500","2017-05-30",17.0319081246186,0.757939011566772,0.918611987381703,0.818317473527142,28.7154509297592,27.4016690702407,28.05856,0.63871404805879,48.7078913759779,28.227056,28.1761915897459,-0.43866866394412,-0.754073374707227
"5991499","2017-05-31",16.904576890062,0.410094637223975,0.722327374693306,0.829096108937063,28.6140300448533,27.4390899551466,28.02656,0.528461025624187,43.0994723456897,28.171056,28.1406993777798,-0.480262005665355,-0.699311100898853
"5991498","2017-06-01",16.7863407436881,0.557308096740274,0.575113915177008,0.738684425750671,28.5038442262488,27.4946057737511,27.999225,0.652664615204385,45.9366795825331,28.120656,28.1286061274092,-0.467785214947625,-0.653005923708607
"5991497","2017-06-02",17.7347909359624,0.0267857142857153,0.331396149416655,0.542945813095655,28.4764955093695,27.5607878239638,28.0186416666666,0.384997871032787,38.5446239007895,28.050256,28.0514586437546,-0.594744338832376,-0.641353606733361
"5991496","2017-06-05",18.6154946859314,0.571428571428571,0.385174127484854,0.430561397359504,28.4923401603489,27.5932765063177,28.0428083333333,0.711914917420756,49.2700504687141,28.033456,28.0659308245873,-0.514249317505222,-0.615932748887733
"5991495","2017-06-06",19.3961464807026,0.721743119266055,0.439985801660114,0.385518692853873,28.5286254814005,27.6057678519328,28.0671966666666,0.811246997906265,51.8893622980486,28.018924,28.102033381309,-0.395137207950824,-0.571773640700352
"5991494","2017-06-07",19.6616964684319,0.622018348623854,0.638396679772827,0.487852202972597,28.5342980880161,27.6662952453172,28.1002966666666,0.755417750296794,50.1731469038547,28.000044,28.1188289304678,-0.328185261015179,-0.523055964763317
"5991493","2017-06-08",19.9082785998949,0.743119266055045,0.695626911314985,0.591336464249308,28.5412697279983,27.732073605335,28.1366716666666,0.822330181804257,52.2389840698374,27.986444,28.1509850730721,-0.234584303085605,-0.465361632427775
"5991492","2017-06-09",19.1321673228036,0.620481927710842,0.661873180796581,0.665298923961463,28.6634828786176,27.6938604547157,28.1786716666666,1.13048081218389,55.5469967621689,28.028644,28.2081870633292,-0.0963969618420046,-0.391568698310621
"5991491","2017-06-12",18.4114925655046,0.753012048192771,0.705537747319553,0.687679279810372,28.7666088531441,27.6678378135225,28.2172233333333,1.03038954036084,58.6325764530255,28.070644,28.2870954548853,0.0748178101967811,-0.29829139660914
"5991490","2017-06-13",17.7422945765841,0.753012048192771,0.708835341365462,0.692082089827197,28.8536029603049,27.6552437063617,28.2544233333333,0.955269707203013,58.6325764530255,28.112644,28.3554827275672,0.207719141034701,-0.197089289080372
"5991489","2017-06-14",18.1994422571163,0.570588235294117,0.692204110559887,0.702192399748299,28.8804876496367,27.7396923503632,28.31009,0.897304699293574,53.1835638354637,28.147444,28.3774183638916,0.230581015614373,-0.111555228141423
"5991488","2017-06-15",19.4917228611799,0.779816513761468,0.701138932416119,0.700726128113821,29.1014640500488,27.6683826166178,28.3849233333333,1.21529547641447,62.8715793034537,28.210644,28.4937625820394,0.450362594554288,0.000828336397719065
"5991487","2017-06-16",20.6916977078104,0.821100917431192,0.72383522216226,0.705726088379421,29.2731067493777,27.6182499172889,28.4456783333333,1.06163267337969,63.8644116895526,28.266244,28.6065942377675,0.641565433368396,0.128975755791854
"5991486","2017-06-19",20.6314067196328,0,0.533639143730887,0.652871099436421,29.2731485080449,27.6178648252884,28.4455066666666,0.34362801210671,40.4422997729123,28.247444,28.4630483393985,0.278548516256438,0.158890307884771
"5991485","2017-06-20",20.5754222306107,0.872727272727272,0.564609396719489,0.607361254204211,29.4329441272058,27.5907358727942,28.51184,1.009258384742,58.027271524032,28.310224,28.5946418941453,0.527475484039508,0.232607343115719
"5991484","2017-06-21",21.0577440238381,0.695454545454545,0.522727272727273,0.540325271059215,29.4910245854795,27.6364054145204,28.563715,0.780624548056172,54.5067873028622,28.371824,28.6566896415926,0.606948746957037,0.307475623883982
"5991483","2017-06-22",21.2604488241995,0.704545454545453,0.757575757575757,0.614970809007505,29.5414661968628,27.6992971364705,28.6203816666666,0.778449832697473,54.658707048364,28.423424,28.7131310227136,0.667548821817987,0.379490263470783
"5991482","2017-06-23",21.4486747102494,0.772727272727273,0.724242424242424,0.668181818181817,29.6135873716613,27.7031426283387,28.658365,0.79921566797366,55.8495345339339,28.466224,28.7820468863518,0.748702977080429,0.453332806192712
"5991481","2017-06-26",20.5592885029681,0.89090909090909,0.789393939393939,0.757070707070706,29.7405135971976,27.6852164028024,28.712865,0.912171535245688,57.9128753906556,28.51822,28.8764406348382,0.875150227096344,0.537696290373439
"5991480","2017-06-27",19.7334298819212,0.986363636363636,0.883333333333333,0.798989898989898,29.8744420225208,27.6972079774791,28.785825,0.919879067242171,59.5569088920516,28.58382,28.9862485501931,1.02128988378822,0.634415009056396
"5991479","2017-06-28",20.0844956082358,0.668181818181818,0.848484848484849,0.840404040404039,29.8755168956743,27.7941331043256,28.834825,0.598576245694259,52.2326025340133,28.62422,28.9880820768341,0.931178812080535,0.693767769661224
"5991478","2017-06-29",21.3507402710423,0.304545454545454,0.653030303030303,0.794949494949494,29.8674191412344,27.8135675254322,28.8404933333333,0.220609482081543,45.3660060171831,28.63222,28.8830044665895,0.629613742362212,0.680936964201421
"5991477","2017-06-30",22.5265388865055,0.304545454545454,0.425757575757576,0.642424242424241,29.8365985577108,27.8730547756225,28.8548266666666,0.166507733293222,45.3660060171831,28.62142,28.7919372043776,0.385618116731945,0.621873194707526
"5991476","2017-07-03",22.9232677374221,0.431818181818182,0.346969696969697,0.475252525252524,29.8230517212464,27.9119349454202,28.8674933333333,0.300730823210948,48.1337270597733,28.62182,28.7503455771272,0.267375218185939,0.550973599403209
"5991475","2017-07-05",23.4062379226941,0.390909090909091,0.375757575757576,0.382828282828282,29.82112934867,27.9174139846632,28.8692716666666,0.248244051748416,47.3042043714828,28.627788,28.7022995001769,0.146594578183357,0.470097795159238
"5991474","2017-07-06",23.8547102375896,0.3963133640553,0.406346878927525,0.376358050551598,29.8171428506927,27.9282004826406,28.8726716666666,0.244475175722603,47.3042043714828,28.646988,28.66065956682,0.0501744565442941,0.386113127436249
"5991473","2017-07-07",24.5685683235574,0.295391705069124,0.360871386677839,0.380991947120979,29.8279182628308,27.9010750705025,28.8644966666666,0.172782575573908,45.1102625596567,28.651828,28.5953716245773,-0.0871316367206276,0.291464174604874
"5991472","2017-07-10",25.5171332073025,0,0.230568356374809,0.332595540660056,29.8570389777142,27.7952876889524,28.8261633333333,0.110607737035973,42.9456632329413,28.667828,28.5093220746337,-0.255832690631996,0.1820048015575
"5991471","2017-07-11",26.3979434564943,0,0.0984639016897087,0.229967881580784,29.8831519087679,27.6841747578988,28.7836633333333,0.120885859135089,42.9456632329413,28.659428,28.4347457980159,-0.385578348687465,0.0684881715085069
"5991470","2017-07-12",26.38615141076,0.0862285714285714,0.0287428571428579,0.119258371735791,29.8848526169782,27.617200716355,28.7510266666666,0.233751022441297,45.0342876820888,28.649996,28.3902330249471,-0.440764806261451,-0.0333624240454847
"5991469","2017-07-13",25.8441477156846,0.108571428571429,0.0649333333333343,0.0640466973886324,29.8802914639225,27.5694285360774,28.72486,0.290182275998469,45.590091965067,28.646476,28.3568686216208,-0.468118205721713,-0.12031358038073
"5991468","2017-07-14",24.5590470391847,0.394285714285715,0.196361904761906,0.0966793650793649,29.8002107039266,27.5765092960733,28.68836,0.496240502447652,52.2407612812644,28.657676,28.3946194720714,-0.343561878060983,-0.164963239916781
"5991467","2017-07-17",23.1502174995285,0.405714285714286,0.302857142857144,0.188050793650794,29.7307322551496,27.592144411517,28.6614383333333,0.581936467494225,52.4909159970464,28.660876,28.4300035424619,-0.236514768614438,-0.179273545656312
"5991466","2017-07-18",21.8420186412763,0.725806451612904,0.508602150537636,0.335940399385561,29.7452514585608,27.6456252081058,28.6954383333333,0.581551815851152,54.9072993439186,28.662876,28.4860030701336,-0.096776674918686,-0.162774171508787
"5991465","2017-07-19",20.7955375216494,0.807419354838709,0.6463133640553,0.485924219150026,29.670940898916,27.6710157677506,28.6709783333333,0.644916258189035,56.1855560397866,28.668924,28.5480293274491,0.0418994212862955,-0.12183945294977
"5991464","2017-07-20",19.6953589863485,0.766129032258063,0.766451612903226,0.640455709165386,29.6520060011422,27.673867332191,28.6629366666666,0.631637215708824,55.3309730007557,28.684124,28.5949587504559,0.135547881579545,-0.0703619860439073
"5991463","2017-07-21",19.0808967199241,0.275649350649352,0.616399245915375,0.676388074291299,29.6099700555967,27.6772032777366,28.6435866666666,0.553160406027076,47.3675787939201,28.649104,28.5655642503951,0.0606969637783727,-0.0441501960794513
"5991462","2017-07-24",18.5103246153872,0.376623376623378,0.472800586510265,0.618550481776288,29.5431610365521,27.6864622967812,28.6148116666666,0.521375752825825,49.6756562752629,28.616704,28.5608223503424,0.0447538030968975,-0.0263693962441815
"5991461","2017-07-25",18.6299868368589,0.162337662337662,0.271536796536798,0.453578876320812,29.3812107209671,27.7190792790328,28.550145,0.32944890748026,45.1505544849919,28.643504,28.5127127036301,-0.0605052184041055,-0.0331965606761663
"5991460","2017-07-26",18.5178483211563,0.285714285714287,0.274891774891776,0.339743052646279,29.1289828275791,27.8433071724208,28.486145,0.44855234309323,48.0829279166893,28.601104,28.4963510098128,-0.0892138790677399,-0.0444000243544811
"5991459","2017-07-27",18.2137184084799,0.389610389610391,0.279220779220781,0.275216450216451,29.0535097586794,27.8697802413205,28.461645,0.574641207053085,50.4836754975484,28.580704,28.5035042085044,-0.0659075949727805,-0.048701538478141
"5991458","2017-07-28",21.0609798334882,0,0.225108225108227,0.25974025974026,29.3702198640432,27.3904034692901,28.3803116666666,-0.379026798282286,26.7969590471842,28.445904,28.1310369807038,-0.847496235165635,-0.20846047781564
"5991457","2017-07-31",23.7048654424245,0.686507936507937,0.35870610870611,0.287678371011705,29.3727552872695,27.3985347127304,28.385645,0.459995182730917,49.9191612236281,28.408904,28.1542320499433,-0.718611207496089,-0.31049062375173
"5991456","2017-08-01",25.170941127084,0.722222222222223,0.469576719576721,0.351130351130351,29.3776028710672,27.400020462266,28.3888116666666,0.581507770607184,50.7899936309286,28.366904,28.1923344432842,-0.571199452330595,-0.362632389467503
"5991455","2017-08-02",27.2045165324989,0.46031746031746,0.623015873015874,0.483766233766234,29.4108631039143,27.2736768960856,28.34227,0.0867915813332487,44.6574205506823,28.276904,28.093356517513,-0.729917118756074,-0.436089335325217
"5991454","2017-08-03",28.8707911887709,0.489417989417989,0.557319223985891,0.549970605526161,29.4210877448734,27.1814522551266,28.30127,0.17348704583948,45.4456204386833,28.219304,28.0222423151779,-0.815360063586712,-0.511943480977516
"5991453","2017-08-04",30.0948529165283,0.537301587301587,0.49567901234568,0.55867136978248,29.4225429712876,27.1309970287123,28.27677,0.267506297778511,46.7885482034438,28.200944,27.9847433398209,-0.821770498294738,-0.573908884440961
"5991452","2017-08-07",31.4107779520885,0.473544973544974,0.500088183421517,0.517695473251028,29.4395285817038,27.0641347516294,28.2518316666666,0.193833927329352,45.1933284781169,28.172944,27.9201108945114,-0.886459337495249,-0.636418975051818
"5991451","2017-08-08",32.8399645568902,0.397486772486772,0.469444444444445,0.488403880070546,29.4637790632433,26.9840509367567,28.223915,0.164379201718189,43.2968716968347,28.122244,27.8257627752432,-1.00987765194092,-0.711110710429638
"5991450","2017-08-09",34.1670664042061,0.397486772486772,0.42283950617284,0.4641240446796,29.4932093695869,26.8611439637464,28.1771766666666,0.133490617472485,43.2968716968348,28.075144,27.7439944052108,-1.09583129643021,-0.788054827629751
"5991449","2017-08-10",35.4469191477866,0.451354313449193,0.415442619474246,0.435908856697176,29.5118995651227,26.7335937682106,28.1227466666666,0.150381657862788,42.8536417615894,28.0256,27.6649818178494,-1.1689354548839,-0.864230953080581
"5991448","2017-08-11",38.1170598233425,0,0.282947028645322,0.373743051430802,29.8585917990841,26.0185682009158,27.93858,-0.266118555817378,27.2879962751119,27.85836,27.1749842421361,-2.13629267121435,-1.11864329670733
"5991447","2017-08-14",40.174471191479,0.579497907949791,0.343617407132996,0.347335685084187,29.7650657962884,25.9207608703782,27.8429133333333,0.260794209168457,45.8480269182978,27.81076,27.1196530098513,-2.06547937908814,-1.3080105131835
"5991446","2017-08-15",42.0849246047487,0.650627615062762,0.410041841004185,0.345535425594166,29.64230800064,25.8678519993599,27.75508,0.32909325217166,47.6155252056204,27.77676,27.1170326085378,-1.8865381156711,-1.42371603368102
"5991445","2017-08-16",43.6271635490334,0.682008368200837,0.637377963737798,0.463679070624992,29.4841006017986,25.8549793982013,27.66954,0.384396255604775,48.4154721823138,27.742724,27.1347615940661,-1.68063186395739,-1.47509919973629
"5991444","2017-08-17",45.0993464958874,0.663179916317992,0.665271966527198,0.570897257089726,29.3131537440475,25.8495929226191,27.5813733333333,0.37834100364967,47.9424141291644,27.703524,27.1381267148573,-1.52656946867485,-1.485393253524
"5991443","2017-08-18",46.5964116588013,0.602510460251046,0.649232914923292,0.650627615062761,29.1580217289911,25.8215416043421,27.4897816666666,0.327578272558377,46.3702080028801,27.632724,27.1023764862096,-1.47382285545675,-1.48307917391055
"5991442","2017-08-21",47.9865435957929,0.801462765957447,0.689051047508829,0.667851976319772,28.9983781427056,25.8160851906277,27.4072316666666,0.373131835206117,47.2281537481438,27.566464,27.089192954715,-1.3765308199604,-1.46176950312052
"5991441","2017-08-22",49.3461976179132,0.763297872340425,0.722423699516307,0.686902553982808,28.8933892736297,25.7866640597036,27.3400266666666,0.365626995870552,46.3694546258766,27.486864,27.0586338940864,-1.32698263360556,-1.43481212921753
"5991440","2017-08-23",50.6087334955964,0.763297872340425,0.7760195035461,0.729164750190411,28.7457436304812,25.7783097028521,27.2620266666666,0.364520431972066,46.3694546258766,27.403216,27.0321493748748,-1.27319014458155,-1.40248773229033
"5991439","2017-08-24",50.6199568568612,0.864361702127659,0.796985815602837,0.765143006221747,28.559375145949,25.8366781873843,27.1980266666666,0.526434573670406,49.2057760307594,27.336816,27.0598627915582,-1.10446709861893,-1.34288360555605
"5991438","2017-08-25",49.6880590543732,0.86472148541114,0.830793686626409,0.801266335258448,28.5767137055098,25.8973396278234,27.2370266666666,0.568289581084313,49.2817925905476,27.291836,27.0852144193504,-0.956716995981277,-1.2656502836411
"5991437","2017-08-28",48.8227253806343,1,0.909694395846267,0.845824632691837,28.4815609338152,25.9378257328514,27.2096933333333,0.716338031748824,53.1339751412014,27.261036,27.1751858301037,-0.680149670526409,-1.14855016101816
"5991436","2017-08-29",48.3123828136657,0.920901856763925,0.928541114058356,0.889676398843676,28.2774386536383,26.0331280130283,27.1552833333333,0.636574973678055,50.7087715625165,27.231508,27.2134010527565,-0.543416562468624,-1.02752344130825
"5991435","2017-08-30",47.9926216577689,0.877984084880637,0.932961980548188,0.923732496817602,28.2656588359949,26.0323244973384,27.1489916666666,0.582541007620734,49.391475321834,27.187908,27.2249475790557,-0.477507210486239,-0.91752019514385
"5991434","2017-08-31",46.2593410530606,0.700000000000002,0.832961980548188,0.898155025051576,28.2987927400748,26.0221905932585,27.1604916666666,0.780904739647929,52.4344660504908,27.152708,27.2842879018483,-0.312197092181576,-0.796455574551395
"5991433","2017-09-01",44.6498662058315,0.950000000000001,0.84266136162688,0.869528440907751,28.3435168002248,26.0033998664418,27.1734583333333,0.854629714446998,55.0315261498318,27.244308,27.3797161816018,-0.0831522024564602,-0.653794900132408
"5991432","2017-09-05",42.5676008527946,0.791666666666666,0.81388888888889,0.829837410354652,28.432175551803,25.972284448197,27.20223,0.864963310239211,55.0315261498318,27.232108,27.4624206907216,0.0966862888282849,-0.50369866234027
"5991431","2017-09-06",40.6340687392603,0.909722222222223,0.883796296296298,0.846782182270688,28.539933229989,25.9423601033443,27.2411466666666,0.857585056530509,56.4520916780883,27.221308,27.5567645986254,0.285213957404418,-0.345916138391332
"5991430","2017-09-07",39.1289898081344,0.777777777777778,0.82638888888889,0.841358024691358,28.6324386810515,25.9359379856151,27.2841883333333,0.792655218422752,54.3842575899951,27.242508,27.6131959854753,0.374274442012568,-0.201878022310552
"5991429","2017-09-08",37.085687482827,0.764705882352942,0.817401960784315,0.8425290486565,28.75722534502,25.9253446549799,27.341285,0.836189422344581,56.0275684351,27.266508,27.6861031874119,0.491374085152185,-0.0632276008180048
"5991428","2017-09-11",34.6960978680495,0.843187660668381,0.795223773599701,0.813004874424301,28.5670933073118,26.4759766926881,27.521535,1.01653344395671,59.0299286047878,27.296868,27.7946227624237,0.674638619631329,0.084345643271862
"5991427","2017-09-12",32.5068727839056,0.835064267352186,0.814319270124503,0.808981668169505,28.6881769703657,26.5115063629675,27.5998416666666,0.908709060974285,58.8289101342682,27.336236,27.8865663941005,0.805142022711736,0.228504919159837
"5991426","2017-09-13",30.4740209200577,0.805111821086262,0.827787916368944,0.812443653364382,28.8003680883788,26.5383152449544,27.6693416666666,0.867214380401422,58.9793458550985,27.387736,27.9683575415538,0.902049935860649,0.363213922499999
"5991425","2017-09-14",28.5531575066473,0.681672025723472,0.773949371387307,0.80535218596025,28.8930609920985,26.5662890079014,27.729675,0.812446458700837,56.3145706283338,27.431636,28.0139098693466,0.913161891010361,0.473203516202072
"5991424","2017-09-15",27.197884423253,1,0.828927948936579,0.810221745564276,29.0682345566936,26.5711154433063,27.819675,0.956656229927763,62.548652704052,27.50398,28.1400552201004,1.09550106677117,0.59766302631589
"5991423","2017-09-18",25.9394165601011,1,0.893890675241158,0.83225599852168,29.1920917752011,26.6518082247988,27.92195,0.908635484741709,62.548652704052,27.70278,28.2493811907537,1.22461158585978,0.723052738224669
"5991422","2017-09-19",24.7708392586029,1,1,0.907606208059245,29.2932665337807,26.7462834662193,28.019775,0.869152434491936,62.548652704052,27.79078,28.3441303653199,1.31081998430183,0.8406061874401
"5991421","2017-09-20",24.3842567102065,0.248062015503874,0.749354005167958,0.881081560136371,29.2567918997376,26.9135014335957,28.0851466666666,0.561816209055744,49.4073147098558,27.82638,28.2969129832772,1.09029554700493,0.890544059353065
"5991420","2017-09-21",24.0252872009814,0.0714285714285717,0.439830195644149,0.729728066937368,29.1735498393921,27.1157434939412,28.1446466666666,0.454006038092032,50.1056075105788,27.85838,28.2639912521736,0.921980529619093,0.896831353406271
"5991419","2017-09-22",23.6919583709866,0.0714285714285717,0.13030638612034,0.439830195644148,29.1330401461284,27.2342531872049,28.1836466666666,0.429614712151588,50.1056075105788,27.89398,28.2354590852171,0.779602173253235,0.873385517375664
"5991418","2017-09-25",22.2510135241499,0.0204081632653057,0.0544217687074836,0.20818611682399,29.1037026549212,27.3382573450788,28.22098,0.46923533511318,49.4460246897141,27.93918,28.2040645405215,0.645033629686087,0.827715139837749
"5991417","2017-09-26",20.9129933092302,0.530612244897959,0.207482993197279,0.1307370493417,29.1221519768143,27.3938080231857,28.25798,0.640029997785982,55.7229424538028,27.99904,28.2435226017853,0.673570697474246,0.796886251365048
"5991416","2017-09-27",21.0170753345567,0,0.183673469387755,0.148526077097505,29.0814181891471,27.4802284775195,28.2808233333333,0.273820263747197,46.8309837779959,28.03624,28.1830529215473,0.487537410705152,0.735016483233069
"5991415","2017-09-28",21.3945438853238,0,0.17687074829932,0.189342403628117,29.0224840957284,27.5784959042716,28.30049,0.102612170426134,44.8758567169424,28.06624,28.106645865341,0.284988581531564,0.645010902892768
"5991414","2017-09-29",21.7450503967504,0.0740740740740751,0.0246913580246922,0.128411858570588,29.0314028869327,27.5605771130673,28.29599,0.101591153478376,46.219182297984,28.08504,28.0537597499622,0.151184179298558,0.546245558173926
"5991413","2017-10-02",22.0705207287894,0.0740740740740751,0.0493827160493839,0.0836482741244643,29.0504260188918,27.5122206477748,28.2813233333333,0.128577988309574,46.219182297984,28.10344,28.0079251166339,0.0444763165741158,0.445891709853964
"5991412","2017-10-03",21.948570064448,0.178074074074075,0.108740740740742,0.0609382716049384,29.0571702280498,27.4805164386168,28.2688433333333,0.234600369378616,48.2717781940698,28.107056,27.9869217677494,0.000301309275396733,0.356773629738251
"5991411","2017-10-04",21.8353301618453,0.178074074074075,0.143407407407409,0.100510288065844,29.0612585430338,27.4444681236328,28.2528633333333,0.251072663157889,48.2717781940698,28.1226,27.9687188653828,-0.034335281648723,0.278551847460856
"5991410","2017-10-05",20.702381720378,0.333407407407406,0.229851851851852,0.160666666666667,29.0615749993374,27.4474916673292,28.2545333333333,0.408430997911307,51.4795368275065,28.153004,27.9809030166651,-0.001257327932358,0.222590012382213
"5991409","2017-10-06",19.6503581675869,0.348148148148147,0.286543209876543,0.2199341563786,29.0542076001289,27.4335257332044,28.2438666666667,0.398890294257676,51.7850956109376,28.169404,27.9941159477764,0.0303326092141898,0.184138531748608
"5991408","2017-10-09",18.6734791542809,0.427272727272726,0.369609427609427,0.295334829779273,29.0138344348477,27.421732231819,28.2177833333333,0.413458235865003,51.7850956109376,28.172604,28.0055671547395,0.0547218303668329,0.158255191472253
"5991407","2017-10-10",18.6397695826178,0.134831460674158,0.303417445365011,0.319856694283659,28.9859095548966,27.3893771117701,28.1876433333333,0.311481020656716,45.8902240498534,28.161804,27.9688248674409,-0.0265714055815547,0.121289872061492
"5991406","2017-10-11",18.608467837502,0.13494382022472,0.232349336057202,0.301792069677212,28.9576391145561,27.3406575521105,28.1491483333333,0.240845323740402,45.8921192135482,28.144208,27.9369948851155,-0.0900167816241138,0.0790285413243706
"5991405","2017-10-12",17.7290675740443,0.393258426966293,0.221011235955058,0.252259339125756,28.9240610315058,27.3255689684942,28.124815,0.403149347073824,50.2096900986558,28.143408,27.9400622337668,-0.0730659412397916,0.0486096448115382
"5991404","2017-10-13",16.5792350933804,0.550561797752811,0.359588014981275,0.270982862331177,28.78325250889,27.38037749111,28.081815,0.512962665789569,52.6856606781538,28.141008,27.9613872692645,-0.0189897126865457,0.0350897733119214
"5991403","2017-10-16",15.5115335041925,0.830508474576275,0.591442899765127,0.390680716900486,28.6136566641805,27.4639733358195,28.038815,0.553219002564165,52.6856606781538,28.125008,27.9798689666959,0.0235626801732058,0.0327843546841783
"5991402","2017-10-17",14.5200963142322,0.830508474576275,0.737192915635121,0.56274127679384,28.3883443605296,27.6032856394704,27.995815,0.632709818011387,52.6856606781538,28.10964,27.9958864378031,0.0566081687435105,0.0375491174960448
"5991401","2017-10-18",13.8728965652711,0.740055504162812,0.800357484438455,0.709664433279566,28.3771795532014,27.6071337801319,27.9921566666666,0.713853088252479,52.8946369707104,28.09404,28.0111015794294,0.0846816924406246,0.0469756324849607
"5991400","2017-10-19",13.2719253698073,1,0.856854659579696,0.798135019884423,28.4028307724798,27.6015325608535,28.0021816666667,0.809895030003069,55.845443746826,28.0916600000001,28.0430213688388,0.145668643896713,0.0667142347673111
"5991399","2017-10-20",12.6411446246047,0.629779058597504,0.789944854253439,0.815718999423862,28.4034213377266,27.6017219956067,28.0025716666667,0.568889084014096,51.1159273552486,28.0555720000001,28.0449918529936,0.136937357637645,0.0807588593413779
"5991398","2017-10-23",12.6378035231675,0.288184438040344,0.63932116554595,0.762040226459694,28.3871472209602,27.5996627790398,27.993405,0.487210329334135,47.148309467343,28.012372,28.0229929392611,0.077946773923232,0.0801964422577488
"5991397","2017-10-24",13.1660419064485,0,0.305987832212617,0.578417950670668,28.291816785502,27.614993214498,27.953405,0.125596668236485,43.4696844908917,27.961972,27.9799272140263,-0.0204892948315383,0.0600592948398914
"5991396","2017-10-25",13.9854612824866,0,0.0960614793467819,0.347123492368449,28.3075685019113,27.5687081647553,27.9381383333333,0.0603972988315529,41.1638466317039,27.9455720000001,27.9266035854895,-0.131778331777932,0.0216917695163267
"5991395","2017-10-26",14.7463507030933,0,5.9211894646675e-16,0.134016437186465,28.3219214766977,27.5396885233023,27.930805,0.0515338512942386,41.1638466317039,27.9267720000001,27.8803897740909,-0.217665932138267,-0.026179770814592
"5991394","2017-10-27",15.452890879371,0,5.9211894646675e-16,0.0320204931155934,28.3337741176932,27.5148358823068,27.924305,0.079571468124766,41.1638466317039,27.9079720000001,27.8403378042121,-0.282632300773356,-0.0774702768063447
"5991393","2017-10-30",16.1089639002003,0,5.9211894646675e-16,-3.51570624464633e-16,28.3444428069797,27.4911671930203,27.917805,0.104107987532299,41.1638466317039,27.8911720000001,27.8056260969838,-0.33043458922567,-0.12806313929021
"5991392","2017-10-31",15.4388601253274,0.104399701715138,0.0347999005717134,0.0115999668572372,28.3460206167449,27.4758827165884,27.9109516666667,0.272888488942077,43.5147400323054,27.8571720000001,27.7848759507193,-0.344106398417032,-0.171271791115574
"5991391","2017-11-01",14.8166209058026,0.238627889634601,0.114342530449914,0.049714143673875,28.3456055369459,27.4685044630541,27.907055,0.34655322249677,46.475934386422,27.8551720000001,27.7788924906234,-0.32507217167197,-0.202031867226853
"5991390","2017-11-02",14.602207495833,0.104399701715138,0.149142431021626,0.0994282873477502,28.3232018344559,27.4531948322108,27.8881983333333,0.317704532349679,43.9922703987436,27.8567720000001,27.761706825207,-0.332326082223333,-0.228090710226149
"5991389","2017-11-03",14.4031093294327,0.423713646532441,0.255580412627394,0.173021791366311,28.3034555460439,27.4513511206228,27.8774033333333,0.484387672524114,50.7367249460039,27.8629360000001,27.7753592485127,-0.272705874770918,-0.237013743135103
"5991388","2017-11-06",14.5697808369467,0.298284862043255,0.275466070096946,0.226729637915321,28.2801792132921,27.4464807867079,27.86333,0.422278050910877,48.2774493886877,27.8657360000001,27.7759780153777,-0.247045547739599,-0.239020104056002
"5991387","2017-11-07",13.8958913616685,0.581506338553319,0.434501615709672,0.32184936614467,28.2875164153568,27.4481369179766,27.8678266666667,0.62958778916192,53.731103132782,27.8705160000001,27.801834279994,-0.169603595221868,-0.225136802289175
"5991386","2017-11-08",13.2862339715096,0.918032786885245,0.59927466249394,0.436414116100185,28.3195555264844,27.4574211401823,27.8884883333333,0.795597767643989,58.0027247394852,27.8821000000001,27.8469230426615,-0.0582862131789041,-0.191766684467121
"5991385","2017-11-09",14.9788999282139,0,0.499846375146189,0.5112075511166,28.355407645203,27.353902354797,27.854655,-0.060477984533788,36.6063428096235,27.8452960000001,27.7526666369733,-0.257291606263055,-0.204871668826308
"5991384","2017-11-10",16.5506611737251,0.217821782178217,0.378618189687821,0.492579742442649,28.3464014417353,27.2909685582647,27.818685,0.0849238669166655,41.7014903325872,27.8164960000001,27.7003110853768,-0.347500813140766,-0.2333974976892
"5991383","2017-11-13",18.0101537588426,0.2790099009901,0.165610561056106,0.348025041963371,28.3228837299773,27.2466662700227,27.784775,0.162730801621363,43.0853296274734,27.790168,27.6631762739932,-0.396603506292525,-0.266038699409865
"5991382","2017-11-14",19.3653968735946,0.2790099009901,0.25861386138614,0.267614204043355,28.2907152226338,27.2110147773662,27.750865,0.195225651297745,43.0853296274734,27.77784,27.6309927707941,-0.430674741354997,-0.298965907798891
"5991381","2017-11-15",22.1529927796988,0,0.186006600660067,0.203410341034103,28.328108980283,27.0396043530503,27.6838566666666,-0.173020477902706,30.2567811038636,27.727436,27.4761937346883,-0.728472629479338,-0.384867252134981
"5991380","2017-11-16",24.74147469251,0.422619047619048,0.23387631620305,0.226165592749751,28.2549585278939,27.0057048054393,27.6303316666666,0.139519451835767,43.7187646253178,27.696236,27.4367012367298,-0.748301730418532,-0.457554147791691
"5991379","2017-11-17",27.1573170416016,0.416666666666668,0.279761904761906,0.233214940541674,28.2089280556298,26.9629552777035,27.5859416666666,0.166171144317532,43.5911408355628,27.659036,27.4011410718325,-0.758380426350647,-0.517719403503482
"5991378","2017-11-20",28.6934564585427,0.49404761904762,0.444444444444446,0.3193608884698,28.1583658205723,26.9458508460943,27.5521083333333,0.2975763831104,45.805984722275,27.627036,27.3876555955882,-0.719858621904379,-0.558147247183661
"5991377","2017-11-21",30.1524538006211,0.482142857142859,0.464285714285716,0.396164021164022,28.1439680524826,26.919978614184,27.5319733333333,0.308271766086893,45.5099291158773,27.594236,27.3733015161764,-0.687333052903571,-0.583984408327644
"5991376","2017-11-22",30.5007925714654,0.416666666666668,0.464285714285716,0.457671957671959,28.1352399225039,26.897040077496,27.51614,0.322748052975342,43.8319400292815,27.556636,27.3461946473529,-0.686147569677986,-0.604417040597712
"5991375","2017-11-24",30.8242500015351,0.613095238095239,0.503968253968256,0.477513227513229,28.1305712363104,26.8937087636895,27.51214,0.490184842479507,49.8105638429616,27.526616,27.3667020277059,-0.581162878009633,-0.599766208080096
"5991374","2017-11-27",31.9173267952977,0.36904761904762,0.466269841269843,0.478174603174604,28.1244648004358,26.8638151995641,27.49414,0.282540683937537,43.6009780027692,27.487904,27.3298084240117,-0.611887843496772,-0.602190535163432
"5991373","2017-11-28",32.93232667522,0.410714285714287,0.464285714285716,0.478174603174604,28.1184313094443,26.8278486905556,27.47314,0.257365398063722,44.8647518889343,27.459104,27.3071673008102,-0.608665538226827,-0.603485535776111
"5991372","2017-11-29",32.7901982162264,0.743362831858405,0.507708245540104,0.479421267031887,28.0924496500654,26.8164970166011,27.4544733333333,0.410284025965377,47.5756236834541,27.443504,27.3075449940355,-0.555414988864511,-0.593871426393791
"5991371","2017-11-30",31.3138651550267,0.720930232558138,0.62500245004361,0.532332136623143,28.0639522290052,26.8197477709947,27.44185,0.562811220050607,49.1898558834357,27.436304,27.3198723281641,-0.481070137184136,-0.57131116855186
"5991370","2017-12-01",29.9429844553412,0.767441860465116,0.74391164162722,0.625540779070311,28.0364737853305,26.8202662146694,27.42837,0.526007073761967,50.2888118750735,27.431504,27.3385560177422,-0.399823104632502,-0.537013555767988
"5991369","2017-12-04",28.130160925944,0.751937984496124,0.746770025839793,0.705228039170207,27.98583620464,26.8343637953599,27.4101,0.576944961326028,49.9013706956139,27.425904,27.3520818820433,-0.337449087276986,-0.497100662069788
"5991368","2017-12-05",26.4468247915037,0.888449612403099,0.802609819121447,0.764430495529486,27.9572610557266,26.84469561094,27.4009783333333,0.693356415727945,53.3121405035177,27.427348,27.3872842977708,-0.233424832752149,-0.44436549620626
"5991367","2017-12-06",26.6270870250928,0,0.546795865633075,0.698725236864771,27.8717693035352,26.828194029798,27.3499816666666,0.123108164884499,41.4669636573332,27.398548,27.326313058068,-0.349265308876889,-0.425345458740386
"5991366","2017-12-07",26.1416547220332,0.325301204819276,0.404583605740792,0.584663096831771,27.6796187776851,26.9260112223148,27.302815,0.363569573755868,46.5042404491558,27.376948,27.3094713169923,-0.357417513165637,-0.411759869625436
"5991365","2017-12-08",25.6908961549064,0.325301204819276,0.216867469879518,0.389415647084461,27.677608713625,26.9186879530416,27.2981483333333,0.370673806237887,46.5042404491558,27.358948,27.2948751413933,-0.359765517675814,-0.401360999235512
"5991364","2017-12-11",24.4855978629746,0.566265060240961,0.405622489959838,0.342357855193382,27.6807141960088,26.9186558039912,27.299685,0.646508895516224,50.1869975831358,27.340384,27.3088917892076,-0.299075087839729,-0.380903816956355
"5991363","2017-12-12",23.0052213874751,0.650602409638552,0.514056224899597,0.378848728246317,27.6905642479795,26.9162657520204,27.303415,0.749238505572714,51.4468618379129,27.327984,27.3303728839799,-0.22768541397542,-0.350260136360168
"5991362","2017-12-13",21.630586088797,0.74602409638554,0.654297188755018,0.52465863453815,27.7085346510482,26.9110353489517,27.309785,0.800207159267271,52.8984002002694,27.311156,27.3595498327826,-0.146083586269319,-0.309424826341998
"5991361","2017-12-14",20.3541390257387,0.74602409638554,0.714216867469878,0.627523427041497,27.6876828252455,27.0051405080877,27.3464116666666,0.797107341531304,52.8984002002694,27.287524,27.3848365217449,-0.0805305789253308,-0.263645976858665
"5991360","2017-12-15",19.1688667528989,0.74602409638554,0.74602409638554,0.704846050870145,27.7080756444181,27.0216676889152,27.3648716666666,0.76854049673461,52.8984002002694,27.303892,27.4067516521789,-0.028288922449593,-0.216574565976851
"5991359","2017-12-18",18.5185519267874,0.590361445783134,0.694136546184738,0.718125836680051,27.7098178176957,27.0455921823043,27.377705,0.57371240141589,49.8612533822428,27.306292,27.408518098555,-0.0246443506047189,-0.178188522902424
"5991358","2017-12-19",19.377451744588,0,0.445461847389558,0.628540829986612,27.7464591522484,26.9696175144182,27.3580383333333,-0.0724525802222662,39.6218635781974,27.28462,27.3380490187477,-0.178857381924424,-0.178322294706824
"5991357","2017-12-20",20.7346621719492,0,0.196787148594379,0.445461847389558,27.8226078594053,26.828405473928,27.3255066666666,-0.182798603097328,35.5457395144241,27.251748,27.2396424829147,-0.379989164189287,-0.218655668603317
"5991356","2017-12-21",22.4256399007213,0,6.29126380620922e-16,0.214082998661312,27.9204051128696,26.6412748871303,27.28084,-0.186018240370668,32.3460998006817,27.246948,27.1210234851927,-0.607534783245611,-0.296431491531776
"5991355","2017-12-22",23.9958335060098,0.107416475791801,0.035805491930601,0.0775308801749927,27.9481298868368,26.5121501131631,27.23014,-0.0182106417113538,35.7350951773328,27.219188,27.036353687167,-0.739829918031787,-0.385111176831778
"5991354","2017-12-26",23.4717482018679,0.300200133422282,0.135872203071362,0.057225898333987,27.950660537907,26.468619462093,27.20964,0.230344855806057,40.9792627574971,27.200788,26.9928398622114,-0.769366508411151,-0.461962243147653
"5991353","2017-12-27",22.9523184908052,0.471814543028686,0.293143717414257,0.154940470805406,27.9485711647702,26.4497621685631,27.1991666666666,0.334112729532236,45.3885504138593,27.18542,26.9825678805832,-0.723005649824804,-0.514170924483083
"5991352","2017-12-28",22.992578600063,0.283522348232155,0.351845674894375,0.260287198459997,27.9421470567671,26.3948529432328,27.1685,0.214447738494852,41.7069590807554,27.16182,26.9435588298388,-0.745326865562401,-0.560402112698947
"5991351","2017-12-29",22.6101042732917,0.475316877918614,0.410217923059819,0.351735771789483,27.9017625815828,26.3752374184172,27.1385,0.35686446232772,46.4699071323705,27.15182,26.940417652527,-0.686291346584,-0.585579959475957
"5991350","2018-01-02",22.9427687432001,0.216811207471647,0.325216811207472,0.362426803053888,27.8705741317584,26.3323925349082,27.1014833333333,0.251773998955336,41.5429882969415,27.11622,26.8963619655234,-0.724148298486005,-0.613293627277967
"5991349","2018-01-03",23.9620734621389,0,0.230709361796754,0.322048032021348,27.8604035809276,26.2243597524057,27.0423816666666,0.0564208077141472,36.325065953114,27.08142,26.8061803701203,-0.86179981358302,-0.662994864538978
"5991348","2018-01-04",25.1029725362548,0,0.0722704024905495,0.209398858498258,27.822725490373,26.1207611762936,26.9717433333333,0.0485157981026253,34.8736284620567,27.03902,26.7120229874376,-0.996429936882193,-0.729681879007621
"5991347","2018-01-05",26.3230300358372,0,6.38378239159465e-16,0.100993254762434,27.8662980099743,25.9874786566924,26.9268883333333,0.0383687818886821,33.6663930877801,26.98662,26.6170865891125,-1.12137985270189,-0.808021473746474
"5991346","2018-01-08",26.9452554307962,0.0979166666666654,0.0326388888888891,0.0349697637931456,27.858574351629,25.8949356483709,26.876755,0.153998637560301,36.9791014452197,26.93626,26.5536083772309,-1.16493204406375,-0.879403587809929
"5991345","2018-01-09",28.0478700219279,0,0.0326388888888891,0.0217592592592588,27.8680746683531,25.7558886649802,26.8119816666666,0.0703748003801662,33.0779466040607,26.871132,26.4573672602668,-1.27949054883074,-0.959420980014092
"5991344","2018-01-10",29.5406053278006,0,0.0326388888888891,0.0326388888888883,27.8720082288849,25.5651817711151,26.718595,-0.00935561105708212,29.5356952078901,26.793748,26.3304382922312,-1.45454294200378,-1.05844537241203
"5991343","2018-01-11",31.0921229944692,0,6.38378239159465e-16,0.0217592592592588,27.8396098449302,25.3908734884031,26.6152416666666,0.0157059966164767,28.2730116711537,26.704264,26.203579853267,-1.61521382523164,-1.16979906297595
"5991342","2018-01-12",32.5328179706615,0.0798293723339429,0.0266097907779816,0.0197495598889563,27.7491417979967,25.2774215353366,26.5132816666666,0.0940957875277947,31.5396089859143,26.647464,26.1111025394981,-1.68419519554293,-1.27267828948935
"5991341","2018-01-16",32.9267545387128,0.0432663010359525,0.0410318911232991,0.0225472273004264,27.6212495408691,25.2050604591308,26.413155,0.141382232921136,30.8466841473629,26.577464,26.0229555342317,-1.7384208734093,-1.36582680627334
"5991340","2018-01-17",33.2925527804747,0.134673979280926,0.0859232175502746,0.0511882998171843,27.4508111683901,25.1849121649431,26.3178616666666,0.202313151509771,34.7086645709698,26.513464,25.9665614630008,-1.71581577474114,-1.4358245999669
"5991339","2018-01-18",34.1025830154548,0,0.0593134267722936,0.0620895118152883,27.2980202114161,25.1330031219172,26.2155116666666,0.113931453911324,31.3182575501709,26.430664,25.8816866012674,-1.76227068590381,-1.50111381715428
"5991338","2018-01-19",35.0001078928638,0,0.0448913264269761,0.0633759902498473,27.2342900851657,25.0387332481676,26.1365116666666,0.134180122418749,30.2572775153517,26.3414640000001,25.796128387765,-1.80731514450164,-1.56235408262375
"5991337","2018-01-22",35.4346485921601,0.194702766333137,0.0649009221110463,0.0563685584367712,27.1801185345091,24.9866247988242,26.0833716666666,0.272278811708571,38.5037117332978,26.262328,25.7660846027297,-1.72024846353052,-1.5939329588051
"5991336","2018-01-23",34.8823422251022,0.291338582677165,0.162013783003435,0.0906020105138183,27.1469552054928,24.9481214611738,26.0475383333333,0.33588042179223,39.4178610825076,26.18476,25.7452733223657,-1.62043571976396,-1.59923351099688
"5991335","2018-01-24",34.132741518777,0.512820512820513,0.332953953943606,0.186622886352695,27.0994664244829,24.9330102421837,26.0162383333333,0.427882994075839,44.6196245326144,26.116392,25.7579035460503,-1.45252623728748,-1.569892056255
"5991334","2018-01-25",33.4366837200465,0.616822429906542,0.473660508468074,0.322876081805038,26.9914208749636,24.950055791703,25.9707383333333,0.465347534395798,45.9240470159688,26.055592,25.7768497399103,-1.28579201030979,-1.51307204706596
"5991333","2018-01-26",33.6359078406637,0.27102803738318,0.466890326703412,0.424501596371697,26.8295778270929,24.9811755062403,25.9053766666666,0.358214489502616,39.7121909390973,26.001592,25.7439364412556,-1.25505704084279,-1.46146904582132
"5991332","2018-01-29",33.8209016669511,0.444444444444447,0.44409830391139,0.461549713027625,26.7006309894465,24.9974556772201,25.8490433333333,0.353777041303082,41.3290977785432,25.961592,25.7247449157548,-1.19513606215023,-1.4082024490871
"5991331","2018-01-30",34.9350378370355,0,0.238490827275876,0.383159819296892,26.5127712170153,25.0062154496513,25.7594933333333,0.0815001694650404,33.8956629034371,25.910332,25.6372455936542,-1.299893514752,-1.38654066222008
"5991330","2018-01-31",35.5402302691064,0.0128683102826217,0.152437584909023,0.278342238698762,26.3366863935913,25.0272802730754,25.6819833333333,0.108588459579885,34.1524295234423,25.85406,25.5628395145003,-1.36469009351231,-1.38217054847853
"5991329","2018-02-01",36.1021946703151,0.218280216476248,0.0770495089196237,0.155992640368174,26.2402181913463,25.0170818086536,25.62865,0.190426999508935,38.2740247841499,25.79566,25.5211275792336,-1.34712745080439,-1.3751619289437
"5991328","2018-02-02",37.0462703530911,0,0.0770495089196237,0.102178867582756,26.1783775232976,24.9589224767023,25.56865,0.0364186090786906,34.836852352961,25.719028,25.4516439020024,-1.39665048064976,-1.37945963928491
"5991327","2018-02-05",38.4395930766751,0,0.0727600721587498,0.0756196966659983,26.1810052432844,24.8176714233823,25.4993383333333,-0.105871421908452,30.4748564499251,25.636628,25.3420913817355,-1.53661673323827,-1.41089105807558
"5991326","2018-02-06",39.8571718900314,0,4.9960036108132e-16,0.0499365270261239,26.1364307094503,24.6985092905496,25.41747,-0.0963492316491733,29.4032754200584,25.541028,25.2338125308374,-1.66176216723325,-1.46106527990712
"5991325","2018-02-07",40.324143773154,0,4.9960036108132e-16,0.0242533573862495,26.1144922775799,24.5922943890867,25.3533933333333,0.0201718916741611,29.4032754200584,25.457828,25.1399708600591,-1.74223076194204,-1.5172983763141
"5991324","2018-02-08",40.8844733101439,0,4.9960036108132e-16,-2.40548322002117e-16,26.1491838978249,24.4482427688417,25.2987133333333,0.00103309346123242,28.4743175343961,25.387028,25.0479747453845,-1.81201454524711,-1.5762416101007
"5991323","2018-02-09",40.3061752303729,0,4.9960036108132e-16,-2.40548322002117e-16,26.1832924849179,24.3090541817487,25.2461733333333,0.0370706070125407,25.8650259516703,25.31154,24.9366181126666,-1.92305006350824,-1.64560330078221
"5991322","2018-02-12",39.7691841562997,0.17022285443338,0.0567409514777939,0.0189136504925976,26.1782339324484,24.2131127342183,25.1956733333333,0.145989604122193,33.7777766256204,25.25154,24.878402364311,-1.89733854588434,-1.69595034980264
"5991321","2018-02-13",39.4830051069385,0.110953058321478,0.0937253042516198,0.0501554185764707,26.1605698046423,24.1211768620243,25.1408733333333,0.16156268748257,32.4779276405797,25.1819,24.8146153824029,-1.88827703249277,-1.73441568634066
"5991320","2018-02-14",39.217267418246,0.16052139279464,0.147232435183167,0.0992328969708594,26.1138568897433,24.05143644359,25.0826466666666,0.207214565394314,34.6132454522678,25.12778,24.7698399980825,-1.8348545640161,-1.75450346187575
"5991319","2018-02-15",38.9705109930315,0.191753171856977,0.154409207657699,0.131788982364161,26.0914348663383,23.9837718003284,25.0376033333333,0.23487065255112,34.6132454522678,25.086716,24.7310346650049,-1.77244016691934,-1.75809080288447
"5991318","2018-02-16",36.9101145140772,0.604291241646146,0.318855268765921,0.206832303868928,26.0623490189765,23.9695243143568,25.0159366666666,0.444602781871446,45.3307027696101,25.067556,24.7535633763375,-1.56761311799583,-1.71999526590674
"5991317","2018-02-20",36.4389027265366,0.0766795638410124,0.290907992448045,0.254724156290555,25.9976367383782,23.9245165949551,24.9610766666666,0.271161357191468,36.222579055105,25.019156,24.6930882594925,-1.58285137902252,-1.6925664885299
"5991316","2018-02-21",36.0013489238204,0.450443501735441,0.377138102407533,0.328967121207166,25.8984366122026,23.9277167211307,24.9130766666666,0.405410200178891,43.9093504891494,24.988356,24.6913431582269,-1.45431642688726,-1.64491647620137
"5991315","2018-02-22",35.7621426609478,0.485699949824385,0.33760767180028,0.335217922218619,25.7419181792908,23.9644684873758,24.8531933333333,0.392621433468341,42.7414198982746,24.948356,24.6791640704633,-1.36290212958291,-1.58851360687768
"5991314","2018-02-23",34.8899813296125,0.837221920781333,0.591121790780387,0.435289188329399,25.5501039860872,24.0532826805794,24.8016933333333,0.545634483164649,47.0980828652468,24.928356,24.6992755277348,-1.2014463480071,-1.51110015510356
"5991313","2018-02-26",32.9928557553801,0.914152024446142,0.745691298350621,0.558140253643762,25.4490343578819,24.1100289754514,24.7795316666666,0.814065205052947,52.8152222784251,24.92556,24.7620521240369,-0.951555277633809,-1.39919117960961
"5991312","2018-02-27",30.8160399149539,0.61750305997552,0.789625668400999,0.708812919177335,25.3462690632686,24.1714609367314,24.758865,0.864145988611491,50.2349129668867,24.903528,24.7964451741653,-0.793331844396583,-1.27801931256701
"5991311","2018-02-28",28.6169062416781,0.571603427172583,0.701086170531415,0.745467712427677,25.3396314126266,24.1741985873733,24.756915,0.78580368836586,49.2001652876841,24.877528,24.8182524842766,-0.679616429980867,-1.15833873604978
"5991310","2018-03-01",29.4802943661357,0,0.396368829049368,0.62902688932726,25.4019900428036,23.962146623863,24.6820683333333,-0.201142212215506,31.0854708415322,24.77928,24.6269921530397,-1.09117607735806,-1.14490620431143
"5991309","2018-03-02",30.282011910275,0.101207752083139,0.224270393085241,0.440575130888674,25.3895113973864,23.8219586026136,24.605735,-0.0629167129867161,34.640182136837,24.68728,24.4900598659677,-1.33431989921803,-1.18278894329275
"5991308","2018-03-05",29.6045602843957,0.293137346690385,0.131448366257842,0.250695862797483,25.3469747714672,23.7821618951994,24.5645683333333,0.254240050573622,40.8692073938713,24.62648,24.4260518838387,-1.37748216652758,-1.22172758793972
"5991307","2018-03-06",28.5440589603644,0.56464750491527,0.319664201229598,0.225127653524226,25.3438307115652,23.7809726217681,24.5624016666666,0.543253020715486,48.3659751685348,24.58608,24.4479116326602,-1.20646448693238,-1.21867496773825
"5991306","2018-03-07",28.1230200240117,0.396123958430859,0.417969603345505,0.289694056944314,25.3406591908519,23.7761474758147,24.5584033333333,0.449886387823287,44.5873708823743,24.55254,24.4188567483055,-1.17623926991304,-1.21018782817321
"5991305","2018-03-08",27.7320552973984,0.418640576725025,0.459804013357052,0.399145939310718,25.3317367844799,23.7616432155201,24.54669,0.399396653938728,45.2033594570584,24.520496,24.4000891818648,-1.12357482075832,-1.19286522669023
"5991304","2018-03-09",27.2657301208414,0.513154199045033,0.442639578066973,0.440137731589842,25.3348432392641,23.7672034274025,24.5510233333333,0.490841858851753,47.825167492705,24.489696,24.4107439576162,-1.00354848430638,-1.15500187821346
"5991303","2018-03-12",26.3650527142691,0.531879037543301,0.487891271104454,0.463444954176159,25.3435620966365,23.7829612366968,24.5632616666666,0.538471293252831,48.3524039392756,24.470496,24.425311429934,-0.884982823080138,-1.1009980671868
"5991302","2018-03-13",25.4643360280294,0.522563430390413,0.522532222326249,0.484354357165891,25.3492564601418,23.7890868731915,24.5691716666666,0.531425002604492,48.0920313566619,24.4653,24.4352832392761,-0.788480335946462,-1.03849452093873
"5991301","2018-03-14",24.6279562479497,0.578691133788972,0.544377867240895,0.518267120223865,25.3596622506381,23.8009477493618,24.580305,0.559682727822958,49.8444854896624,24.4689,24.459912140706,-0.664758204101479,-0.963747257571279
"5991300","2018-03-15",23.8513178807328,0.630184439659208,0.577146334612864,0.548018808060002,25.3742333085656,23.8124966914343,24.593365,0.593892272481502,51.4634586091104,24.4769,24.4959238552785,-0.524427250888404,-0.875883256234704
"5991299","2018-03-16",23.4349449476696,0.569375526636083,0.592750366694755,0.571424856182837,25.38355200915,23.82363799085,24.603595,0.551159871033794,49.4341451945399,24.482904,24.5098140079081,-0.450803766493613,-0.790867358286486
"5991298","2018-03-19",23.0483129383966,0.62872546027871,0.609428475524668,0.593108392277428,25.3577301288167,23.8214598711833,24.589595,0.519791439591412,49.7609737380452,24.499192,24.5245054735203,-0.381509765060195,-0.708995839641228
"5991297","2018-03-20",22.6892975012145,0.774464352837991,0.657521779917595,0.619900207379005,25.3630209788298,23.8295023545035,24.5962616666666,0.515479651147892,49.7609737380452,24.503992,24.5372380770509,-0.322871873041908,-0.631771046321364
"5991296","2018-03-21",24.0277365248814,0.130434782608696,0.511208198575132,0.592719484672464,25.363921115559,23.7587855511076,24.5613533333333,0.168032192959713,37.8003459349693,24.479192,24.4362730001108,-0.546802516548561,-0.614777340366803
"5991295","2018-03-22",24.5673783682649,0.599999999999999,0.501633045148895,0.556787674547207,25.3583478749208,23.7557887917458,24.5570683333333,0.512208598238556,49.0947979603146,24.48004,24.4447699334294,-0.481579202438687,-0.58813771278118
"5991294","2018-03-23",25.348922602604,0.461666666666666,0.397367149758454,0.47006946449416,25.3240977407271,23.7419722592729,24.533035,0.409171763964922,46.9768216381027,24.474248,24.4300006089721,-0.479164451958558,-0.566343060616656
"5991293","2018-03-26",26.5841003216673,0.183333333333332,0.414999999999999,0.438000064969115,25.233604896195,23.7131251038049,24.473365,0.193058509774947,42.9609268350616,24.438248,24.3726671944425,-0.581089376784405,-0.569292323850206
"5991292","2018-03-27",26.6583196249434,0,0.215,0.34245571658615,25.1307183645356,23.6910116354643,24.410865,0.170628521935734,39.9851560611853,24.415448,24.2869782351835,-0.743359098119989,-0.604105678704162
"5991291","2018-03-28",26.5431032409046,0.311277125578085,0.164870152970473,0.264956717656823,25.0197765126936,23.7119534873063,24.365865,0.365528441856355,45.2767518578786,24.391448,24.259381137159,-0.747543703060027,-0.632793283575335
"5991290","2018-03-29",26.4361165985828,0.471362504446818,0.260879876674968,0.213583343215146,24.9704051015517,23.8247382317816,24.3975716666666,0.420653199984556,47.8246524318676,24.377848,24.2594636522045,-0.683170471834038,-0.642868721227076
"5991289","2018-04-02",27.1368628982919,0.0711490572749897,0.284596229099964,0.236782086248467,24.9523956162686,23.853181050398,24.4027883333333,-0.0232114680095236,42.497461196761,24.337048,24.1995351652439,-0.773172277451961,-0.668929432472053
"5991288","2018-04-03",26.8531102694056,0.241071428571428,0.261194330097746,0.268890145290892,24.9589534907733,23.8339565092267,24.396455,0.19500214463248,45.2695142516812,24.290244,24.1729304765447,-0.772530581390563,-0.689649662255755
"5991287","2018-04-04",26.5896256854398,0.383928571428571,0.23204968575833,0.259280081652012,24.9337304382301,23.8121795617698,24.372955,0.310124529818859,47.5620255820812,24.255844,24.1712064130054,-0.710479373622097,-0.693815604529023
"5991286","2018-04-05",25.8178051559764,0.366071428571428,0.330357142857143,0.274533719571072,24.9222967932777,23.7959465400556,24.3591216666666,0.361687487628597,47.2953426259629,24.223044,24.167045557938,-0.660370975300018,-0.687126678683222
"5991285","2018-04-06",25.1011146643317,0.600060006000598,0.450020002000199,0.337475610205223,24.9193243888925,23.7930456111075,24.356185,0.476750871528033,50.1546936648825,24.260892,24.1887728168796,-0.550884597945345,-0.659878262535647
"5991284","2018-04-09",24.8440662240409,0.421842184218423,0.46265787293015,0.414345005929163,24.9000621933071,23.7770944733595,24.3385783333333,0.362823305368788,47.5491405225392,24.282964,24.1838431079623,-0.517591265166761,-0.63142086306187
"5991283","2018-04-10",24.7324277552291,0.365336533653367,0.462412907957463,0.458363594295937,24.8666480279296,23.7601986387371,24.3134233333333,0.325366315693553,46.7203966958872,24.286376,24.172037360234,-0.504262588472304,-0.605989208143957
"5991282","2018-04-11",24.9313071454387,0.23002300230023,0.33906724005734,0.421379340314983,24.8343221289778,23.7287712043555,24.2815466666666,0.227846096187069,44.7107326900736,24.261176,24.1437657122028,-0.532797389373407,-0.591350844389847
"5991281","2018-04-12",25.5912316127722,0,0.198453178651199,0.333311108888667,24.794190460965,23.6852362057016,24.2397133333333,0.136552486494652,41.4469291163111,24.241176,24.0885969505758,-0.625338101007189,-0.598148295713315
"5991280","2018-04-13",26.0023984503894,0,0.0766743341000771,0.204731584269538,24.7244843186039,23.6656090147293,24.1950466666666,0.170990532383575,41.3057470430574,24.218852,24.039450690499,-0.694394158304634,-0.617397468231579
"5991279","2018-04-16",26.1763439782092,0.478260869565219,0.159420289855073,0.144849267535449,24.64618947057,23.6838971960966,24.1650433333333,0.415088167942856,47.6437749347445,24.201652,24.0408572650991,-0.631227916924915,-0.620163557970246
"5991278","2018-04-17",25.9601008305538,0.588405797101452,0.355555555555557,0.197216726503568,24.5758622321117,23.7086244345549,24.1422433333333,0.525087313684891,49.0094047323833,24.185892,24.0522096297526,-0.549321425807769,-0.605995131537751
"5991277","2018-04-18",25.3070612996822,0.779411764705884,0.615359477124185,0.376778440844938,24.5064912197477,23.7443287802522,24.12541,0.707204298125602,51.24393421441,24.175888,24.0785816791189,-0.437782372117523,-0.572352579653705
"5991276","2018-04-19",25.3647615255706,0.444444444444444,0.60408733541726,0.525000789365667,24.5065866936879,23.746383306312,24.126485,0.399388767177188,46.7917951522013,24.151088,24.0681041219031,-0.428237908188733,-0.543529645360711
"5991275","2018-04-20",25.8818965906163,0.126984126984129,0.45028011204482,0.556575641528754,24.4293394467641,23.7493005532358,24.08932,0.123570550004134,43.5332620478566,24.113888,24.0323569056493,-0.482263165104646,-0.531276349309498
"5991274","2018-04-23",26.7335732641108,0,0.190476190476192,0.414947879312756,24.4141486940017,23.6904379726649,24.0522933333333,-0.0575340000325074,40.8266084214336,24.074812,23.9778026515627,-0.578067351525235,-0.540634549752646
"5991273","2018-04-24",26.8359190408167,0.312052834342323,0.146345653775485,0.262367318765498,24.4163857939401,23.6728675393932,24.0446266666666,0.242718713140571,45.5071535605146,24.044012,23.960762298021,-0.571297804782411,-0.546767200758599
"5991272","2018-04-25",26.3648690460484,0.123968079251513,0.145340304531279,0.160720716260984,24.4214167855548,23.6550565477785,24.0382366666666,0.200702112800716,43.2847883886702,24.007744,23.9277673249516,-0.605108074271266,-0.558435375461132
"5991271","2018-04-26",25.0146960784179,0.766097963676388,0.400706292423408,0.230797416910056,24.4231821198065,23.6546245468601,24.0389033333333,0.713946236154631,51.9179976138738,24.023744,23.9613983482914,-0.469221514183782,-0.540592603205662
"5991270","2018-04-27",23.3316757609455,1,0.630022014309301,0.392022870421328,24.4380971258645,23.6469828741354,24.04254,0.925804489381623,55.0652195515882,24.01892,24.0171319018525,-0.29120339949642,-0.490714762463814
"5991269","2018-04-30",22.2550488133409,0.721819061441702,0.829305675039364,0.620011327257357,24.4634164617371,23.6685635382628,24.06599,0.790213019106015,52.127825062195,24.01436,24.0441809816055,-0.201483792811818,-0.432868568533415
"5991268","2018-05-01",21.4996581591498,0.621432027092405,0.781083696178036,0.746803795175566,24.4712305587893,23.671882774544,24.0715566666666,0.616482464623269,50.6138161130782,24.01984,24.0565568507248,-0.156448583325031,-0.377584571491738
"5991267","2018-05-02",20.1407448026311,1,0.781083696178036,0.797157689131811,24.5335150656687,23.6455982676646,24.0895566666666,0.984778905299415,56.8428031945604,24.05144,24.1183492706281,0.00737448969410082,-0.30059275925457
"5991266","2018-05-03",19.2728712949884,0.721231043710972,0.780887690267793,0.781018360874621,24.5411951961926,23.6445848038073,24.09289,0.697532843143678,52.213450461404,24.05904,24.1385693678777,0.0528087255098786,-0.22991246230168
"5991265","2018-05-04",18.0342612556278,0.977698483496878,0.899643175735951,0.820538187393926,24.5731865969921,23.6295934030079,24.10139,0.922438400935208,55.7814272279364,24.06864,24.1867601188274,0.163631452094415,-0.151203679422461
"5991264","2018-05-07",18.0623324902156,0.892337392337393,0.863755639848415,0.848095501950718,24.7151781800552,23.5564818199447,24.13583,1.13649404513796,60.2929595322647,24.10924,24.2718587696504,0.355203784415647,-0.0499221866548397
"5991263","2018-05-08",17.1726322887913,0.65844965844966,0.842828511427978,0.868742442337447,24.7820725543043,23.5419541123623,24.1620133333333,0.888554284039861,54.4900182022526,24.12964,24.303610933697,0.397376754169176,0.0395376015099635
"5991262","2018-05-09",17.6675625292371,0.553112800493116,0.701299950426724,0.802628033901038,24.9229875376564,23.5019724623435,24.21248,1.04715816426423,57.167826141296,24.15124,24.3564628092041,0.487985627583942,0.129227206724759
"5991261","2018-05-10",18.3279142078598,0.912908844590672,0.708157101177817,0.750761854344172,25.2019763817292,23.396316951604,24.2991466666666,1.20381673981857,66.2775957659348,24.20604,24.5102677679769,0.816988344703184,0.266779434320444
"5991260","2018-05-11",18.941097909438,0.908939140992564,0.791653595358784,0.733703548987774,25.4067195901953,23.3596470764713,24.3831833333333,1.05895267949504,66.2775957659348,24.25324,24.6435653989133,1.06317574541026,0.426058696538408
"5991259","2018-05-14",19.1371602641235,0.848231901654272,0.89002662907917,0.796612441871922,25.562908150503,23.3394585161635,24.4511833333333,0.946221036301894,63.9410066944123,24.302768,24.7430900123915,1.2035754323404,0.581562043698806
"5991258","2018-05-15",18.7770608670459,0.690920798454604,0.81603061370048,0.832570279379477,25.6713947772565,23.3452385560768,24.5083166666666,0.843205668102176,60.4957888960396,24.347356,24.805344677406,1.24106847163485,0.713463329286016
"5991257","2018-05-16",18.3524525122517,0.671603348358016,0.736918682822298,0.814325308533981,25.7542212507229,23.3567554159437,24.5554883333333,0.779994952835356,59.9163389661751,24.396156,24.8552987204185,1.24623195594395,0.820017054617603
"5991256","2018-05-17",17.3710390547814,0.544301352221505,0.635608499678042,0.729519265400272,25.7910519121485,23.4131547545181,24.6021033333333,0.659887766990552,56.1026584415942,24.446248,24.8722322243627,1.17249215809052,0.890512075312187
"5991255","2018-05-18",17.1140217603643,0.607211848036058,0.607705516205193,0.660077566235177,25.8229352085175,23.5116047914825,24.66727,0.703085055778763,57.5409338524555,24.500648,24.8999345944477,1.13257295530613,0.938924251310976
"5991254","2018-05-21",17.9546900795549,0.607843137254901,0.586452112504155,0.609922042795796,25.8524717822667,23.6571882177332,24.75483,0.793889140529833,59.3046161298329,24.546648,24.939943315188,1.12661712834752,0.976462826718285
"5991253","2018-05-22",18.7353106616605,0.836601307189543,0.683885430826834,0.626014353178727,25.9135895501034,23.7690971165632,24.8413433333333,0.846122306172638,64.0014615120571,24.603608,25.0212842064963,1.22042713867663,1.02525568910995
"5991252","2018-05-23",19.8412832033512,1,0.814814814814815,0.695050786048601,25.995968910379,23.892861089621,24.944415,0.94024609240735,67.6779528826081,24.66842,25.1344863122968,1.38083628320032,1.09637180792803
"5991251","2018-05-24",20.4617284718674,0.905902980713034,0.914168095967526,0.804289447203058,26.0796665708902,23.9681234291097,25.023895,0.864206782289525,64.9931664168286,24.73842,25.2165548039905,1.45142302730052,1.16738205180253
"5991250","2018-05-25",21.0378562212038,1,0.968634326904345,0.899205745895561,26.1736995719691,24.0240304280309,25.098865,0.86281629766113,66.5243473351151,24.821572,25.3048541634585,1.52993720258832,1.23989308195968
"5991249","2018-05-29",21.5728319884448,1,0.968634326904345,0.950478916592071,26.2377797558507,24.1181635774826,25.1779716666666,0.830639264073233,66.5243473351151,24.911796,25.3813802749973,1.5731104425017,1.30653655406809
"5991248","2018-05-30",22.8343221029249,1,1,0.979089551269563,26.3399006249732,24.2274760416935,25.2836883333333,0.971170272560166,71.0822837131987,25.008956,25.5010629049977,1.71336605881502,1.38790245501747
"5991247","2018-05-31",23.0328177344623,0.792550320043188,0.930850106681063,0.966494811195135,26.4099349119179,24.3127750880821,25.361355,0.839496458610918,64.7049841204993,25.100824,25.5689211843313,1.71847408635917,1.45401678128581
"5991246","2018-06-01",22.9867241737853,0.740649340633916,0.844399886892369,0.925083331191143,26.4092658598673,24.4899541401326,25.44961,0.805052063184894,63.1778136854409,25.171332,25.6187583597538,1.68138909854965,1.49949124473858
"5991245","2018-06-04",22.9439230102996,0.740649340633916,0.757949667103674,0.844399886892368,26.3983299962655,24.6451600037345,25.521745,0.740110771798181,63.1778136854409,25.233864,25.6619505784533,1.63281872286862,1.52615674036459
"5991244","2018-06-05",23.6408648647559,0.855360832631821,0.778886504633218,0.793745352876419,26.4522092290104,24.7202474376562,25.5862283333333,0.833016391900714,65.3919767022772,25.309064,25.7203571679929,1.62460416915242,1.54584622612216
"5991243","2018-06-06",23.9846905846146,0.794137904645289,0.796716025970342,0.777850732569077,26.424406542757,24.8860767905763,25.6552416666666,0.739800124871637,63.3070162848077,25.384384,25.7603095455938,1.57446402002241,1.55156978490221
"5991242","2018-06-07",24.7419524588808,0.96774193548387,0.872413557586993,0.816005362730184,26.4652201179028,24.9712632154305,25.7182416666666,0.855939540460236,66.6038171216428,25.453584,25.8256016061813,1.58797225754164,1.55885027943009
"5991241","2018-06-08",25.0916276814719,0.881542699724517,0.881140846617892,0.850090143391742,26.517946132773,24.9792038672269,25.748575,0.778208817845647,64.1740293127684,25.529184,25.8701880586905,1.55220298619774,1.55752082078362
"5991240","2018-06-11",25.7821266182593,0.730319656488547,0.859868097232312,0.871140833812398,26.5746233471829,24.9935533194837,25.7840883333333,0.786880609578954,64.2099629671848,25.595676,25.9091363175317,1.50690183504298,1.54739702363549
"5991239","2018-06-12",26.4233042024191,0.75187969924812,0.787914018487062,0.842974320779088,26.6252791398434,25.0246508601565,25.824965,0.772331603907428,65.3128168338813,25.651876,25.9519181418608,1.47478780016368,1.53287517894113
"5991238","2018-06-13",27.2549992121901,0.72939460247994,0.737197986072203,0.794993367263858,26.6652110829148,25.0852355837518,25.8752233333333,0.776339728199152,65.6495717838723,25.721476,25.9916623896127,1.43867826363215,1.51403579587934
"5991237","2018-06-14",28.1599238075136,0.501450209474704,0.660908170400922,0.728673391653395,26.679234553087,25.1778487802462,25.9285416666666,0.742836766713759,63.6530675722272,25.781076,26.018107404331,1.37537652951212,1.48630394260589
"5991236","2018-06-15",29.3102121004626,0.892216341809732,0.707687051254793,0.701931069242638,26.6786134393051,25.3400232273615,26.0093183333333,0.93965284875761,69.8970827184892,25.823476,26.0916930837536,1.42615069575345,1.4742732932354
"5991235","2018-06-18",30.9710843832505,0.823891043223305,0.739185864835915,0.702593695497209,26.740936994185,25.4516196724816,26.0962783333333,1.10465202802317,73.0910319940266,25.875628,26.1879740059198,1.52324208656747,1.48406705190182
"5991234","2018-06-19",32.5273761261811,0.982181374847602,0.899429586626881,0.782100834239195,26.8507512717496,25.5014387282503,26.176095,1.10789350642675,75.143674172846,25.939628,26.2949108051305,1.63431790002513,1.51411722152648
"5991233","2018-06-20",30.3293814442122,0.0283154938131039,0.611462637294671,0.750026029585821,26.8407940744961,25.5937025921705,26.2172483333333,0.651888082003536,51.0873323905721,25.970428,26.2529226977797,1.39579235153948,1.49045224752908
"5991232","2018-06-21",28.2883863823839,0.71912244743035,0.576539772030353,0.695810665317301,26.9498069418845,25.5926597247821,26.2712333333333,1.00014225289125,62.6800022900784,26.038828,26.3378663380758,1.46902121797612,1.48616604161849
"5991231","2018-06-22",26.3931766821148,0.757812499999998,0.501750147081151,0.563250852135391,27.0315571422502,25.626616191083,26.3290866666666,0.941949772207516,63.2976635653078,26.117536,26.4194841596657,1.52692772382028,1.49431837805885
"5991230","2018-06-25",24.5582639652766,0.710937499999999,0.729290815810117,0.602526911640539,27.0907111164413,25.668582216892,26.3796466666666,0.858865735373989,62.1892326083921,26.189936,26.4822196050436,1.5360811108567,1.50267092461842
"5991229","2018-06-26",23.6066113188438,0.781328124999999,0.750026041666666,0.660355668185977,27.1680581274882,25.7086952058451,26.4383766666666,0.921432752752765,63.2305108345473,26.26114,26.5486036577044,1.5522937733935,1.51259549437343
"5991228","2018-06-27",22.7229338614419,0.848359374999998,0.780208333333333,0.753175063603371,27.2522665914881,25.7031767418452,26.4777216666666,0.879692845750004,64.2404393843877,26.321776,26.6175765033438,1.57244651384165,1.52456569826708
"5991227","2018-06-28",21.9023762224259,0.848359374999998,0.826015624999999,0.785416666666665,27.3189008323678,25.7357991676321,26.52735,0.840186617193623,64.2404393843877,26.3696,26.6773529695647,1.56973845578814,1.53360024977129
"5991226","2018-06-29",20.8785716108612,0.515625,0.737447916666666,0.781223958333332,27.3292964635144,25.7995602031523,26.5644283333333,0.638741781072196,55.4694840658535,26.4052,26.6723725736227,1.42218590078766,1.51131737997456
"5991225","2018-07-02",19.9278959001226,0.515625,0.626536458333333,0.729999999999999,27.309218663867,25.8893680027996,26.5992933333333,0.528669681807304,55.4694840658535,26.435648,26.668056230473,1.29040574224895,1.46713505242944
"5991224","2018-07-03",19.0451255972938,0.515625,0.515625000000001,0.626536458333332,27.3043038995241,25.9419827671425,26.6231433333333,0.51237348982264,55.4694840658535,26.466096,26.6643153997433,1.17247708869279,1.40820345968211
"5991223","2018-07-05",18.3077097010362,0.796874999999999,0.609375,0.583845486111111,27.3131060302863,26.030767303047,26.6719366666666,0.755832040602584,61.0795183216532,26.494936,26.7090733464442,1.17429589502878,1.36142194675144
"5991222","2018-07-06",18.6631286169074,0.861709520500346,0.724736506833449,0.616578835611149,27.3872658258557,26.0602408408109,26.7237533333333,0.923940774544649,64.0593933642719,26.543336,26.7771969002516,1.22759637127901,1.33465683165696
"5991221","2018-07-09",18.9931604673593,0.986796386379429,0.881793635626592,0.73863504748668,27.4608523412558,26.1089876587442,26.78492,0.954986366577217,66.3307620838905,26.601628,26.8602373135514,1.30826653565885,1.32937877245734
"5991220","2018-07-10",18.7525656482672,0.882557331480194,0.910354412786657,0.838961518415565,27.4918692499868,26.1795374166798,26.8357033333333,0.81823506021918,62.7706606329016,26.65392,26.9122056717446,1.3114207714489,1.32578717225565
"5991219","2018-07-11",17.7006453924562,0.462130937098844,0.777161551652823,0.856436533355357,27.4763169966463,26.2690030033537,26.87266,0.605473804418306,57.2550382050266,26.68992,26.9239115821786,1.22465035429009,1.30555980866254
"5991218","2018-07-12",16.5976070418175,0.410783055198973,0.585157107926005,0.757557690788494,27.4531873125878,26.3589526874121,26.90607,0.567593669247561,56.4010929777551,26.72752,26.9287233712215,1.13083886274907,1.27061561947984
"5991217","2018-07-13",15.8614946066874,0.500641848523749,0.457851946940523,0.60672353550645,27.4165120177191,26.4721213156142,26.9443166666667,0.620448030403607,57.5930913265314,26.75872,26.9422269217253,1.06516385906208,1.22952526739629
"5991216","2018-07-16",14.8683784875938,0.385109114249038,0.432178005990588,0.491729020285704,27.4074130474047,26.5181469525952,26.96278,0.504857938501463,55.4923978082295,26.78992,26.9419299988286,0.974898955749937,1.17860000506702
"5991215","2018-07-17",13.8758187816958,0.359435173299103,0.415062045357298,0.435030666096135,27.4085171927547,26.5221261405786,26.9653216666666,0.456428185311854,55.0121963666181,26.820228,26.9390059989848,0.887153632912518,1.12031073063612
"5991214","2018-07-18",12.9541561976477,0.385237483953788,0.376593923833977,0.407944658393953,27.4055963733705,26.5194236266294,26.96251,0.474711476873564,55.4296295382139,26.848632,26.9391518657868,0.81425726606319,1.05910003772153
"5991213","2018-07-19",13.1139547220539,0,0.248224219084298,0.34662672942519,27.353288581071,26.6127314189289,26.98301,0.2753808323828,47.413109802908,26.862632,26.8939316170152,0.647076864908125,0.976695403158852
"5991212","2018-07-20",13.2623390661454,0.793650793650793,0.392962759201528,0.3392603007066,27.3856245348152,26.6103954651848,26.99801,0.825052310177376,59.4759193092303,26.905032,26.9414074014132,0.701439454744235,0.921644213475929
"5991211","2018-07-23",14.1782861452885,0.463980463980463,0.419210419210419,0.353465799165414,27.391922707881,26.615787292119,27.003855,0.581229381780145,53.940840823351,26.921432,26.9465530812248,0.655924007432107,0.868500172267164
"5991210","2018-07-24",15.0557213071639,0.451770451770449,0.569800569800569,0.460657916070838,27.3956912965637,26.6263487034363,27.01102,0.528959790084476,53.7413549479417,26.92768,26.9496793370615,0.609818669555451,0.816763871724822
"5991209","2018-07-25",15.8704825289054,0.503296703296702,0.473015873015872,0.487342287342286,27.3931423754416,26.6247776245583,27.00896,0.504216747314724,54.5059754365549,26.928568,26.9580154254533,0.579229482314236,0.769256993842705
"5991208","2018-07-26",16.4804711497121,0.549999999999999,0.501689051689051,0.514835164835163,27.3912472767663,26.624086056567,27.0076666666666,0.54219017569511,55.0332796781302,26.970968,26.9689467020595,0.55686800249064,0.726779195572292
"5991207","2018-07-27",17.0468891547468,0.666818181818178,0.573371628371627,0.516025517692182,27.3893382679329,26.6234150654004,27.0063766666667,0.544029653654356,55.0352985953312,26.976972,26.9784338084516,0.533007106766581,0.68802477781115
"5991206","2018-07-30",16.8569471787239,0.861538461538461,0.692785547785547,0.589282075948741,27.3992581483765,26.6521618516234,27.02571,0.684210969765826,57.4992264976989,26.985372,27.0026426339914,0.543647065233555,0.659149235295631
"5991205","2018-07-31",16.6706181330143,0.775700934579437,0.76801919264536,0.678058789600844,27.4553733581213,26.6830466418786,27.06921,1.07072996534992,62.4845739254069,27.006972,27.0596236161259,0.625341364013554,0.652387661039215
"5991204","2018-08-01",16.4975983048555,0.785046728971962,0.807428708363288,0.75607781626473,27.4744153383448,26.7440046616552,27.10921,0.952882207991828,62.6592776762932,27.025368,27.1103404673091,0.684844898467274,0.658879108524827
"5991203","2018-08-02",17.6501804365256,0.856412213740459,0.805719959097287,0.79372262003531,27.6132667775801,26.6836132224198,27.14844,1.18429792632838,67.284435192424,27.051608,27.1918817383345,0.80610368823204,0.68832402446627
"5991202","2018-08-03",19.1509215845584,0.927152317880795,0.856203753531073,0.823117473663881,27.7896290447364,26.5822842885969,27.1859566666667,1.20461232856148,71.0889422235182,27.088972,27.2996308398899,0.972550803611849,0.745169380295386
"5991201","2018-08-06",20.5444669363031,0.959337748344371,0.914300759988542,0.8587414908723,27.9254095197941,26.5113638135392,27.2183866666667,1.08711916429646,71.7081344813562,27.145316,27.3994933945713,1.10498109144834,0.817131722525977
"5991200","2018-08-07",20.5709135468907,0.771986754966887,0.886158940397352,0.885554484638988,27.9937501428876,26.4960698571123,27.24491,0.859816447554457,63.2202560990645,27.190344,27.4483209419618,1.11318144299708,0.876341666620198
"5991199","2018-08-08",20.7034505391937,0.732543859649123,0.821289454320128,0.873916384902006,28.0664104674303,26.5057495325697,27.28608,0.844290029946832,63.8618273140659,27.236948,27.4958914830335,1.11807342275163,0.924688017846484
"5991198","2018-08-09",20.8265206034752,0.732543859649123,0.745691491421712,0.817713295379729,28.1256138153696,26.5290528512971,27.3273333333333,0.799247368198207,63.8618273140658,27.269152,27.5371192852957,1.108909456245,0.961532305526188
"5991197","2018-08-10",21.3526981175652,0.859649122807017,0.774912280701755,0.780631075481197,28.2039985820825,26.5398614179174,27.37193,0.847369202760413,66.3643473266659,27.298352,27.5921700472563,1.13075102838958,0.995376050098865
"5991196","2018-08-13",20.3932670249737,0.544543632719985,0.712245538392043,0.744283103505169,28.2269467578996,26.5870965754337,27.4070216666667,0.659716826248623,56.4809050035062,27.306752,27.5945473742888,1.03654239085931,1.00360931825095
"5991195","2018-08-14",20.3905656128577,0.878504672897197,0.760899142808067,0.749352320633954,28.2918539322895,26.6314694010438,27.4616616666667,0.835969363021485,62.9477884033795,27.335952,27.645941057717,1.05769077861508,1.01442561032378
"5991194","2018-08-15",20.8990216099771,0.952752185211435,0.791933496942873,0.755026059380993,28.3929165845629,26.6633967487704,27.5281566666667,0.928930225592576,66.8222297765828,27.385952,27.7264822500214,1.13956892742277,1.03945427374358
"5991193","2018-08-16",21.7242149536034,1,0.943752286036211,0.832194975262383,28.5033729248843,26.7182737417824,27.6108233333333,0.981304722336891,69.610660264242,27.446352,27.8256179500185,1.25313073487459,1.08218956596978
"5991192","2018-08-17",22.4618958301082,0.993653846153847,0.982135343788428,0.90594037558917,28.6208405178297,26.722146148837,27.6714933333333,0.917079588794914,69.4221579549872,27.503688,27.9106555566827,1.3250304380922,1.13075774039426
"5991191","2018-08-20",23.4738615614181,0.88888888888889,0.960847578347579,0.962245069390739,28.7200545931007,26.7685754068992,27.744315,0.899193769957485,69.6448079768884,27.565288,27.986568149125,1.37028534797159,1.17866326190973
"5991190","2018-08-21",24.4135440262059,1,0.960847578347579,0.967943500161195,28.8110677913391,26.8352322086608,27.82315,0.898236577424835,71.4010560223597,27.632888,28.0696923959084,1.42644533097176,1.22821967572214
"5991189","2018-08-22",25.2861063149375,1,0.962962962962964,0.961552706552707,28.873993406732,26.932086593268,27.90304,0.864054544274936,71.4010560223597,27.699684,28.1417334097872,1.45350725554416,1.27327719168654
"5991188","2018-08-23",24.1644984107587,0.57,0.856666666666667,0.926825735992403,28.8542094402393,27.0677472264274,27.9609783333333,0.633124375555207,58.4322511092264,27.762884,28.1468356218156,1.33603468348842,1.28582869004692
"5991187","2018-08-24",23.1230053568784,0.6264,0.732133333333334,0.850587654320987,28.8139632466418,27.2276234200248,28.0207933333333,0.635914551881668,59.472040524704,27.80234,28.1587775389069,1.24473647446715,1.27761024693096
"5991186","2018-08-27",22.1559046639895,0.6264,0.607600000000001,0.732133333333333,28.7671612596188,27.3817320737145,28.0744466666666,0.616897590278233,59.472040524704,27.852596,28.169127200386,1.15899321357329,1.25388684025943
"5991185","2018-08-28",20.8468199269524,0.530000000000001,0.594266666666668,0.644666666666667,28.7512520147191,27.4646079852809,28.10793,0.555754866944829,56.662397593922,27.899396,28.1652435736678,1.05130642325513,1.21337075685857
"5991184","2018-08-29",20.9658140606472,0.943396226415092,0.699932075471698,0.633932914046121,28.7715719821716,27.5632880178284,28.16743,0.882832193135551,65.2758208105724,27.963308,28.2245444305121,1.08787212452341,1.18827103039154
"5991183","2018-08-30",21.0763086133637,1,0.824465408805032,0.706221383647798,28.8268030500836,27.5965969499163,28.2117,0.872539202933304,66.1993984526358,28.028508,28.2839385064438,1.12066545843621,1.17474991600047
"5991182","2018-08-31",20.5139800790173,0.782608695652171,0.908668307355755,0.811021930544161,28.866901281642,27.6098320516913,28.2383666666666,0.763814693281731,61.7757164008557,28.087704,28.3154133722513,1.09100954483554,1.15800184176749
"5991181","2018-09-04",19.9918178685527,0.716981132075468,0.833196609242547,0.85544344180111,28.8955728177467,27.6283005155866,28.2619366666666,0.703636844972836,61.7757164008557,28.142104,28.3426915892845,1.05520925789699,1.13744332499339
"5991180","2018-09-05",19.5069529588356,0.716981132075468,0.738856986601036,0.826907301066445,28.9017982979185,27.6956950354148,28.2987466666666,0.683444768132082,61.7757164008557,28.185704,28.3663327107132,1.01503022087643,1.11296070417
"5991179","2018-09-06",19.0567212569554,0.716981132075468,0.716981132075469,0.763011575973017,28.9022755950598,27.7648777382735,28.3335766666666,0.663903362592995,61.7757164008557,28.228904,28.3868216826181,0.971899920696173,1.08474854747523
"5991178","2018-09-07",18.7219970325021,0.754716981132071,0.72955974842767,0.728465955701391,28.8905930305934,27.8500503027399,28.3703216666666,0.663067146395201,62.2283772928323,28.261628,28.407245458269,0.932579399495825,1.05431471787935
"5991177","2018-09-10",18.8740510688492,0.968113207547164,0.813270440251568,0.753270440251568,28.9018610464459,27.9090922868873,28.4054766666666,0.749426999942516,64.7691948480052,28.287752,28.4400260638332,0.922794816276462,1.02801073755877
"5991176","2018-09-11",19.2072942965606,1,0.907610062893079,0.816813417190771,28.8376527825307,28.0765972174692,28.457125,0.821625662089784,65.8370327304967,28.313884,28.4749425886554,0.91814420825489,1.006037431698
"5991175","2018-09-12",19.5167344365783,1,0.989371069182388,0.903417190775678,28.8286239081697,28.1538660918303,28.491245,0.812193493574986,65.8370327304967,28.351332,28.5052035768347,0.903891031092896,0.985608151576976
"5991174","2018-09-13",19.804071709452,1,1,0.965660377358488,28.8460732327031,28.1796067672968,28.51284,0.783675188195369,65.8370327304967,28.387204,28.5314297665901,0.882307316155218,0.964947984492625
"5991173","2018-09-14",20.070884891406,1,1,0.996457023060796,28.8669087871396,28.1819612128603,28.524435,0.759092822084592,65.8370327304967,28.423076,28.5541591310447,0.855250232738425,0.943008434141785
"5991172","2018-09-17",18.798584059664,0.488145048814508,0.82938168293817,0.943127227646056,28.8685118202872,28.1858048463795,28.5271583333333,0.486389963744678,53.2876278704497,28.441876,28.5362712469054,0.745510875664745,0.903508922446377
"5991171","2018-09-18",17.6171618587607,0.14237057220708,0.543505207007197,0.790962296648455,28.8666247380703,28.181538595263,28.5240816666666,0.409089291440883,54.6674679265828,28.475948,28.526341747318,0.66273880656269,0.85535489926964
"5991170","2018-09-19",18.2749670872378,0,0.210171873673863,0.527686254539742,28.8895737045525,28.1046896287808,28.4971316666667,-0.0429230631895228,42.1357522130138,28.479588,28.4656295143423,0.480927905292949,0.780469500474302
"5991169","2018-09-20",19.931285946502,0,0.0474568574023608,0.267044646027806,28.9415751021959,27.9750215644708,28.4582983333333,-0.14659118776899,34.311268659922,28.457988,28.36487891243,0.231360752429288,0.670647750865299
"5991168","2018-09-21",21.4692963158187,0.368672777999201,0.122890925999734,0.126839885691985,28.9509256304179,27.9537910362487,28.4523583333333,0.12657164287477,45.4850411567562,28.442388,28.3268950574393,0.136989873171101,0.563916175326459
"5991167","2018-09-24",23.665198183046,0.0199282582702268,0.129533678756477,0.0999604873861896,28.9917046462095,27.8733720204571,28.4325383333333,-0.029840871748401,38.7672704270625,28.413052,28.2473090497808,-0.0374123486511668,0.443650470530934
"5991166","2018-09-25",25.7042499169,0.139497807891591,0.176032948053674,0.142819184269961,29.0226033090716,27.803833357595,28.4132183333333,0.0378797018658311,41.9337607836864,28.387852,28.19433450981,-0.140013694419738,0.3269176375408
"5991165","2018-09-26",27.618093179362,0.129633320047827,0.0963531287365489,0.133973251848899,29.048145393477,27.744334606523,28.39624,0.073450376722814,41.741979499363,28.357056,28.1471032418353,-0.221786663573775,0.217176777317885
"5991164","2018-09-27",29.3952333516481,0.129633320047827,0.132921482662416,0.135102519817545,29.0420703346728,27.6714196653271,28.356745,0.123065882828757,41.741979499363,28.32626,28.1061694762573,-0.283472725719081,0.117046876710492
"5991163","2018-09-28",31.6675682425643,0,0.0864222133652185,0.105232274921393,29.0361136762624,27.5787096570709,28.3074116666667,0.0717876957142405,35.6312469432492,28.29986,28.0280135460896,-0.419818460360077,0.00967380929637783
"5991162","2018-10-01",33.7775934984149,0.100536193029491,0.0767231710257734,0.0986889556844682,29.0280688005729,27.4994211994271,28.263745,0.129032660694159,39.2232598919164,28.276004,27.976278406611,-0.488027178536099,-0.0898663882701175
"5991161","2018-10-02",35.7910465893612,0.0754021447721178,0.0586461126005371,0.0739304989971754,29.023386634821,27.413103365179,28.218245,0.122274533017274,38.6426895644806,28.250948,27.9274412857296,-0.544689530442344,-0.180831016704563
"5991160","2018-10-03",37.6606816023826,0.0754021447721178,0.0837801608579097,0.0730498148280725,29.0068632362964,27.3386267637036,28.172745,0.162670724897074,38.6426895644806,28.229748,27.8851157809656,-0.583067786214675,-0.261278370606585
"5991159","2018-10-04",39.737127602014,0,0.0502680965147459,0.06423145665773,28.9887548074707,27.2547618591959,28.1217583333333,0.141583509733991,34.8605949450815,28.182164,27.8231536768369,-0.661038993225904,-0.341230495130449
"5991158","2018-10-05",41.2560801712454,0.162857691569041,0.0794199454470536,0.0711560676065688,28.9461904683301,27.2063261983366,28.0762583333333,0.243509685767041,40.4730263431428,28.138964,27.7920665199253,-0.666158469513778,-0.406216090007115
"5991157","2018-10-08",41.2489133605281,0.484536082474225,0.215797924681089,0.115161988880962,28.8692424766602,27.1972975233398,28.03327,0.356492484282949,44.9876115422083,28.107764,27.7851243172686,-0.619551328668988,-0.448883137739489
"5991156","2018-10-09",41.1723010168015,0.711946634323835,0.453113469455701,0.24944377986128,28.7719081043423,27.2141085623244,27.9930083333333,0.438155286307337,49.1414774500406,28.082564,27.7991077416328,-0.532891297506011,-0.465684769692794
"5991155","2018-10-10",39.695315808015,0.648969217735103,0.615150644844388,0.428020679660392,28.6637991167147,27.2483142166186,27.9560566666667,0.504811072163009,48.8765142127073,28.056964,27.8098933760817,-0.461787433905914,-0.464905302535418
"5991154","2018-10-11",38.3238295427132,0.845806269415422,0.735574040491454,0.601279384930513,28.5430494760233,27.30081385731,27.9219316666667,0.578462033985391,52.7047803001648,28.03694,27.8378275926042,-0.360838995627411,-0.444092041153816
"5991153","2018-10-12",39.3735617844358,0,0.498258495716842,0.61632772701756,28.4334904965977,27.2610061700689,27.8472483333333,-0.04500941764557,34.2760061379959,27.97894,27.7381172469236,-0.544457323894765,-0.464165097702006
"5991152","2018-10-15",39.6530743686463,0.312054689004431,0.385953652806618,0.539928729671637,28.3154863002946,27.274430366372,27.7949583333333,0.189842153389384,41.9046735814319,27.92938,27.6949149473338,-0.589391334087808,-0.489210344979166
"5991151","2018-10-16",39.2087187199271,0.163681879453112,0.158578856152515,0.347597001558658,28.1891964436908,27.2966235563091,27.74291,0.139159253860552,39.5538410513187,27.871704,27.6369262876893,-0.662547959708071,-0.523877867924947
"5991150","2018-10-17",37.7128080291991,0.62584248026189,0.367193016239812,0.303908508399647,28.1534462087459,27.3082737912541,27.73086,0.6173015090746,49.1272706906227,27.833228,27.6506694493307,-0.573879420517376,-0.533878178443433
"5991149","2018-10-18",36.3503411055907,0.616214134411709,0.468579498042238,0.331450456811521,28.1456603762731,27.3057262903936,27.7256933333333,0.505127386468871,48.9533206863024,27.794352,27.6612468560866,-0.500747692700543,-0.527252081294855
"5991148","2018-10-19",35.0851932479543,0.616214134411709,0.619423583028437,0.485065365770161,28.0955489629842,27.3208377036824,27.7081933333333,0.528148121516059,48.9533206863024,27.755476,27.6704139419417,-0.437738020346135,-0.509349269105111
"5991147","2018-10-22",33.9104130944348,0.616214134411709,0.61621413441171,0.568072405160794,28.0855038484565,27.3198828182101,27.7026933333333,0.535666035267994,48.9533206863024,27.727876,27.6783587496829,-0.383378154958491,-0.484155046275787
"5991146","2018-10-23",32.8195458090238,0.616214134411709,0.61621413441171,0.617283950617285,28.073799645252,27.3195870214147,27.6966933333333,0.544160844851983,48.9533206863024,27.698604,27.6852442497251,-0.336415754756636,-0.454607187971957
"5991145","2018-10-24",30.6421845642887,0.577700751010978,0.6033763399448,0.611934869589406,28.0681030332167,27.3202736334499,27.6941883333333,0.62811968437797,48.0381816283491,27.683364,27.6858783497618,-0.307310050778065,-0.425147760533178
"5991144","2018-10-25",28.7901442526379,0.905064509917198,0.699659798446629,0.639750090934379,28.1074695932141,27.3028970734525,27.7051833333333,0.941000230497326,55.6307786567345,27.696164,27.7317612364602,-0.183124775453081,-0.376743163517159
"5991143","2018-10-26",27.0703925346764,0.991719622568845,0.824828294499008,0.709288144296811,28.1677507656424,27.2862825676909,27.7270166666666,0.945828147001328,57.4050200376066,27.697764,27.7835264049322,-0.0580193851416277,-0.312998407842053
"5991142","2018-10-29",25.4734802251408,0.991719622568845,0.962834585018297,0.829107559321311,28.2205787084636,27.2757879582031,27.7481833333333,0.893543931885629,57.4050200376066,27.713364,27.8283895509412,0.0404961933064607,-0.24229948761235
"5991141","2018-10-30",25.2793710940577,0.874972883071807,0.9528040427365,0.913488974084601,28.3222537069905,27.2488762930095,27.785565,1.03296103111734,61.0205043003256,27.731364,27.8912709441491,0.168564891847534,-0.160126611720373
"5991140","2018-10-31",25.2753530277772,0.944444444444443,0.937045650028366,0.950894759261053,28.4370786897975,27.2207179768691,27.8288983333333,1.03254624754681,63.7795880301755,27.75576,27.9657681515959,0.309482689018581,-0.0662047515725825
"5991139","2018-11-01",25.2716219662311,1,0.939805775838751,0.943218489534538,28.5406794748704,27.2200905251295,27.880385,0.9919130969008,65.1945955885965,27.783356,28.0409990647164,0.438709559453976,0.0347781106327291
"5991138","2018-11-02",25.2681574090811,1,0.981481481481482,0.952777635782865,28.6323151192794,27.2184548807205,27.925385,0.927634205638525,65.1945955885965,27.823756,28.1061991894209,0.534540552340901,0.134730598974363
"5991137","2018-11-05",23.8917588327521,0.690952380952378,0.896984126984127,0.939423794768119,28.6734125034478,27.2282708298855,27.9508416666666,0.743315244749146,56.8380193872664,27.848972,28.1280926308314,0.529703716147778,0.213725222409046
"5991136","2018-11-06",22.6136744404466,0.805476190476187,0.832142857142856,0.90353615520282,28.7185723375357,27.2301043291309,27.9743383333333,0.763533824342712,58.9384447052948,27.879236,28.1598936133873,0.547065357552268,0.280393249437691
"5991135","2018-11-07",22.7611827788771,0.876517048738201,0.790981873388923,0.840036285838634,28.8074475040422,27.2092158292911,28.0083316666666,0.89693974077036,63.5704604247602,27.918836,28.2185744649356,0.620296761705563,0.348373951891265
"5991134","2018-11-08",22.8981548074197,0.939125409362356,0.873706216192249,0.832276982241342,28.8895146566157,27.1917086767176,28.0406116666666,0.867761888417209,64.7626227515401,27.96862,28.2780978696109,0.688640687533271,0.416427299019666
"5991133","2018-11-09",23.4804954591535,0.953392857142858,0.923011771747806,0.862566620442992,28.9347024268317,27.3032175731682,28.11896,0.902234809919591,66.4506709895896,28.015332,28.3420581536628,0.760138785839581,0.485169596383649
"5991132","2018-11-12",24.9009318174402,0.907168678807722,0.933228981770979,0.90998232323701,29.056233638502,27.3410163614979,28.198625,1.00532470625564,70.718817192007,28.066532,28.4324503998411,0.880667653585565,0.564269207824033
"5991131","2018-11-13",26.2199084358493,1,0.953520511983527,0.93658708850077,29.1615965121166,27.4091801545501,28.2853883333333,0.9968634667824,72.6629135898049,28.117176,28.5289370131956,1.00241673264565,0.651898712788356
"5991130","2018-11-14",24.852981981887,0.453624167551395,0.786930948786373,0.891226814180292,29.1881237021333,27.4629862978666,28.325555,0.678408011195017,56.0063276639615,28.145576,28.5370787447695,0.927804747374439,0.707079919705573
"5991129","2018-11-15",23.5836931317791,0.463275745584405,0.638966637711934,0.79313936616061,29.1940293183275,27.5440806816724,28.369055,0.639971023866664,56.1973416547984,28.1688,28.5454682454669,0.861559238407938,0.737975783446046
"5991128","2018-11-16",22.5988290865341,0.417297053178279,0.444732322104693,0.623543302867665,29.1932209254489,27.636489074551,28.414855,0.648480934508215,57.0015570206756,28.2308,28.5580724794047,0.810993920152625,0.752579410787362
"5991127","2018-11-19",21.6843124730923,0.437619961612287,0.439397586791657,0.507698848869427,29.1790713399505,27.7434386600494,28.461255,0.637044107977243,57.380762644622,28.280556,28.5713961488174,0.767133653509933,0.755490259331876
"5991126","2018-11-20",21.2960917603451,0.394716043807161,0.41654435286591,0.433558087254086,29.1478317786219,27.8693448880447,28.5085883333333,0.631466606792875,56.2528834037483,28.334956,28.5778766623084,0.713402030809829,0.747072613627467
"5991125","2018-11-21",21.3581212699695,0.733656994467656,0.521997666629035,0.459313202095533,29.1364735657429,27.9937231009237,28.5650983333333,0.810742964101863,62.520492933884,28.382164,28.6235197740006,0.746838142577722,0.747025719417518
"5991124","2018-11-23",20.2226294926828,0.168905950095973,0.43242632945693,0.456989449650624,29.1106961879642,28.0555004787024,28.5830983333333,0.345433096532009,49.7346527546936,28.409764,28.5963838041339,0.62503241389571,0.722627058313156
"5991123","2018-11-26",19.9331669567991,0.232298923369224,0.378287289310951,0.444237095132304,29.0953140156424,28.1272159843575,28.611265,0.574443218563012,52.4560176743357,28.442564,28.590199296916,0.558744420277524,0.68985053070603
"5991122","2018-11-27",19.6643803163355,0.638500203776662,0.34656835908062,0.385760659282833,29.0926135546956,28.2072497786377,28.6499316666666,0.774917128132847,58.7466910004101,28.488964,28.6301727239939,0.595228922227009,0.670926209010226
"5991121","2018-11-28",18.924209024567,0.448308653715527,0.439702593620472,0.38818608067068,29.0936353680056,28.246131298661,28.6698833333333,0.602398721696385,55.4908955431432,28.529764,28.646149694128,0.57792052427228,0.652325072062636
"5991120","2018-11-29",18.8503806647792,0.502649096590136,0.529819318027442,0.43869675690951,29.1107829436714,28.2673170563285,28.68905,0.702675653592303,56.2371652087666,28.573764,28.665329734911,0.568867699882492,0.635633597626608
"5991119","2018-11-30",19.3030780834739,0.962500000000003,0.637819250101889,0.535780387249933,29.1921501232727,28.2529498767272,28.72255,1.00835804372513,62.930575663929,28.620164,28.7352857702562,0.666342795369479,0.641775437175182
"5991118","2018-12-03",19.7234399722619,1,0.821716365530047,0.663118311219792,29.2648289635045,28.2492710364954,28.75705,0.955857797657521,63.382922582865,28.664164,28.799914334222,0.743018073862101,0.662023964512566
"5991117","2018-12-04",20.1137760118508,1,0.987500000000001,0.815678538543978,29.3038818949167,28.3019714384165,28.8029266666666,0.916278052222597,63.382922582865,28.708164,28.8559257563257,0.794266961578582,0.688472563925769
"5991116","2018-12-06",20.4762309057547,1,1,0.936405455176682,29.3358895038342,28.3553038294991,28.8455966666666,0.881816034164729,63.382922582865,28.744964,28.9044689888156,0.825086569536815,0.715795365047978
"5991115","2018-12-07",20.8127961643798,1,1,0.995833333333333,29.3812731440021,28.3676468559978,28.87446,0.840894868344772,63.382922582865,28.775764,28.9465397903069,0.839608494793831,0.740557990997149
"5991114","2018-12-10",22.3153405024203,0,0.666666666666667,0.888888888888889,29.5203760879972,28.1410439120028,28.83071,-0.25450280803443,30.5047755406617,28.724564,28.7203344849326,0.296707370286375,0.651787866854994
"5991113","2018-12-11",23.4968704464852,0.859695431472082,0.619898477157361,0.762188381274675,29.529990540003,28.1482694599969,28.83913,0.575608602569456,53.051592549319,28.741108,28.750103220275,0.336982729954105,0.588826839474816
"5991112","2018-12-12",25.9782191161366,0.0964467005076149,0.318714043993233,0.535093062605753,29.5699787075619,27.9944112924381,28.782195,-0.0429969705650869,40.4913353426193,28.707892,28.575422790905,-0.0538393161245154,0.46029360835495
"5991111","2018-12-13",28.2424443809367,0.588832487309645,0.514991539763114,0.484534686971235,29.5263638595627,27.9802694737706,28.7533166666666,0.38695170557536,48.8969758041169,28.709628,28.5533664187843,-0.0894265547696782,0.350349575730024
"5991110","2018-12-14",30.3449392696796,0.659898477157361,0.448392554991541,0.427366046249295,29.5263020234296,27.9799979765703,28.75315,0.420358483022725,49.9948345305088,28.707628,28.5529175629464,-0.0771627461453872,0.264847111354942
"5991109","2018-12-17",32.571304194525,0.467005076142133,0.57191201353638,0.511765369430344,29.5435840190762,27.9197159809237,28.73165,0.154128299342011,47.0408049141003,28.687828,28.5018618878869,-0.173004889036676,0.177276711276618
"5991108","2018-12-18",32.5509408925456,0.66497461928934,0.597292724196279,0.539199097574732,29.5462102312295,27.9241564354371,28.7351833333333,0.488584431222521,50.2873561719987,28.679916,28.5096136361686,-0.1369903120367,0.114423306613955
"5991107","2018-12-19",32.5320321121362,0.67005076142132,0.600676818950932,0.589960518894529,29.5443881774957,27.917178489171,28.7307833333333,0.401190771855076,50.3713666161844,28.661916,28.5176651513461,-0.104417112868083,0.0706552227175472
"5991106","2018-12-20",33.0216287962857,0.426395939086295,0.587140439932319,0.595036661026509,29.5520992751432,27.8628007248567,28.70745,0.205528664595364,46.3246354723691,28.619272,28.4606431311667,-0.212164214645316,0.0140913352449746
"5991105","2018-12-21",33.6427471574695,0.340101522842641,0.478849407783419,0.555555555555555,29.5427274978725,27.7928191687941,28.6677733333333,0.190779992485873,44.9473711989567,28.592472,28.3885573803444,-0.342169433248518,-0.057160818453724
"5991104","2018-12-24",35.1912117430961,0,0.255499153976312,0.440496333897349,29.754271383534,27.4299486164659,28.59211,-0.225104400535809,36.3826915087651,28.515276,28.1594297296319,-0.793953571566708,-0.204519369076321
"5991103","2018-12-26",36.5625372145016,0.0823169536060229,0.140806158816222,0.291718240191983,29.8501838279137,27.1713695054196,28.5107766666666,-0.0428185103348594,38.5019787567987,28.444876,27.9888390990143,-1.08258710194872,-0.3801329156508
"5991102","2018-12-27",38.1178074128902,0,0.0274389845353415,0.141248099109291,29.9477023177501,26.8508510155832,28.3992766666666,-0.0605510771920518,35.8090073781245,28.356156,27.7823272191457,-1.42506916311215,-0.58912016514307
"5991101","2018-12-28",39.5619868828225,0.243243243243243,0.108520065616422,0.0922550696559941,29.9572049816031,26.6726816850635,28.3149433333333,0.12096681285685,42.0580612242376,28.294156,27.6873502565929,-1.49825127199323,-0.770946386513102
"5991100","2018-12-31",41.3524689259058,0,0.0810810810810815,0.0723467104109473,29.9957606175496,26.399126049117,28.1974433333333,0.0308271381963912,37.2260703467187,28.188948,27.5010368890472,-1.76568912072386,-0.969894933355253
"5991099","2019-01-02",43.0150593944832,0.167883211678832,0.137042151640692,0.108881099446064,29.9129769463275,26.2409097203391,28.0769433333333,0.149531652300585,41.4949885911151,28.122148,27.4008986371743,-1.82361681201165,-1.14063930908653
"5991098","2019-01-03",43.933820689294,0.0875912408759131,0.0851581508515823,0.101093794524451,29.7994870021726,26.1050663311607,27.9522766666666,0.168253805091373,40.0907770828487,28.041348,27.2847788188844,-1.91364590382449,-1.29524062803412
"5991097","2019-01-04",44.2299101328266,0.361313868613139,0.205596107055962,0.142598803182744,29.627954245659,26.0849324210076,27.8564433333333,0.343887498476133,46.7113403640768,27.976948,27.2841416430331,-1.74355571746893,-1.38490364592108
"5991096","2019-01-07",44.6944525492293,0.277372262773723,0.242092457420926,0.177615571776156,29.4336854476765,26.0702012189901,27.7519433333333,0.315089564556632,45.0665636282847,27.908948,27.2529227572954,-1.65778620420252,-1.43948015757737
"5991095","2019-01-08",45.1258133644603,0.277372262773723,0.305352798053529,0.251013787510138,29.2082673977217,26.0786192689449,27.6434433333333,0.310380174091564,45.0665636282847,27.839348,27.225866389656,-1.57184511005687,-1.46595314807327
"5991094","2019-01-09",45.5263626928891,0.333333333333334,0.29602595296026,0.281157069478237,29.1905322131489,26.0223544535177,27.6064433333333,0.324364863479737,45.0665636282847,27.753748,27.2024175377018,-1.48672010708707,-1.47010653987603
"5991093","2019-01-10",43.1852839196006,0.751111111111112,0.453938902406057,0.351772551139948,29.0421740210985,26.0837993122348,27.5629866666666,0.672892229800221,53.3602888046332,27.704148,27.3060951993416,-1.13065584287741,-1.40221640047631
"5991092","2019-01-11",41.0114250586897,0.831111111111112,0.63851851851852,0.462827791294945,29.0730827981599,26.07955720184,27.57632,0.706115937038218,54.7832290347622,27.661748,27.4199491727627,-0.786864103547791,-1.2791459410906
"5991091","2019-01-14",39.1394072690637,0.885,0.822407407407408,0.63828827611066,29.0034532799715,26.1050000533618,27.5542266666666,0.700948559270453,53.801176420685,27.615348,27.505289283061,-0.538176324395889,-1.13095201775166
"5991090","2019-01-15",37.0626100236288,0.926267281105991,0.880792797405701,0.780572907777209,28.9531031309445,26.1276835357221,27.5403933333333,0.787723636296236,55.8468878638418,27.578548,27.6112507119862,-0.268229138490261,-0.958407441899381
"5991089","2019-01-16",35.012712961845,0.88340807174888,0.898225117618291,0.867141774143799,28.9796711038337,26.1187822294996,27.5492266666666,0.778738544217527,55.4065279010471,27.618948,27.6977506170547,-0.0658256509979416,-0.779891083719093
"5991088","2019-01-17",32.6929543718564,0.944558521560574,0.918077958138482,0.899031957720824,28.9626418726388,26.1276447940278,27.5451433333333,0.884429555462059,58.3260523944361,27.604804,27.8167172014474,0.187654873465837,-0.586381892282107
"5991087","2019-01-18",30.6051868355937,0.817325800376648,0.881764131228701,0.899355735661824,28.9728546168834,26.1225987164499,27.5477266666666,0.876787221048018,56.7498229304583,27.645604,27.9024882412544,0.346095059844287,-0.399886501856829
"5991086","2019-01-22",28.6665455519212,0.91511387163561,0.892332731190945,0.897391606852708,29.0797897941689,26.075330205831,27.57756,0.909094091808587,59.3009964394425,27.658804,28.0141564757539,0.545446780565984,-0.210819845372266
"5991085","2019-01-23",26.950428519659,0.93469387755102,0.889044516521094,0.887713792980246,29.2044282726718,26.0253583939948,27.6148933333333,0.895851632089244,60.0265022535885,27.669604,28.1216022789867,0.71719975138016,-0.025215926021781
"5991084","2019-01-24",25.197199590176,0.759803921568628,0.86987055691842,0.883749268210152,29.3373356974794,26.0781109691872,27.7077233333333,0.823883772369749,57.0164458096733,27.686804,28.1853886417884,0.780631337437776,0.13595352667013
"5991083","2019-01-25",23.5261547857956,0.883686635944701,0.859394811688117,0.872769961709209,29.5081621657261,26.1067911676072,27.8074766666666,0.865810335701344,60.5740022569386,27.703108,28.28968348955,0.924668625819369,0.293696546499978
"5991082","2019-01-28",22.3794121722162,0.906382978723405,0.849957845412246,0.859741071339593,29.6636896345272,26.2102636988061,27.9369766666666,0.881174141611301,62.5050201332791,27.727508,28.40839235761,1.08569729256527,0.452096695713036
"5991081","2019-01-29",21.7813396616063,0.863813229571984,0.884627614746697,0.864660090615686,29.8410657814933,26.2645542185066,28.05281,0.872949071511682,63.3247105027487,27.774708,28.5232733765953,1.22351525457136,0.606380407484701
"5991080","2019-01-30",21.2259866160399,0.96341463414634,0.911203614147244,0.881929691435395,29.9619644637579,26.449035536242,28.2055,0.886657409821421,65.9107454194435,27.840308,28.6615035930493,1.39707936386921,0.764520198761604
"5991079","2019-01-31",21.875182047413,0.742990654205607,0.856739505974645,0.884190244956194,30.1245251377641,26.5908081955692,28.3576666666666,0.91759617162491,66.6956043176442,27.959504,28.793303113976,1.5405101795021,0.919718194909702
"5991078","2019-02-01",22.3000205223571,0.714953271028038,0.807119519793329,0.858354213305071,30.1910555533888,26.8179444466112,28.5045,0.843550300197614,65.6110667388428,28.067904,28.8995293654459,1.61740404014015,1.05925536395579
"5991077","2019-02-04",22.8154652375344,0.7409793814433,0.732974435558982,0.798944487108984,30.3035729754436,26.9509270245564,28.62725,0.837370348644795,66.6572101525466,28.198204,29.0059254500531,1.687745835914,1.18495345834743
"5991076","2019-02-05",23.5689616465565,0.783505154639176,0.746479269036839,0.762191074796382,30.3746871008,27.1534795658667,28.7640833333333,0.842288822243235,67.4749601030586,28.306604,29.109135390046,1.74519625153842,1.29700201698563
"5991075","2019-02-06",24.071182155903,0.725517241379311,0.750000592487263,0.743151432361027,30.3614555909525,27.4388710757141,28.9001633333333,0.798173299051921,66.2532200817239,28.4439,29.1909040047066,1.75367508205226,1.38833662999896
"5991074","2019-02-07",25.1296045092029,0.852272727272728,0.787098374430406,0.761192745318168,30.324299636032,27.7756936973013,29.0499966666666,0.891064771863634,68.7655606717353,28.5723,29.2934501374124,1.80428713304608,1.47152673060838
"5991073","2019-02-08",26.1124252658386,0.876543209876543,0.818111059509528,0.785070008809064,30.4153862791865,27.8841603874802,29.1497733333333,0.863549799992902,69.3853792045335,28.7119,29.390323452424,1.8386828030414,1.54495794509499
"5991072","2019-02-11",27.1262948264369,0.965705521472392,0.898173819540555,0.834461084493495,30.5132296778227,27.9862569888439,29.2497433333333,0.873169842362296,70.9782846361227,28.827664,29.4948269921008,1.88541118652257,1.6130485933805
"5991071","2019-02-12",28.2625610244534,0.877363896848138,0.906537542732358,0.874274140594146,30.57262724201,28.1334260913233,29.3530266666666,0.848190499347543,69.8830869828198,28.950904,29.5796500598207,1.88795125835246,1.66802912637489
"5991070","2019-02-13",29.1839247317894,0.822128648177728,0.88839935549942,0.897703572590777,30.612429866556,28.2696234667772,29.4410266666666,0.786966377900527,69.057717640995,29.072904,29.6490300518446,1.85940830572193,1.7063049622443
"5991069","2019-02-14",30.6307181571109,0.886363636363637,0.861952060463168,0.885629652898314,30.67259761972,28.4147890469466,29.5436933333333,0.879264512055094,71.936333182647,29.204904,29.7424927115987,1.88231134803769,1.74150623940298
"5991068","2019-02-15",31.9741691949096,1,0.902830761513789,0.884394059158791,30.7582828943743,28.5156037722923,29.6369433333333,0.884832880535088,73.5276607089519,29.305704,29.8434936833855,1.91800852731272,1.77680669698493
"5991067","2019-02-19",33.6411832476149,0.764227642276424,0.883530426213354,0.882771082730103,30.8295180882593,28.6418685784073,29.7356933333333,0.893560910674224,73.5276607089519,29.399304,29.9310278589341,1.92318068005777,1.8060814935995
"5991066","2019-02-20",33.5915260092509,0.433333333333333,0.732520325203253,0.839627170976798,30.8458843713102,28.7771689620231,29.8115266666666,0.747403129676036,62.7912946212426,29.481304,29.9548908110762,1.80100293211223,1.80506578130204
"5991065","2019-02-21",33.2176511710451,0.358416666666666,0.518659214092142,0.711569988502915,30.8150882280907,28.9263051052426,29.8706966666666,0.598495515136841,60.5948412761685,29.550108,29.9635853695994,1.6607741888671,1.77620746281505
"5991064","2019-02-22",33.3694446547803,0.423340961098398,0.405030320366133,0.552069953220508,30.7516985137878,29.1370714862122,29.944385,0.681289545511652,62.7769539000717,29.626108,29.9897739869862,1.56915223623648,1.73479641749934
"5991063","2019-02-25",33.7375064529759,0.58786062195579,0.456539416573619,0.46007631701063,30.7310003156098,29.2932630177235,30.0121316666666,0.774413831080304,65.5658599946411,29.696508,30.0378041220547,1.52980401853755,1.69379793770698
"5991062","2019-02-26",33.3269110142787,0.400524541026601,0.470575374693597,0.444048370544449,30.6957100919444,29.4272199080556,30.061465,0.640746063523082,60.4330240235888,29.764108,30.0527635724474,1.42826252483705,1.640690855133
"5991061","2019-02-27",32.5860514065638,0.108433734939759,0.365606299307384,0.430907030191532,30.6536507908753,29.545612542458,30.0996316666666,0.545457215403262,57.9885978823706,29.816508,30.0523950961211,1.30586895675382,1.57372647545716
"5991060","2019-02-28",32.5909163832505,0.233766233766234,0.247574836577532,0.361252170192837,30.6465888588743,29.6326278077924,30.1396083333333,0.720644569888857,60.5652602489613,29.871708,30.0720757499716,1.23488540773562,1.50595826191285
"5991059","2019-03-01",31.7364917234132,0,0.114066656235332,0.242415930706748,30.6397041549573,29.6608458450427,30.150275,0.394153901250175,54.5591740824207,29.925708,30.0557989833087,1.09884708994485,1.42453602751925
"5991058","2019-03-04",30.8836201198229,0,0.0779220779220785,0.14652119024498,30.6086272330722,29.7290694335944,30.1688483333333,0.347595765266481,54.1474458729129,29.964292,30.0393191188676,0.975046780932054,1.33463817820181
"5991057","2019-03-05",30.9116952132011,0.487059920727443,0.162353306909148,0.118114013688852,30.6160597978112,29.7904702021888,30.203265,0.794821625608283,61.4928732244376,30.011092,30.0807432363519,0.977842864190803,1.26327911539961
"5991056","2019-03-06",30.7206707534791,0.415364886920026,0.300808269215824,0.180361218015683,30.6162829343806,29.8402237322861,30.2282533333333,0.678053426371446,59.9699480296502,30.051832,30.1084441381716,0.952413298542876,1.20110595202826
"5991055","2019-03-07",30.7577399159434,0.533690837024948,0.478705214890806,0.313955597005259,30.6032779973544,29.9230686693122,30.2631733333333,0.804063261322792,61.6576960279582,30.085032,30.1459849197488,0.948389598182287,1.15056268125907
"5991054","2019-03-08",30.2040732950125,0.347167171834926,0.432074298593301,0.403862594233309,30.6065731217393,29.951440211594,30.2790066666667,0.628716883796857,57.539330626513,30.108232,30.1571869304489,0.891977617723283,1.09884566855191
"5991053","2019-03-11",30.4156303083387,0.785025524673851,0.555294511177909,0.488691341554004,30.7114353211683,29.923418012165,30.3174266666666,1.16111914977128,65.7421561285308,30.155136,30.2379086730557,0.978204432756669,1.07471742139286
"5991052","2019-03-12",30.9775046087531,0.802808013882315,0.645000236797032,0.544123015522746,30.8570222621636,29.8618910711697,30.3594566666666,1.17717369605676,68.0788823563074,30.205236,30.332854183315,1.08334101065772,1.07644213924583
"5991051","2019-03-13",31.584106527267,0.886173926240705,0.824669154932291,0.674987967635743,31.0057097727479,29.8079702272521,30.40684,1.12046878454898,69.8515185223958,30.258036,30.4351402922063,1.19193756101381,1.09954122359943
"5991050","2019-03-14",32.1473797373157,0.908939140992562,0.865973693705195,0.778547695144838,31.1228467680458,29.7944998986208,30.4586733333333,1.02044137158689,70.207853124123,30.31434,30.5277882532455,1.27044186780387,1.13372135244032
"5991049","2019-03-15",32.1238855265862,0.81028987706784,0.86846764810037,0.853036832245951,31.2060966985254,29.7779166348079,30.4920066666667,0.902372232044897,66.5378366684764,30.35594,30.5907498194794,1.28292027630978,1.16356113721421
"5991048","2019-03-18",31.8928675750777,0.772347852481408,0.830525623513937,0.854988988439833,31.2652838482233,29.7690628184434,30.5171733333333,0.824925255242229,65.1277057547721,30.39314,30.6386498435488,1.26470869739255,1.18379064924988
"5991047","2019-03-19",30.325365103141,0.499165275459098,0.693934335002782,0.797642535539029,31.276676650605,29.7706700160616,30.5236733333333,0.634789136167974,55.9359412844994,30.409776,30.6321631977423,1.14220694680547,1.175473908761
"5991046","2019-03-20",29.2677586492031,0.664896038852632,0.64546972226438,0.723309893593699,31.3198933783709,29.7873466216291,30.55362,0.740545135112492,59.6559771390891,30.436872,30.6556614380433,1.0900545566906,1.15839003834692
"5991045","2019-03-21",29.0160028912852,0.777457782432255,0.647173032247996,0.662192363171718,31.3975320250139,29.827367974986,30.61245,0.895425773072769,64.2883361654585,30.477672,30.7175732463042,1.11761089761042,1.15023421019962
"5991044","2019-03-22",28.8699544898893,0.798267716535433,0.746873845940108,0.679838866817494,31.491066862718,29.843043137282,30.667055,0.901781230318657,65.9606293186878,30.513424,30.7877368134637,1.15817586878046,1.15182254191579
"5991043","2019-03-25",28.8031022959844,0.869230769230768,0.814985422732819,0.736344100306973,31.5936929247774,29.8414170752225,30.717555,0.898973521688534,67.4990278112273,30.547824,30.8640385716685,1.20634446504395,1.16272692654142
"5991042","2019-03-26",29.2462929568637,0.764705882352939,0.810734789373047,0.790864686015324,31.6950129920463,29.8680970079536,30.781555,0.90420304295863,68.0345854414698,30.583824,30.935500095446,1.24014944679951,1.17821143059304
"5991041","2019-03-27",29.8618104497762,0.791411042944785,0.808449231509498,0.811389814538454,31.7925971374085,29.9188461959248,30.8557216666666,0.91500268229402,69.6503196449704,30.640224,31.0134334160532,1.28290025839808,1.19914919615405
"5991040","2019-03-28",29.9042325634099,0.63779527559055,0.731304066962759,0.783496029281767,31.8632279899848,29.9632153433485,30.9132216666666,0.815846143302838,66.0546667020477,30.69542,31.0649756272461,1.27049278665987,1.21341791425521
"5991039","2019-03-29",29.9436245260697,0.669291338582679,0.699499219039339,0.746417505837198,31.8836923134699,30.0900843531967,30.9868883333333,0.797228646657806,66.6722898390913,30.74662,31.1149788769467,1.25628029932026,1.22199039126822
"5991038","2019-04-01",29.5201827732268,0.590551181102362,0.632545931758531,0.687783072586875,31.8510565629458,30.2569001037208,31.0539783333333,0.70237766801354,63.5588245481844,30.78622,31.1449816933538,1.20500196510889,1.21859270603635
"5991037","2019-04-02",30.2289761135904,0.941000746825992,0.733614422170345,0.688553190989404,31.9478863096921,30.3030370236412,31.1254616666666,0.956498764375815,70.9974092323176,30.85422,31.2389841342399,1.28123026116,1.23112021706108
"5991036","2019-04-03",31.134800327055,0.937436315467698,0.822996081132018,0.729718811686964,32.0364262550153,30.3779237449847,31.207175,0.978458727195641,72.4237674873337,30.93102,31.3364529163413,1.35617481153432,1.25613113595573
"5991035","2019-04-04",31.2306952658669,0.821955030228925,0.900130697507539,0.8189137336033,32.0771388189944,30.4748778476722,31.2760083333333,0.85615816870485,67.3689664212643,30.99502,31.3982591941624,1.35557481424244,1.27601987161307
"5991034","2019-04-05",31.5329348923082,0.910264248352693,0.889885198016439,0.871003992218664,32.0943551493086,30.6179948506913,31.356175,0.913511300214753,69.1425903356442,31.07422,31.4691579682741,1.37223184885429,1.29526226706132
"5991033","2019-04-08",31.6773501558579,0.870702719948949,0.867640666176856,0.885885520566944,32.1447734117642,30.6744065882357,31.40959,0.838085702183534,68.2210555649606,31.152932,31.5266035725042,1.36162846185999,1.30853550602105
"5991032","2019-04-09",30.4477578003373,0.477656299755864,0.752874422685836,0.836800095626376,32.1648502791123,30.7189963875543,31.4419233333333,0.664661635630517,58.9186321204561,31.201732,31.532389762837,1.25416097637532,1.2976606000919
"5991031","2019-04-10",29.2307336234266,0,0.449453006568272,0.689989365143654,32.1634446988066,30.7380686345267,31.4507566666667,0.412942273193933,45.0778483908354,31.225392,31.4454044611254,0.980991132408171,1.23432670655516
"5991030","2019-04-11",27.949575542907,0.697841726618705,0.39183267545819,0.531386701570765,32.2282388154341,30.7572745178992,31.4927566666667,0.838039022542326,59.4862987656297,31.283792,31.4993505329754,1.00166245561704,1.18779385636753
"5991029","2019-04-12",26.7281263450346,0.857142857142855,0.518328194587187,0.453204625537882,32.3073348093683,30.786178523965,31.5467566666667,0.894377622967863,62.0299177376056,31.357792,31.576770461912,1.0642765069359,1.16309038648121
"5991028","2019-04-15",25.559958113396,0.957446808510637,0.837477130757399,0.582546000267591,32.3854828043916,30.8326971956084,31.60909,0.912748544534883,63.6335300693628,31.416488,31.663867733657,1.13849947923854,1.15817220503267
"5991027","2019-04-16",24.4752304697316,1,0.938196555217831,0.764667293520805,32.4051279457814,30.9693853875519,31.6872566666666,0.919812960114986,64.2833209252671,31.470088,31.7473520358361,1.19815732458797,1.16616922894373
"5991026","2019-04-17",23.4679833720432,1,0.98581560283688,0.920496429604036,32.4281388305838,31.0831478360828,31.7556433333333,0.89729386207892,64.2833209252671,31.517688,31.8197050977246,1.23069896040995,1.17907517523698
"5991025","2019-04-18",24.5196372602944,0.404255319148936,0.801418439716313,0.908476865923674,32.4078043149068,31.1361490184264,31.7719766666666,0.333306504322879,49.8275983088512,31.530488,31.7704110846947,1.03137980977033,1.14953610214365
"5991024","2019-04-22",25.4961730136706,0.47517730496454,0.626477541371159,0.804570527974783,32.3939970947277,31.1770362386056,31.7855166666666,0.347557408495613,51.2335425810147,31.552488,31.7410229400687,0.888577245037592,1.09734433072244
"5991023","2019-04-23",24.5202709784504,0.432624113475177,0.437352245862885,0.621749408983451,32.3869372947214,31.2167627052785,31.80185,0.449993217085231,50.3223708367267,31.574088,31.7075532147262,0.751492615302185,1.02817398763839
"5991022","2019-04-24",23.6140762314603,0.75886524822695,0.555555555555556,0.539795114263199,32.4054924932008,31.2492075067992,31.82735,0.675259561771771,56.6829414699067,31.628488,31.7398794527627,0.751237631516832,0.972786716414075
"5991021","2019-04-25",22.2333545642367,0.879194630872483,0.690227997524871,0.561045266314436,32.4570523305086,31.259314336158,31.8581833333333,0.827130531480809,59.5900523704203,31.683752,31.7998955257277,0.802587632806073,0.938746899692474
"5991020","2019-04-26",20.7108556016137,0.882716049382718,0.840258642827384,0.695347398635936,32.5180623131809,31.2843043534857,31.9011833333333,0.882692566471213,60.9994328496388,31.731352,31.8679094556307,0.863418492802581,0.923681218314496
"5991019","2019-04-29",19.4121938653276,0.915662650602409,0.892524443619204,0.807670361323819,32.5818689594294,31.3131643739039,31.9475166666667,0.893432802005108,62.0679756723208,31.7776,31.9388548615466,0.923353370249735,0.923615648701544
"5991018","2019-04-30",19.7114530790277,0.733624454148472,0.844001051377867,0.858928045941484,32.6884891994261,31.3452174672405,32.0168533333333,1.05571779120628,63.9585155213904,31.8256,32.0216742133404,0.999247338902887,0.938741986741813
"5991017","2019-05-01",19.9893366346063,0.709302325581396,0.786196476777426,0.840907323924831,32.8009295356676,31.320477130999,32.0607033333333,0.967850231331886,65.2411491189174,31.8764,32.1081176515617,1.07412937683253,0.965819464759957
"5991016","2019-05-02",20.353843081314,0.765988372093022,0.73630505060763,0.788834192920974,32.9149214110642,31.2899152556024,32.1024183333333,0.950817779492337,66.3831172764344,31.9263,32.1960352980201,1.14414934435683,1.00148544067933
"5991015","2019-05-03",19.8659641735375,0.624999999999999,0.700096899224806,0.740866142203287,32.9781808758961,31.3061557907706,32.1421683333333,0.798738540334681,61.0139204363381,31.9713,32.2398972582841,1.12549939539888,1.02628823162324
"5991014","2019-05-06",19.4834073343103,0.808139534883722,0.733042635658914,0.723148195163783,33.0746429759217,31.2991303574115,32.1868866666666,0.879691284442894,64.9766371051142,32.0273,32.3199109571795,1.17560137741817,1.05615086078223
"5991013","2019-05-07",19.3834689038803,0.27906976744186,0.570736434108527,0.667958656330748,33.0785584190533,31.32154491428,32.2000516666666,0.482896166372658,49.3658282314424,32.0509,32.2679228295556,0.976639312652017,1.04024855115618
"5991012","2019-05-08",19.2906689327668,0.523255813953489,0.536821705426357,0.613533591731266,33.0807182779789,31.3863850553544,32.2335516666666,0.568728117809664,54.7673128789484,32.0709,32.2788664522815,0.913434551666326,1.01488575125821
"5991011","2019-05-09",20.0722432403419,0.226190476190477,0.342838685861942,0.483465608465608,33.0151307911225,31.5199725422108,32.2675516666666,0.325513453047625,48.4111959575699,32.0669,32.2243509253107,0.734821880941561,0.958872977194882
"5991010","2019-05-10",20.7979908116616,0.422619047619049,0.390688445921005,0.423449612403101,33.0156715518797,31.5407651147869,32.2782183333333,0.449227287835574,52.4932880932087,32.0829,32.2211041352692,0.668197124602665,0.900737806676438
"5991009","2019-05-13",20.3057309672676,0.307692307692309,0.318833943833945,0.35078702520563,33.0262756834426,31.5538276498906,32.2900516666666,0.563351415154305,53.3367607521094,32.0965,32.2276235839,0.625716317144676,0.845733508770086
"5991008","2019-05-14",19.7136070082942,0.399999999999999,0.376770451770453,0.3620976138418,33.0420866419004,31.5610166914329,32.3015516666666,0.62048609404102,54.8177495877386,32.1161,32.2492737727133,0.614979544525984,0.799582715921266
"5991007","2019-05-15",20.2735952783338,0,0.235897435897436,0.310500610500611,33.037834454645,31.5449388786883,32.2913866666666,0.362892843971711,46.8169293192001,32.1249,32.1880372696849,0.450996322794572,0.729865437295927
"5991006","2019-05-16",20.3540928666656,0.681159420289852,0.360386473429951,0.324351453699279,33.089874774837,31.540565225163,32.31522,0.791385712275301,57.3254881589234,32.1989,32.2602989670602,0.550172375513025,0.693926824939347
"5991005","2019-05-17",20.8984963799445,0.477536231884056,0.38623188405797,0.327505264461785,33.0597121985908,31.6666611347425,32.3631866666666,0.612089693421095,53.8970383031339,32.22286,32.2854591047855,0.551882650379221,0.665517990027321
"5991004","2019-05-20",21.826405303521,0.322033898305087,0.493576516826332,0.413398291438083,33.0015217281179,31.7908516052154,32.3961866666666,0.387511334350813,50.6575473881601,32.22646,32.2700645574808,0.477952209706256,0.628004833963108
"5991003","2019-05-21",22.6880350182707,0.542372881355933,0.447314337181692,0.442374246021997,32.9565433824122,31.9044966175877,32.43052,0.499505725394194,53.4645914182702,32.23446,32.29138928315,0.478849376149659,0.598173742400419
"5991002","2019-05-22",23.6589876658554,0.476147695624831,0.44685149176195,0.462580781923324,32.9418124442817,31.9538942223849,32.4478533333333,0.427942753672498,52.1138092110207,32.23566,32.2952040453967,0.446888593495265,0.567916712619388
"5991001","2019-05-23",23.5141683614157,0.350372832629593,0.456297803203452,0.450154544049031,32.9414739468257,31.9688993865076,32.4551866666666,0.439829805973087,50.3695649107265,32.23126,32.2798435060105,0.38216419683077,0.530766209461664
"5991000","2019-05-24",22.5502180987379,0.962962962962965,0.596494497072463,0.499881264012621,33.0527836191186,31.9309230475481,32.4918533333333,1.0480300751391,59.7902749581612,32.29686,32.3878643718757,0.551625770387965,0.534938121646924
"5990999","2019-05-28",22.1106676992812,0.681528662420382,0.664954819337647,0.57258237320452,33.127545577263,31.9141610894036,32.5208533333333,0.916861545861441,56.8529005394007,32.34926,32.450815788959,0.620929990330699,0.552136495383679
"5990998","2019-05-29",21.9312229347722,0.605095541401276,0.749862388928208,0.670437235112772,33.1349027197063,31.9121372802936,32.52352,0.739740719861598,55.3257078713135,32.39926,32.4893736837644,0.638444099411695,0.569398016189282
"5990997","2019-05-30",22.2190250329823,0.445859872611467,0.577494692144375,0.664103966803409,33.1185474452262,31.9121592214404,32.5153533333333,0.561876156609392,52.1808856756813,32.42086,32.4894571925959,0.583451458806716,0.572208704712769
"5990996","2019-05-31",21.6769116481371,0.350318471337582,0.467091295116775,0.598149458729785,33.0892887470567,31.9165845862766,32.5029366666666,0.57139908154186,50.3322497306524,32.42686,32.4695295669164,0.496889065098283,0.557144776789872
"5990995","2019-06-03",21.1191796686498,0.452229299363058,0.416135881104035,0.486907289455061,33.0955077433812,31.9161989232855,32.5058533333333,0.664627503295472,52.2744942015966,32.43446,32.4735922913276,0.462719618909202,0.538259745213738
"5990994","2019-06-04",20.6012856876973,0.458598726114649,0.420382165605096,0.434536447275301,33.0671181859002,31.9241518140998,32.495635,0.640889242798128,52.3997803512321,32.43886,32.4784466524839,0.433127595623106,0.517233315295612
"5990993","2019-06-05",20.1203841339557,0.655462184873952,0.522096736783886,0.452871594497672,33.118236672176,31.9510333278239,32.534635,0.855863442312698,57.6657866766577,32.45446,32.5413204321527,0.51293579885745,0.516373812007979
"5990992","2019-06-06",19.2884776653187,0.64705882352941,0.587039911506003,0.509839604631661,33.1746007895312,31.9580025438021,32.5663016666666,0.842785030416316,57.5100652811066,32.46526,32.5944777078657,0.566915622158093,0.526482174038002
"5990991","2019-06-07",18.4556786911704,0.824427480916032,0.708982829773131,0.606039826021006,33.2691662856225,31.9954370477108,32.6323016666666,1.04514333135545,61.0238517181621,32.48456,32.6818806801502,0.678223268652078,0.556830392960817
"5990990","2019-06-10",17.8467644039733,0.43846153846154,0.636649280968994,0.644224007416042,33.2830186802136,32.051917986453,32.6674683333333,0.694296319176532,53.3592127066772,32.49356,32.6909632561302,0.635423664468293,0.572549047262312
"5990989","2019-06-11",17.4141905711679,0.392307692307692,0.551732237228421,0.632454782656848,33.2855078801315,32.0820954532018,32.6838016666666,0.521770037226717,52.5069474402273,32.48756,32.6908348219795,0.580006245132281,0.574040486836306
"5990988","2019-06-12",16.4614677227582,0.323076923076925,0.384615384615386,0.5243323009376,33.2901089304535,32.1011610695464,32.695635,0.517689309479594,51.1862758026938,32.51436,32.6787235123822,0.508022433135946,0.560836876096234
"5990987","2019-06-13",15.9839054067243,0.0789473684210498,0.264777327935222,0.400374983259676,33.2533300443906,32.1722699556094,32.7128,0.238404920378829,48.6948268049679,32.51756,32.6455603773979,0.404322204145702,0.529533941706128
"5990986","2019-06-14",15.5089859588821,0.00877192982455971,0.136932073774178,0.262108262108261,33.2463676597996,32.158899006867,32.7026333333333,0.371904353634176,47.5225663797171,32.53676,32.6061523270782,0.298873481096273,0.483401849584157
"5990985","2019-06-17",15.0679893287429,0.359649122807017,0.149122807017542,0.183610736242314,33.2560431728245,32.1782901605088,32.7171666666666,0.586135999874308,53.5444649027148,32.55876,32.6253320168011,0.310695716444997,0.448860622956325
"5990984","2019-06-18",15.213528678612,0.631578947368424,0.333333333333333,0.206462738041684,33.2801984256984,32.2384682409683,32.7593333333333,0.830219864070798,57.6048174223459,32.59036,32.6832877478943,0.392088607589014,0.437506219882863
"5990983","2019-06-19",14.1710603751719,0.190877192982455,0.394035087719299,0.292163742690057,33.276704669818,32.2794686635153,32.7780866666667,0.527054779239314,49.9805225195666,32.597064,32.6665293815084,0.328643177482801,0.415733611402851
"5990982","2019-06-20",13.2030540934062,0.646017699115044,0.489491279821974,0.405619900291535,33.3046834214038,32.3288232452629,32.8167533333333,0.841490179448169,56.4370160832227,32.648664,32.7216587973073,0.402664500797512,0.413119789281783
"5990981","2019-06-21",13.1168225605425,0.318584070796461,0.385159654297987,0.422895340613086,33.2851707620049,32.3876692379951,32.83642,0.448278639358083,51.3785095786944,32.647864,32.7201042909997,0.365764229916099,0.403648677408646
"5990980","2019-06-24",13.0367504228834,0.345132743362834,0.436578171091446,0.437076368403802,33.2508516295121,32.3853217038211,32.8180866666666,0.40978166745153,51.7560861308617,32.659504,32.7227570521997,0.340000137376451,0.390918969402207
"5990979","2019-06-25",13.4608173117434,0.132743362831858,0.265486725663718,0.362408183684383,33.2277231485729,32.3674501847604,32.7975866666666,0.289694657846504,48.5105418069296,32.672704,32.6930561119064,0.257409470491043,0.364217069619974
"5990978","2019-06-26",14.8304204067869,0,0.159292035398231,0.287118977384464,33.2943375440883,32.2261691225783,32.7602533333333,-0.146202714322488,41.8054155535437,32.652704,32.5913152969856,0.0503566077074247,0.301444977237464
"5990977","2019-06-27",16.2326787614707,0,0.0442477876106193,0.156342182890855,33.3728647602283,32.0801419064383,32.7265033333333,-0.127747340394048,40.8714964600362,32.633604,32.4914732573875,-0.134407784398793,0.214274424910213
"5990976","2019-06-28",17.3155107242778,0.0737564322469972,0.0245854774156658,0.0760417668081711,33.4140652794372,31.9812747205627,32.69767,0.0200484845879055,42.5689904861967,32.624404,32.4192768230692,-0.25164346146247,0.121090847635676
"5990975","2019-07-01",19.2088842149657,0,0.0245854774156658,0.0311395808139829,33.5535745497323,31.708098783601,32.6308366666666,-0.186816568710852,36.0391486949089,32.553604,32.2727065799933,-0.496575966476864,-0.00244251518683178
"5990974","2019-07-02",18.7667985987291,0.0303030303030297,0.0346864875166758,0.0279524807826683,33.5911176199949,31.5745557133384,32.5828366666666,0.0605540315549741,37.0298425550357,32.494404,32.1536790359942,-0.669054164812721,-0.13576484511201
"5990973","2019-07-03",18.3562905265094,0.358787878787879,0.12969696969697,0.0629896448764363,33.5559414372748,31.5217585627252,32.53885,0.269645424118,46.6723813000605,32.46602,32.1372418311949,-0.635490880389422,-0.235710052167492
"5990972","2019-07-05",17.9751044594483,0.358787878787879,0.24929292929293,0.137892128835524,33.5098226764531,31.4725839902135,32.4912033333333,0.273809845431572,46.6723813000605,32.447636,32.1229962537023,-0.601974069105959,-0.308962855555186
"5990971","2019-07-08",16.7507700176214,0.373737373737375,0.363771043771045,0.247586980920314,33.384742210249,31.4853311230843,32.4350366666666,0.378013066840009,47.0999376321456,32.436436,32.1145967532086,-0.561512070218328,-0.359472698487814
"5990970","2019-07-09",15.613888035925,0.42439393939394,0.385639730639732,0.332901234567901,33.3288354383863,31.4666012282803,32.3977183333333,0.372508875604959,48.6036586224002,32.422848,32.1206905194475,-0.498485984453967,-0.387275355681045
"5990969","2019-07-10",15.6352228868092,0.436548223350254,0.411559845493856,0.386990206634877,33.3006001213025,31.4605032120308,32.3805516666666,0.492454201770559,48.9108364374274,32.409648,32.1285984501878,-0.438525358522013,-0.397525356249238
"5990968","2019-07-11",15.6550338197731,0.693251533742332,0.518064565495508,0.438421380543031,33.2755038674337,31.4595994658996,32.3675516666666,0.549074719971349,53.0523029728743,32.389648,32.1714519901628,-0.319535617041777,-0.381927408407746
"5990967","2019-07-12",14.6960701731446,0.450980392156861,0.526926716416482,0.485517042468615,33.2658136622899,31.4406230043768,32.3532183333333,0.385006533925631,46.444817453912,32.352448,32.1499250581411,-0.331831393629323,-0.371908205452062
"5990966","2019-07-15",13.8056039298467,0.712418300653592,0.618883408850928,0.554624896920972,33.2535220914114,31.4375812419219,32.3455516666666,0.535490326323939,52.2652902440725,32.318848,32.1846017170556,-0.238472633402298,-0.345221091042109
"5990965","2019-07-16",12.978742418213,0.767605633802813,0.643668108871089,0.596492744712832,33.209009961595,31.4420933717383,32.3255516666666,0.547794182146539,52.2652902440725,32.305248,32.2146548214482,-0.162653526521128,-0.308707578137913
"5990964","2019-07-17",12.8120626276385,0.464788732394366,0.648270888950257,0.63694080222409,33.0874872128443,31.4586161204889,32.2730516666666,0.36511005421824,46.0284965300864,32.276848,32.1833675119218,-0.207918196781609,-0.288549701866652
"5990963","2019-07-18",12.8260352250267,0.404154929577463,0.545516431924881,0.612485143248741,33.0170753604412,31.4487813062254,32.2329283333333,0.353134472636598,44.8738197523056,32.248604,32.1447718436655,-0.262441877374719,-0.283328136968265
"5990962","2019-07-19",14.0658137583826,0,0.289647887323943,0.494478402733026,32.8798256435723,31.4183643564277,32.149095,0.0376123386840015,36.3817537194456,32.197404,32.0121355978435,-0.487430870885319,-0.324148683751676
"5990961","2019-07-22",15.2170366822132,0.29559748427673,0.233250804618064,0.356138374622295,32.7903694717712,31.3948205282288,32.092595,0.190018037703571,43.6389279716944,32.168204,31.9598508514643,-0.541627706435566,-0.367644488288454
"5990960","2019-07-23",15.2894027101815,0.440251572327045,0.245283018867925,0.256060570269977,32.6861427509279,31.4193805824054,32.0527616666666,0.413615723572697,46.8350678887325,32.132204,31.9452040712691,-0.520602111239876,-0.398236012878739
"5990959","2019-07-24",15.3321015488865,0.59748427672956,0.444444444444445,0.307659422643478,32.6070552393703,31.4481347606297,32.027595,0.573981204842053,50.1445213924117,32.093804,31.9658435284332,-0.435768151202465,-0.405742440543484
"5990958","2019-07-25",15.8465120222691,0.427672955974842,0.488469601677149,0.392732354996506,32.6007088328541,31.4361478338125,32.0184283333333,0.386857221927347,46.759151839428,32.0647,31.9477310579755,-0.43174106687649,-0.410942165810085
"5990957","2019-07-26",16.3241788904101,0.427672955974842,0.484276729559748,0.472396925227113,32.6006422226356,31.427714444031,32.0141783333333,0.34297555510841,46.759151839428,32.0147,31.9320335835787,-0.423695497445886,-0.413492832137245
"5990956","2019-07-29",16.0579540318019,0.540880503144653,0.465408805031445,0.47938504542278,32.6020527442373,31.428970589096,32.0155116666666,0.518033690059395,49.4003917762505,31.9867,31.9424291057682,-0.367604929642806,-0.404315251638358
"5990955","2019-07-30",15.6002824363198,0.727272727272728,0.565275395464074,0.504986976685088,32.5595196561772,31.5481703438227,32.053845,0.575300392327089,50.8589360721279,31.9615,31.9647718916658,-0.294502260591811,-0.382352653429048
"5990954","2019-07-31",14.5882889359052,0.674603174603177,0.647585468340186,0.559423222945234,32.5547905193492,31.5965661473174,32.0756783333333,0.5601685802228,49.1796104216712,31.9415,31.969468972777,-0.261325485367192,-0.358147219816677
"5990953","2019-08-01",13.6485806855202,0.706349206349208,0.702741702741704,0.638534188848654,32.5551041831434,31.5968924835232,32.0759983333333,0.500697479830011,49.8283612521464,31.9459,31.9788731097401,-0.222373363381834,-0.330992448529708
"5990952","2019-08-02",12.9844906060064,0.79547619047619,0.725476190476191,0.691934453852693,32.5665344902933,31.60290884304,32.0847216666666,0.624680160124922,51.6928336078064,31.958292,32.0019966951081,-0.161322619491733,-0.297058482722113
"5990951","2019-08-05",12.67808514665,0.504000000000002,0.668608465608467,0.698942119608787,32.557758564355,31.572581435645,32.06517,0.243325344619931,45.6377536179262,31.951492,31.9723971357603,-0.204482043737841,-0.278543194925259
"5990950","2019-08-06",14.08722808844,0,0.433158730158731,0.609081128747796,32.6305279659613,31.405725367372,32.0181266666666,-0.152099639773152,34.3485885613927,31.931092,31.8174108509923,-0.478804274769484,-0.318595410894104
"5990949","2019-08-07",14.8759501685117,0.779874213836477,0.427958071278826,0.509908422348674,32.598680371494,31.4122396285059,32.00546,0.590921804540928,51.0262615818096,31.957892,31.8484227375267,-0.378044391430643,-0.330485207001412
"5990948","2019-08-08",15.6083349571497,0.899371069182392,0.559748427672956,0.473621743036837,32.5618349845025,31.4274183488307,31.9946266666666,0.716299131745416,52.9965844770873,31.966276,31.9006330391898,-0.247282011455141,-0.313844567892158
"5990947","2019-08-09",14.8178513623053,0.94486654977596,0.874703944264943,0.620803481072241,32.6893824503208,31.3643108830125,32.0268466666666,1.07422307250342,57.8935195594593,31.99506,32.0138819672978,-0.0149363873288455,-0.254062931779495
"5990946","2019-08-12",14.1414977458342,0.930255211377362,0.924830943445238,0.786427771794379,32.75439567213,31.3309643278699,32.04268,0.980519604563161,57.5139391369037,32.02146,32.1080310383248,0.159195885248287,-0.171411168373939
"5990945","2019-08-13",13.7644554670548,0.868400545489969,0.914507435547764,0.904680774419314,32.7996252752707,31.3104347247292,32.05503,0.904226309239688,55.8446835587817,32.038768,32.1726935665481,0.261900983607299,-0.0847487379776913
"5990944","2019-08-14",13.6947827224981,0.798753165789988,0.865802974219106,0.901713784404035,32.8467956547813,31.3079310118853,32.0773633333333,0.774641872251555,53.9461124157222,32.049568,32.209667757675,0.303781423180949,-0.00704270574596325
"5990943","2019-08-15",13.709890054807,0.779271381258522,0.81547503084616,0.865261813537676,32.8880923327738,31.3135410005595,32.1008166666666,0.735527411785613,53.3992365891803,32.047968,32.2363787233184,0.32316251700053,0.0589983388033355
"5990942","2019-08-16",13.2245156513286,0.871809857782974,0.816611468277161,0.832629824447475,32.9282229891694,31.3922303441639,32.1602266666666,0.826373090585261,55.6966715325324,32.071568,32.2848615602093,0.38155169945171,0.12350901093301
"5990941","2019-08-19",12.6419389301733,0.968049873368402,0.873043704136633,0.835043401086651,32.9993980110578,31.4360619889421,32.21773,0.878892738533,58.0149362752721,32.087072,32.3532266855147,0.471512030592436,0.193109614864895
"5990940","2019-08-20",12.0052913523437,0.959466019417475,0.93310858352295,0.874254585312248,33.0734049108631,31.4491550891368,32.26128,0.840497702961462,57.8318673582975,32.102132,32.4109964607794,0.533617292949828,0.261211150481882
"5990939","2019-08-21",11.414118601502,1,0.975838630928626,0.927330306196069,33.149731808823,31.4484948578436,32.2991133333333,0.835571518322608,58.8829690135925,32.137732,32.4721969326755,0.596485241325562,0.328265968650618
"5990938","2019-08-22",10.8830144243509,0.995555555555553,0.985007191657676,0.964651468703083,33.2460904596706,31.4688028736627,32.3574466666666,0.891544211609432,61.1321361856122,32.183976,32.5492373416521,0.682794349984905,0.399171644917475
"5990937","2019-08-23",10.8228435743601,0.921161825726142,0.972239127093898,0.977694983226733,33.3296752232689,31.5115514433977,32.4206133333333,0.870007811045551,60.7345984794245,32.259176,32.6133390294318,0.73738254346567,0.466813824627114
"5990936","2019-08-26",10.4159857582577,0.743589743589746,0.886769041623814,0.948005120125129,33.3908483498647,31.5452016501352,32.468025,0.780050889520618,58.4820271782089,32.311176,32.6542271588409,0.744643224046326,0.522379704510957
"5990935","2019-08-27",10.6702654077088,0.873873873873873,0.846208481063254,0.901738883260321,33.4941253738298,31.5545912928368,32.5243583333333,0.877569201031225,62.4374049323098,32.365576,32.7283302043288,0.81237493698012,0.58037875100479
"5990934","2019-08-28",12.6118834841435,0.440217391304348,0.685893669589322,0.806290397425463,33.6471969147776,31.544519751889,32.5958583333333,0.960115807160296,62.5698269943499,32.410376,32.793886177085,0.858257154349196,0.635954431673671
"5990933","2019-08-29",14.4148145551186,0.456521739130436,0.590204334769552,0.707435495140709,33.744953507138,31.5814298261953,32.6631916666666,0.851344278485303,62.9913429530762,32.467176,32.8547013534736,0.891409366222096,0.687045418583356
"5990932","2019-08-30",16.4263871220204,0.576086956521739,0.490942028985508,0.589013344448127,33.8758311224554,31.5947322108779,32.7352816666666,0.899537694474531,66.0139327323178,32.532776,32.9367411730105,0.96021094804819,0.741678524476323
"5990931","2019-09-03",18.0813475404009,0.543478260869564,0.52536231884058,0.535502894198546,33.9191638220503,31.7175028446163,32.8183333333333,0.797502661269592,64.467503714229,32.588776,32.9998423499424,0.988245330995374,0.790991885780133
"5990930","2019-09-04",20.0935351782068,0.703858695652175,0.607807971014493,0.54137077294686,33.8518755151791,32.0408544848208,32.946365,0.960348970382613,68.3896704348237,32.65258,33.0938767032834,1.06975004080196,0.846743516784499
"5990929","2019-09-05",21.9619951275981,0.775757575757577,0.674364844093105,0.602511711316059,33.9457642236559,32.124965776344,33.035365,0.971204451321905,70.4701652198323,32.72778,33.1986931428456,1.16282161197001,0.909959135821602
"5990928","2019-09-06",22.4739503863641,0.51322172873249,0.664279333380747,0.648817382829448,33.970545303344,32.2377213633226,33.1041333333333,0.795029011041399,61.8832122076207,32.787684,33.2438807237996,1.13979312171233,0.955925932999747
"5990927","2019-09-09",22.9493374123611,0.583190980526137,0.624056761672068,0.654233646381973,34.0331058749968,32.2620541250031,33.14758,0.78744878102434,63.3226172449693,32.847192,33.2966966272929,1.13310049674014,0.991360845747825
"5990926","2019-09-10",21.7639996689151,0.166666666666669,0.421026458641765,0.569787517898193,34.031348005602,32.3021453277312,33.1667466666666,0.467183334034323,52.1405771623106,32.899992,33.2704704103206,0.985526129266834,0.990193902451627
"5990925","2019-09-11",21.4336048350576,0.248120300751879,0.332659315981562,0.459247512098464,34.0351549090024,32.3659717576642,33.2005633333333,0.579541900416135,54.5419267789215,32.997592,33.2677410222778,0.894651475733199,0.971085417107941
"5990924","2019-09-12",21.3920920820094,0.511278195488722,0.308688387635757,0.354124720753027,34.0436726994038,32.4687873005961,33.25623,0.726748773976638,59.6316108540851,33.059592,33.3120422193074,0.897087502512761,0.956285834188905
"5990923","2019-09-13",19.9350894786888,0.0300751879699242,0.263157894736842,0.301501866118053,33.995891545285,32.5664017880483,33.2811466666666,0.282337253490981,48.8589996514193,33.088392,33.2651032567331,0.735418898780127,0.91211244710715
"5990922","2019-09-16",19.098217512402,0.27906976744186,0.273474383633502,0.281773555335366,33.9698460576091,32.6582939423909,33.31407,0.504521360555346,53.9035151814957,33.111192,33.272422822502,0.686694523268327,0.867028862339385
"5990921","2019-09-17",17.8056696804909,0.0930232558139516,0.134056070408578,0.223562782926307,33.9516399625756,32.7034933707577,33.3275666666666,0.301652571669435,50.3386337250384,33.125592,33.2467664461684,0.58313885464738,0.810250860800984
"5990920","2019-09-18",17.2409258508984,0.00394230769230876,0.12534511031604,0.177625188119373,33.9299609506996,32.7550123826337,33.3424866666666,0.304456688932757,48.6648465302746,33.140436,33.2090775866793,0.467527474126195,0.741706183466026
"5990919","2019-09-19",16.7165208662767,0.0673076923076926,0.0547577519379841,0.104719644220867,33.9159518625305,32.7850214708028,33.3504866666666,0.216616805940601,49.6891927402891,33.163636,33.1852005751221,0.387439332922357,0.670852813357293
"5990918","2019-09-20",16.8701838115776,0.432989690721652,0.168079896907218,0.116060919720413,33.9156350538104,32.8180049461896,33.36682,0.512007688116898,54.8429586974194,33.202436,33.2111738317725,0.404409983776399,0.617564247441114
"5990917","2019-09-23",16.9101122052646,0.391752577319591,0.297349986782978,0.173395878542726,33.9142242830596,32.8453890502737,33.3798066666666,0.474982112135022,54.1601176247973,33.232036,33.2283506542028,0.403439124347948,0.574739222822481
"5990916","2019-09-24",16.7340957067127,0.312499999999997,0.379080756013746,0.28150354656798,33.9002327222508,32.8908906110825,33.3955616666666,0.405322818091852,52.7456275565073,33.250532,33.2325705669758,0.378851355700194,0.535561649398023
"5990915","2019-09-25",16.3265536151561,0.258971513133557,0.321074696817715,0.332501813204813,33.9002515923001,32.8905384076999,33.395395,0.359304930515611,51.1278635995515,33.265872,33.2242278247123,0.333659548706344,0.495181229259688
"5990914","2019-09-26",15.8957643615466,0.262191780821921,0.277887764651825,0.326014405827761,33.8826650171299,32.8722483162034,33.3774566666666,0.328892376935726,50.7812170237329,33.277128,33.214517448084,0.289985971496631,0.454142177707076
"5990913","2019-09-27",15.4957457689092,0.5160294117647,0.345730901906726,0.314897787792088,33.877378360257,32.8662916397429,33.371835,0.439733161593709,53.6813479681039,33.287564,33.2273684550062,0.290774447417275,0.421468631649116
"5990912","2019-09-30",15.9685629425145,0,0.25940706419554,0.294341910251363,33.8605171096383,32.8108195570283,33.3356683333333,0.107186852084488,38.2842449569081,33.258364,33.103719327672,0.0448920283736554,0.346153310994024
"5990911","2019-10-01",16.4076074608623,0.149732620320856,0.221920677361852,0.275686214488039,33.8826421870617,32.7133644796049,33.2980033333333,0.00570339593915702,43.1482494005065,33.244764,33.0338900839824,-0.0812448152138878,0.260673685752442
"5990910","2019-10-02",16.815291656471,0.190802139037433,0.113511586452763,0.198279776003384,33.8312138432248,32.6639061567751,33.24756,0.0919156486934399,44.4416560243534,33.222636,32.9836114061181,-0.160776117252559,0.176383725151441
"5990909","2019-10-03",16.6867983842631,0.459893048128341,0.266809269162209,0.200747177658941,33.7143859335438,32.7077340664561,33.21106,0.452588706953169,52.1267357200949,33.220236,33.0071298853023,-0.0995602075320567,0.121194938614742
"5990908","2019-10-04",16.011792960841,0.570588235294116,0.407094474153296,0.262471776589422,33.6728682116264,32.7244151217069,33.1986416666666,0.677508339761602,54.8909827121148,33.224916,33.055112567262,-0.000498659654291078,0.0968562189609353
"5990907","2019-10-07",15.3483588076694,0.577540106951873,0.536007130124777,0.403303624480094,33.6192575943396,32.750359072327,33.1848083333333,0.724642650115921,55.0664564647155,33.221316,33.0984308916271,0.080136905238759,0.0935123562165
"5990906","2019-10-08",14.9370514348311,0.534759358288769,0.560962566844919,0.501354723707663,33.6301258481709,32.7585108184957,33.1943183333333,0.621477559543876,53.6825297608858,33.216916,33.1253067727435,0.123038908852258,0.0994176667436516
"5990905","2019-10-09",14.9735880623995,0.445187165775402,0.519162210338681,0.538710635769458,33.6187111518852,32.7564255147814,33.1875683333333,0.512484262217546,50.8036069921655,33.194012,33.126265869711,0.114887156080412,0.102511564611004
"5990904","2019-10-10",15.0075149308558,0.534759358288769,0.504901960784313,0.528342245989304,33.5607144250736,32.7830889082597,33.1719016666666,0.664730105383139,53.4897574133539,33.170812,33.1494304204162,0.14751081173594,0.111511414035991
"5990903","2019-10-11",15.4435290477818,0.449197860962568,0.476381461675579,0.50014854426619,33.5621435089013,32.8063264910987,33.184235,0.542909415774989,50.6451348330471,33.154908,33.1481730310274,0.132868850329726,0.115782901294738
"5990902","2019-10-14",15.848399299213,0.518716577540109,0.500891265597148,0.494058229352346,33.55699410711,32.8068092262232,33.1819016666666,0.62187884479706,52.8396524656082,33.140108,33.1644166268904,0.151159151866498,0.12285815140909
"5990901","2019-10-15",18.7966435931375,0,0.322638146167559,0.433303624480095,33.7335431143972,32.5329268856028,33.133235,-0.355034530362917,32.2738021264931,33.077708,32.947827743305,-0.253765207566492,0.0475334796139736
"5990900","2019-10-16",21.0171110675931,0.547528517110265,0.355415031550124,0.392981481104943,33.7340184910722,32.5335115089277,33.133765,0.491310615580095,49.7911413431973,33.066908,32.952117377531,-0.220497871926117,-0.00607279069404462
"5990899","2019-10-17",22.7458841435829,0.737642585551329,0.428390367553864,0.368814515090515,33.774881436461,32.5389818968723,33.1569316666666,0.772191756603983,54.2189550623675,33.062108,33.0225017271935,-0.0709749499964496,-0.0190532225545256
"5990898","2019-10-18",24.5762798990531,0.878585858585858,0.721252320415817,0.501685906506602,33.7641942198532,32.5396924468134,33.1519433333333,0.604769141886629,52.2308096442387,33.074892,33.0567814969011,-0.00159124566246893,-0.0155608271761143
"5990897","2019-10-21",24.9601891227173,0.863181818181817,0.826470087439668,0.658704258469783,33.7908821733856,32.5316311599477,33.1612566666666,0.800239318953973,53.6855607524992,33.079652,33.1077439639809,0.0911465620940133,0.00578065067791123
"5990896","2019-10-22",25.1309948314195,0.898678414096915,0.880148696954863,0.809290368270116,33.84271070395,32.51546929605,33.17909,0.859826527279868,54.9912892077491,33.099652,33.1707114354501,0.196544339150906,0.0439333883725102
"5990895","2019-10-23",24.9396661774725,0.881250000000001,0.881036744092911,0.862551842829147,33.9124506031292,32.4953960635374,33.2039233333333,0.885360373513926,55.7066122109321,33.127288,33.2352832440568,0.294672180667233,0.0940811468314546
"5990894","2019-10-24",24.8913028742869,0.85,0.876642804698972,0.879276081915581,33.9642770980279,32.490112901972,33.227195,0.800376987302188,54.7692082931294,33.149288,33.2812454781825,0.350008010699376,0.145266519605039
"5990893","2019-10-25",25.2465340717965,0.750708333333335,0.827319444444445,0.861666331078776,33.9784541664495,32.4912925002171,33.2348733333333,0.65438357412414,51.7873229491818,33.147756,33.2893060810915,0.332205215842607,0.182654258852553
"5990892","2019-10-28",25.576391612341,0.879166666666667,0.826625,0.843529083047805,34.0213310606766,32.5210822726566,33.2712066666666,0.752487011726426,55.1866725785928,33.160156,33.3373986036127,0.388247821385401,0.223772971359122
"5990891","2019-10-29",25.4680030020554,0.854166666666669,0.82801388888889,0.827319444444445,34.0406592335138,32.5950840998194,33.3178716666666,0.732061038438991,54.3830346321893,33.173356,33.3710787897977,0.413263337463965,0.261671044580091
"5990890","2019-10-30",26.2291052647296,0.641666666666667,0.791666666666667,0.815435185185185,34.0203637342432,32.6598262657567,33.340095,0.408544721321254,47.9864460131858,33.169756,33.3322682844913,0.30620321225332,0.270577478114737
"5990889","2019-10-31",26.2309505380547,0.758333333333334,0.751388888888889,0.790356481481482,34.0337398981915,32.6781167684751,33.3559283333333,0.591523716250434,51.3684610536581,33.1781,33.3359658465591,0.285812277322139,0.273624437956217
"5990888","2019-11-01",26.4034443682518,0.716666666666667,0.705555555555555,0.749537037037037,34.0311590021741,32.6749976644925,33.3530783333333,0.468235097007742,50.1151617628857,33.176064,33.3258370670179,0.242650358924035,0.267429622149781
"5990887","2019-11-04",26.8491892636935,0.11458333333334,0.529861111111113,0.662268518518519,34.0251546864217,32.6603353135782,33.342745,0.375872463391495,47.9723555940581,33.207664,33.2943921247489,0.165354638540594,0.247014625427943
"5990886","2019-11-05",27.6695821651484,0,0.277083333333335,0.504166666666667,34.0297374985699,32.6190658347634,33.3244016666666,0.222778628530716,44.8162034907486,33.217664,33.2324731747823,0.0404891688661424,0.205709534115583
"5990885","2019-11-06",28.4313755736423,0.0630630630630633,0.0592154654654676,0.288719969969972,34.0371204293112,32.5818495706888,33.309485,0.218619391315517,45.8491586397643,33.227392,33.1881434181447,-0.0411374471734893,0.156340137857769
"5990884","2019-11-07",29.5861680689313,0,0.0210210210210209,0.119106606606607,34.0635967455614,32.4867065877719,33.2751516666666,0.0803015637683691,42.2031116601377,33.204992,33.1097242957254,-0.176980305210306,0.0896760492441538
"5990883","2019-11-08",30.6728525111839,0,0.0210210210210209,0.0337525025025026,34.0866304455331,32.4013395544668,33.243985,0.113923228259453,42.0829790827779,33.173912,33.040427722962,-0.28411064549495,0.0149187102963329
"5990882","2019-11-11",31.7426730051034,0,-2.40548322002117e-16,0.0140140140140133,34.1018269978377,32.3148096688289,33.2083183333333,0.137206465315644,41.5732087670479,33.140712,32.9750373599004,-0.374738534549057,-0.0630127386727451
"5990881","2019-11-12",33.3237720579332,0,-2.40548322002117e-16,0.00700700700700629,34.0717346335963,32.3612353664036,33.216485,-0.0533384422627486,36.460161556937,33.093512,32.8610323785804,-0.546094059408242,-0.159629002819844
"5990880","2019-11-13",34.7919354641323,0.174698795180722,0.0582329317269071,0.0194109772423017,34.1045500555842,32.2577532777491,33.1811516666666,0.086048119005218,41.670530855525,33.064612,32.800894728103,-0.604179421497486,-0.248539086555373
"5990879","2019-11-14",36.155230055603,0.186746987951808,0.120481927710843,0.0595716198125828,34.0947900959446,32.1611799040554,33.127985,0.139024968461715,42.0236246952812,33.029812,32.7514420976892,-0.638146324773758,-0.32646053419905
"5990878","2019-11-15",35.6734108535465,0.349397590361448,0.236947791164659,0.138554216867469,34.079071696187,32.1242083038129,33.10164,0.321825572044901,46.7132664477216,33.012212,32.7445831513307,-0.591772657539125,-0.379522958867065
"5990877","2019-11-18",35.1529662703655,0.44375,0.326631526104419,0.228020414993306,34.0289120876584,32.1051012456749,33.0670066666666,0.385466910160056,48.8582713217675,32.994612,32.7559720644866,-0.517010715049382,-0.407020510103528
"5990876","2019-11-19",34.404462882586,0.424999999999999,0.406049196787149,0.323209504685408,33.9532981351694,32.1000485314972,33.0266733333333,0.404668354989411,48.3743365901339,33.045012,32.7618424558884,-0.459845903743017,-0.417585588831426
"5990875","2019-11-20",33.7094240225051,0.573643410852715,0.480797803617571,0.404492842169712,33.8492122185984,32.1154677814015,32.98234,0.431358587740279,49.4526907460223,33.040212,32.7749301284366,-0.395202030218444,-0.41310887710883
"5990874","2019-11-21",34.0184358326771,0.237704918032785,0.4121161096285,0.432987703344406,33.757852379465,32.0838276205349,32.92084,0.212764104930408,42.3138982985255,32.997412,32.7262727779784,-0.449676868360638,-0.420422475359191
"5990873","2019-11-22",34.5148039276271,0.169607843137256,0.326985390674252,0.406633101306774,33.6986703105243,32.0310963561423,32.8648833333333,0.188439604951442,40.6700287901863,32.957948,32.6685030742479,-0.515961155480349,-0.439530211383423
"5990872","2019-11-25",34.9994568060821,0.192771084337353,0.200027948502464,0.313043149601738,33.5807737726119,32.017326227388,32.79905,0.20212197518918,40.4818430322518,32.911588,32.6167026643482,-0.565405615805603,-0.464705292267859
"5990871","2019-11-26",35.4494916217902,0.231084337349397,0.197821088274668,0.241611475817128,33.4329210736544,32.0346322596789,32.7337766666666,0.224012667381079,41.1985942386499,32.86086,32.5760489757685,-0.590086145188173,-0.489781462851922
"5990870","2019-11-27",36.0713383418725,0.108433734939762,0.177429718875504,0.191759585217545,33.3765105985701,31.9967960680965,32.6866533333333,0.200334145795097,39.5563399664398,32.80306,32.527242445666,-0.627793810443122,-0.517383932370162
"5990869","2019-11-29",36.8624647123307,0,0.113172690763053,0.162807832637741,33.2423264141375,32.0003135858624,32.62132,0.139305926261027,37.8028158464485,32.74386,32.4702767862439,-0.677385593586399,-0.54938426461341
"5990868","2019-12-02",37.5970820563275,0.258823529411763,0.122419088117175,0.137673832585243,33.1187666942947,32.0248733057052,32.57182,0.269794750908362,43.2237829838318,32.702992,32.4502398814113,-0.654598272388218,-0.570427066168371
"5990867","2019-12-03",39.5038081426807,0,0.0862745098039207,0.107288762894716,33.1255373235607,31.8577693431059,32.4916533333333,-0.226988966074533,31.7203989195602,32.615792,32.3195412305565,-0.838913424148646,-0.624124337764426
"5990866","2019-12-04",40.0424080439618,0.175675675675676,0.144833068362479,0.117842222094525,33.0973158621114,31.7765041378886,32.43691,0.0469124612098392,37.2238676896445,32.541392,32.240935733149,-0.910352733043784,-0.681370016820298
"5990865","2019-12-05",40.787750940768,0.0574324324324329,0.0777027027027027,0.102936760289701,33.07348538501,31.6814579483232,32.3774716666666,0.0213899411932403,35.1691293151058,32.480392,32.1494776353958,-0.999824314042141,-0.745060876264667
"5990864","2019-12-06",41.3682528725537,0.189189189189189,0.140765765765766,0.121100512276982,33.0625804973114,31.6160295026885,32.339305,0.161743691153085,39.1967022747827,32.415992,32.0962139506763,-1.010556900133,-0.798160081038333
"5990863","2019-12-09",41.9072903806405,0.20945945945946,0.152027027027027,0.123498498498498,33.0467222198693,31.5558877801306,32.301305,0.186100847825432,39.8161615667798,32.356792,32.0540520905862,-1.0002024052304,-0.838568545876746
"5990862","2019-12-10",42.7826111870413,0.0428571428571445,0.147168597168598,0.146653796653797,33.0559976357203,31.443945697613,32.2499716666666,0.0554496003554959,36.4807260563232,32.294392,31.984178478508,-1.04322691078526,-0.879500218858448
"5990861","2019-12-11",43.5954090786993,0.0582524271844682,0.103523009833691,0.134239544676438,33.0777221949245,31.3482211384088,32.2129716666666,0.105104799390774,36.4807260563232,32.242392,31.9236213480403,-1.06541495678584,-0.916683166443926
"5990860","2019-12-12",44.8295445050773,0,0.0337031900138706,0.0947982656720527,33.1130609623328,31.1935490376672,32.153305,0.0155165984036971,32.0033781669948,32.173192,31.8231385016349,-1.16121830710995,-0.96559019457713
"5990859","2019-12-13",46.0586661078721,0,0.0194174757281558,0.0522145585252386,33.1403802309319,31.033229769068,32.086805,0.0316874528613016,31.2014915865732,32.113192,31.7267200347503,-1.24137685912646,-1.020747527487
"5990858","2019-12-16",47.1999933104673,0,-2.93746508598739e-16,0.017706888580675,33.0943632981456,30.913913368521,32.0041383333333,0.0853432261620595,31.2014915865732,32.053592,31.6431573634502,-1.29071187701331,-1.07474039739226
"5990857","2019-12-17",47.0218701112595,0.186980609418282,0.0623268698060936,0.0272481151780826,32.9831989566448,30.8747110433551,31.928955,0.222097055284633,37.5057602358734,32.005312,31.6031363816569,-1.25375810364831,-1.11054393864347
"5990856","2019-12-18",46.8564699977094,0.199180327868851,0.128720312429044,0.0636823940783787,32.847447897103,30.8597621028969,31.853605,0.243115837780638,37.5057602358734,31.974232,31.5684515307693,-1.210680941167,-1.13057133914817
"5990855","2019-12-19",44.6789096986006,0.163934426229508,0.183365121172213,0.124804101135783,32.6748427564631,30.8933672435369,31.784105,0.325553781451545,36.8134609451537,31.929832,31.5326579933334,-1.17415146908896,-1.13928736513633
"5990854","2019-12-20",42.6568894208567,0.753611052962111,0.372241935686823,0.228109123096026,32.59202561054,30.9141843894599,31.753105,0.539869684425185,49.0591146496153,31.905432,31.5709702608889,-1.0006631852494,-1.11156252915894
"5990853","2019-12-23",41.6024623452275,0.402239899518527,0.439928459570048,0.331845172143028,32.5104000173154,30.9133966493512,31.7118983333333,0.380589899083052,43.233869653644,31.856804,31.5594142261037,-0.938155003861019,-1.07688102409936
"5990852","2019-12-24",40.6233514892861,0.521052631578947,0.558967861353195,0.457046085536688,32.4217415547387,30.9282217785946,31.6749816666666,0.446447534244817,45.5306915182455,31.807404,31.5641589959566,-0.850521119519532,-1.03160904318339
"5990851","2019-12-26",39.7141771230548,0.521052631578947,0.481448387558807,0.493448236160683,32.3175638966659,30.9571127700007,31.6373383333333,0.468879195655418,45.5306915182455,31.759204,31.568271129829,-0.772159061273103,-0.979719046801335
"5990850","2019-12-27",40.8667207299429,0,0.347368421052631,0.46259488998821,32.2727136975056,30.853642969161,31.5631783333333,-0.0448483418689487,29.8853493886216,31.659204,31.4071683125185,-1.01494779479075,-0.986764796399219
"5990849","2019-12-30",41.9369397934818,0.506849315068494,0.342633982215813,0.390483596942417,32.1830347802367,30.8443218864299,31.5136783333333,0.253236857934034,42.610494569149,31.606804,31.366212537516,-1.00662385051158,-0.990736607221691
"5990848","2019-12-31",43.6281998084102,0,0.168949771689498,0.286317391652647,32.0696294095151,30.8043939238182,31.4370116666666,-0.0140110337972062,35.3316081427239,31.527884,31.2267175325139,-1.18788077502345,-1.03016544078204
"5990847","2020-01-02",44.8311416524261,0.467242524916943,0.324697279995146,0.278760344633485,32.0556341841337,30.7904358158662,31.423035,0.395219329507327,44.5311549621907,31.477612,31.199581861512,-1.13744393087313,-1.05162113880026
"5990846","2020-01-03",45.9481590790122,0.651162790697675,0.372801771871539,0.288816274518727,32.0056495409301,30.7990737924032,31.4023616666666,0.518762463410198,47.6859052899859,31.43714,31.2129709466438,-1.01422320986994,-1.0441415530142
"5990845","2020-01-06",46.9853895465565,0.717607973421926,0.612004429678848,0.436501160515177,31.9749112203599,30.8015221129734,31.3882166666666,0.534188715758623,48.8184309845322,31.40474,31.2379081537579,-0.880546882700939,-1.01142261895154
"5990844","2020-01-07",47.9692481027398,0.704318936877076,0.691029900332226,0.558612033960871,31.9118603705203,30.817572962813,31.3647166666666,0.513966470988997,48.5918583070365,31.37594,31.2568537332569,-0.770867561174871,-0.96331160739621
"5990843","2020-01-08",49.0880731545751,0.571428571428571,0.664451827242524,0.655828719084532,31.8405237562315,30.8322429104351,31.3363833333333,0.430855904922443,46.278780156978,31.33034,31.2466065688226,-0.727181479701267,-0.916085581857221
"5990842","2020-01-09",49.8568646798736,0.78405315614618,0.686600221483942,0.680693983019564,31.8364563173931,30.8329770159402,31.3347166666666,0.66471025669793,50.3510931921904,31.33154,31.2803923596463,-0.603019085269929,-0.853472282539763
"5990841","2020-01-10",51.3143895091367,0.223255813953488,0.526245847176079,0.625765965300848,31.823604380264,30.7903289530693,31.3069666666666,0.178723931751767,41.4305189207292,31.28858,31.1971400450268,-0.714319826953391,-0.825641791422489
"5990840","2020-01-13",52.1136075034768,0.817408637873755,0.608239202657807,0.607028423772609,31.8591622173279,30.7943611160053,31.3267616666666,0.774672580919973,51.2791462017476,31.288388,31.2442147056899,-0.565084196081755,-0.773530272354342
"5990839","2020-01-14",52.9859022192027,0.717607973421926,0.586090808416389,0.573525286083425,31.8705240960082,30.8199992373251,31.3452616666666,0.618739059149669,49.7654043670305,31.274388,31.2649860782646,-0.480083153261879,-0.714840848535849
"5990838","2020-01-15",52.1731967383574,0.746914990859233,0.760643867384971,0.651657959486389,31.9233120514444,30.8347179485555,31.379015,0.863819412226901,52.0721726992717,31.268284,31.313307934496,-0.350067662120779,-0.641886211252835
"5990837","2020-01-16",51.1728007889096,0.842727372222831,0.76908344550133,0.705272707100897,32.0086381491879,30.810671850812,31.409655,0.955893459390677,54.3797823993037,31.281484,31.3862002098965,-0.185170690760428,-0.550543107154354
"5990836","2020-01-17",50.3172087396055,0.815530261573823,0.801724208218629,0.777150507034976,32.059687590885,30.808602409115,31.434145,0.818647367748399,53.7839031091365,31.292696,31.442746848577,-0.0666980141689311,-0.453774088557269
"5990835","2020-01-21",48.9425812386217,0.919338951515816,0.859198861770823,0.81000217183026,32.1365231707402,30.786100162593,31.4613116666666,0.911245214758291,55.7758420610306,31.325896,31.5170472687667,0.0747384544943053,-0.348071579946954
"5990834","2020-01-22",47.8057959473086,0.847525814670782,0.860798342586807,0.840573804192086,32.1534492864828,30.7791740468504,31.4663116666666,0.830129162084541,54.7050200728079,31.358696,31.5707742995978,0.16423440255009,-0.245610383447546
"5990833","2020-01-23",46.9658068717783,0.76465066380582,0.843838476664139,0.854611893673923,32.1893296198363,30.7758670468303,31.4825983333333,0.757760627665716,53.0116358169149,31.386552,31.6008577263181,0.201167731783758,-0.156254760401285
"5990832","2020-01-24",46.1858170159288,0.866300120691969,0.826158866389524,0.843598561880156,32.2344253805471,30.7660712861195,31.5002483333333,0.804934394480141,54.8574167583199,31.410752,31.647143362809,0.265957943715711,-0.0718122195778857
"5990831","2020-01-27",45.916252712534,0.69102856376559,0.773993116087793,0.814663486380485,32.2476985731039,30.766931426896,31.507315,0.654661949327994,51.1280097392544,31.424496,31.6524042477678,0.247780199676639,-0.00789373572698067
"5990830","2020-01-28",45.6937556121702,0.679898082338745,0.745742255598768,0.781964746025361,32.2167539193023,30.8858760806976,31.551315,0.589177982048664,50.8913981558744,31.439296,31.6547503480654,0.226533034384047,0.0389916182952248
"5990829","2020-01-29",44.0628501967637,0.927987126190158,0.76630459076483,0.76201332081713,32.269537615147,30.9187590515195,31.5941483333333,0.830070137824354,55.8012198172528,31.448096,31.7061169683234,0.300411589327876,0.091275612501755
"5990828","2020-01-30",43.038122366992,0.767064503151403,0.791649903893435,0.767898916752344,32.2176490110782,31.075314322255,31.6464816666666,0.663569983906548,52.1584868771001,31.460724,31.7186347058803,0.294429525893314,0.131906395180067
"5990827","2020-01-31",42.5083678404966,0.22745517795023,0.640835602430597,0.732930032362954,32.2133066071347,31.1186100595319,31.6659583333333,0.512826994565262,48.8662297220502,31.459724,31.6988167450962,0.22855243764186,0.151235603672425
"5990826","2020-02-03",42.0164529230365,0.454910355900455,0.483143345667363,0.638542950663798,32.2184411652276,31.1449755014389,31.6817083333333,0.554302311320301,51.3124333421887,31.465524,31.7043078457501,0.21709596854953,0.164407676647846
"5990825","2020-02-04",41.8945522942945,0,0.227455177950228,0.450478042016062,32.2155766189491,31.1604667143841,31.6880216666666,0.37354713846456,48.5827493750467,31.513308,31.6843467996501,0.158997093876168,0.163325560093511
"5990824","2020-02-05",41.9917328365815,0,0.151636785300152,0.287411769639247,32.2111453309927,31.1733580023405,31.6922516666666,0.280637457809127,46.8080302057582,31.526584,31.6506872263634,0.0807371101300802,0.146807870100825
"5990823","2020-02-06",40.9054156069678,0.267108882057924,0.0890362940193078,0.156042752423229,32.1937164470006,31.2315868863327,31.7126516666666,0.460519870137246,49.4821426663624,31.577664,31.6435289295149,0.0600838198616893,0.129463060052997
"5990822","2020-02-07",39.8966924651836,0.288141077495553,0.185083319851159,0.141918799723539,32.1918619000959,31.245108099904,31.718485,0.392455321211637,49.6965857382607,31.601136,31.6390584055796,0.0464937263113363,0.112869193304665
"5990821","2020-02-10",39.1396082155471,0.161322150962017,0.238857370171831,0.170992328014099,32.0891005269117,31.4033694730883,31.746235,0.184665002708708,48.3367822462562,31.610336,31.6245172848357,0.0151389918090494,0.0933231530055421
"5990820","2020-02-11",37.2790209399401,0.391547442854798,0.280336890437456,0.234759193486815,32.0896777384844,31.4135355948489,31.7516066666666,0.463114264900182,50.8702583470904,31.621136,31.6305816468576,0.025710508797494,0.0798006241639325
"5990819","2020-02-12",35.5513327554479,0.671106725867457,0.407992106561424,0.309062122390236,32.0841532602373,31.456060073096,31.7701066666666,0.611278604455942,53.8309415946705,31.639536,31.6585040939432,0.076547116960346,0.0791499227232152
"5990818","2020-02-13",34.8222388592689,0.0955434961355033,0.386065888285919,0.358131628428266,32.0927504415297,31.4189562251369,31.7558533333333,0.105438386282769,47.4861387781274,31.651936,31.6360368814175,0.02727683065471,0.0687753043095142
"5990817","2020-02-14",34.1452230985314,0.0955434961355033,0.287397906046154,0.360485300297832,32.0753020533195,31.3898246133471,31.7325633333333,0.146139582153037,47.4861387781274,31.651536,31.6165652972285,-0.0116607463969354,0.0526880941682243
"5990816","2020-02-18",34.4085830848819,0,0.0636956640903353,0.245719819474136,32.1319481813001,31.2598984853665,31.6959233333333,-0.183359372879955,40.6580053388321,31.667696,31.5423565909313,-0.150728735221151,0.0120047282903493
"5990815","2020-02-19",34.8489230400069,0,0.0318478320451675,0.127647134060552,32.1602446521608,31.1255953478391,31.64292,-0.163335873453198,39.1074125086636,31.643684,31.4633623788072,-0.286190910751083,-0.0476343995179372
"5990814","2020-02-20",34.6096690522548,0.0737817071887171,0.0245939023962388,0.0400457995105802,32.159713403497,31.0397932631696,31.5997533333333,0.0150666131356242,40.6591590356265,31.628484,31.4042473949662,-0.371596470472146,-0.112426813708779
"5990813","2020-02-21",34.8841185096839,0,0.0245939023962388,0.0270118789458814,32.1953891374281,30.8987508625718,31.54707,-0.0813520609029192,36.9028895676689,31.593788,31.318347742304,-0.500728480933454,-0.190087147153714
"5990812","2020-02-24",35.5721485223905,0,0.0245939023962388,0.0245939023962385,32.2384478838375,30.7118921161624,31.47517,-0.13225335126136,33.5636175683483,31.539388,31.2092347099968,-0.663130956151237,-0.284695908953219
"5990811","2020-02-25",37.0570339585754,0,-2.45174251271389e-16,0.0163959349308255,32.3527252677895,30.4339813988771,31.3933533333333,-0.174062523033061,26.867147123058,31.460376,31.0260034153306,-0.954514141755369,-0.418659555513649
"5990810","2020-02-26",38.7851045274921,0,-2.45174251271389e-16,0.00819796746541245,32.5078831089921,30.0758235576745,31.2918533333333,-0.179199377514557,24.0328908940622,31.359176,30.8185362932865,-1.26856557158347,-0.588640758727613
"5990809","2020-02-27",41.1424920080311,0,-2.45174251271389e-16,-5.58580959264532e-16,32.8094373349633,29.41227599837,31.1108566666666,-0.292070123669284,17.7795875060368,31.215976,30.488064787515,-1.79853195489393,-0.830618997960877
"5990808","2020-02-28",43.4835976646922,0,-2.45174251271389e-16,-5.58580959264532e-16,33.0132696471344,28.8451103528655,30.92919,-0.154771040961065,16.4914035176186,31.06512,30.1596561491797,-2.28372440970195,-1.12124008030909
"5990807","2020-03-02",45.6574814887346,0.0668676277850596,0.0222892092616863,0.00742973642056162,33.1009191115928,28.4221342217404,30.7615266666666,-0.0203900992785584,21.4546009825523,30.918404,29.9090486626224,-2.57678270013929,-1.41234860427513
"5990806","2020-03-03",47.2108589717058,0.0327653997378768,0.0332110091743119,0.018500072811999,33.1161127161678,28.0616072838321,30.58886,0.0445264894552787,20.7764094146285,30.77694,29.6745088409394,-2.8167262667353,-1.69322413676717
"5990805","2020-03-04",48.653280920179,0.0562770562770564,0.0519700279333307,0.0358234154564426,33.0992735325877,27.7524098007456,30.4258416666666,0.101334830989062,22.2013908413925,30.63894,29.4805743288141,-2.95788058181552,-1.94615542577684
"5990804","2020-03-05",50.5439477165574,0,0.0296808186716441,0.0382872852597619,33.1552139282977,27.2896760717022,30.222445,0.018240542910173,17.3893901860693,30.44614,29.1791644183056,-3.311612254135,-2.21924679144847
"5990803","2020-03-06",52.5040594974186,0,0.0187590187590185,0.0334699551213308,33.1763393185927,26.7874173480739,29.9818783333333,0.0118824405133981,15.539532554703,30.24254,28.8499424958648,-3.69955993694397,-2.51530942054757
"5990802","2020-03-09",54.883194460771,0,-2.47487215906024e-16,0.0161466124768872,33.4656736634158,25.8130830032508,29.6393783333333,-0.136740142397944,10.2916882639289,29.95734,28.2619501630829,-4.6101492181113,-2.93427738006032
"5990801","2020-03-10",57.2411453126968,0,-2.47487215906024e-16,0.0062530062530057,33.7122647425651,24.8088252574348,29.260545,-0.096085554973472,8.84607362475297,29.62454,27.6163568080051,-5.59325131564971,-3.4660721671782
"5990800","2020-03-11",59.5653051216341,0,-2.47487215906024e-16,-5.63206888533803e-16,33.9549620797204,23.6591279202795,28.807045,-0.0973657149181643,7.51909751318383,29.251556,26.8981759002711,-6.68777474563472,-4.1104126828695
"5990799","2020-03-12",62.087009212366,0,-2.47487215906024e-16,-5.63206888533803e-16,35.169746416514,20.9566769168192,28.0632116666666,-0.280962784539372,3.84470322126759,28.60188,25.337085780235,-9.70446786969269,-5.22922372023414
"5990798","2020-03-13",64.4285915823313,0.0718911917098446,0.023963730569948,0.00798791018998217,35.7350475079275,18.9434424920724,27.339245,-0.115103697566778,11.2120180452365,27.99,24.132141009537,-11.8021492201762,-6.54380882022255
"5990797","2020-03-16",66.6639185407342,0,0.023963730569948,0.0159758203799649,36.266759014291,16.7537976523756,26.5102783333333,-0.0944567537199314,9.49420164080435,27.28024,22.7633222082654,-14.3130784661152,-8.09766274940108
"5990796","2020-03-17",68.7639274751174,0,0.023963730569948,0.0239637305699476,36.6142082933073,14.6756817066926,25.644945,-0.0402191263791445,8.79321150250791,26.52664,21.4202125804967,-16.7707417050019,-9.83227854052124
"5990795","2020-03-18",70.775607032228,0,-2.4980018054066e-16,0.0159758203799649,37.2356751897424,11.9478881435908,24.5917816666666,-0.0812469199660624,6.97702040899383,25.61344,19.7428509030971,-20.2769070547474,-11.9212042433665
"5990794","2020-03-19",72.6466493980815,0,-2.4980018054066e-16,0.00798791018998217,37.3456392106621,9.70859078933783,23.527115,0.00198076665644472,6.88552425800105,24.68424,18.2584707826842,-23.30932565109,-14.1988285249112
"5990793","2020-03-20",72.7047822310928,0.177443609022556,0.0591478696741852,0.0197159565580613,36.7740751361732,8.48249486382674,22.628285,0.153196525648882,23.5115610846215,23.91064,17.4440080116596,-24.1980378355742,-16.1986703870438
"5990792","2020-03-23",72.8607404682187,0.132105058817004,0.103182889279853,0.0541102529846791,36.0640414388823,7.36651856111767,21.71528,0.170167350669353,22.3925255863595,23.10024,16.615473610105,-25.2153646404291,-18.0020092377208
"5990791","2020-03-24",72.4707374394836,0.290491118077325,0.200013261972295,0.120781340308777,35.0727168848542,6.79250978181242,20.9326133333333,0.270654201964136,33.3152961455551,22.42464,16.289410462091,-24.4840782704494,-19.2984230442666
"5990790","2020-03-25",70.7164405349663,0.330818965517241,0.251138380803857,0.184778177352001,33.9615852949272,6.49064137173935,20.2261133333333,0.328323579032445,35.2513841579908,21.776644,16.0841557338122,-23.4025381558663,-20.1192460665865
"5990789","2020-03-26",68.9267926116121,0.456870910172516,0.359393664589027,0.270181769121726,32.9193103185661,6.35290968143382,19.63611,0.386469001156886,40.2146871274032,21.187444,16.1116016359706,-21.5665662355649,-20.4087101003822
"5990788","2020-03-27",67.4901067698892,0.410725167580744,0.399471681090167,0.336667908827683,31.7905317700205,6.2276882299794,19.00911,0.368985232618821,38.2855334876947,20.571044,16.0100547511745,-20.341864878191,-20.395341055944
"5990787","2020-03-30",66.1560413454321,0.469127516778524,0.445574531510594,0.401479959063263,30.486244115238,6.28063588476195,18.38344,0.393821851440579,39.1219824797813,19.975044,15.9553807843512,-19.0415993955686,-20.1245927238689
"5990786","2020-03-31",64.500666631381,0.578991596638656,0.486281426999307,0.443775879866689,29.0147267220642,6.51715327793572,17.76594,0.418690193950197,38.8948967827503,19.401644,15.8946633464377,-17.8634073232752,-19.6723556437501
"5990785","2020-04-01",63.270289236505,0.589492974954185,0.545870696123788,0.492575551544563,27.3036625810674,6.86512741893254,17.084395,0.381544266873295,36.3924891472312,18.798844,15.695374900246,-17.2930743000304,-19.1964993750062
"5990784","2020-04-02",62.127795941263,0.667820069204152,0.612101546932331,0.548084556685142,25.5421688096498,7.34962119035009,16.445895,0.400001452715542,36.3924891472312,18.241244,15.5226582468799,-16.6747691499574,-18.6921533299964
"5990783","2020-04-03",61.0847679885595,0.660899653979239,0.639404232712525,0.599125491922881,23.5893681216397,8.05575521169357,15.8225616666666,0.408205836706091,36.2449724639337,17.693844,15.3649704806292,-16.052487402585,-18.1642201445142
"5990782","2020-04-06",59.1058754704041,0.760092272202999,0.696270665128797,0.649258814924551,21.9475847196496,8.75940528035034,15.353495,0.502414156819742,39.9991813907088,17.17064,15.3429744165453,-14.9583392538244,-17.5230439663762
"5990781","2020-04-07",56.8177681429119,0.818915801614764,0.746635909265667,0.694103602368996,20.2540928175448,9.65006384912176,14.9520783333333,0.59175018943874,42.1738094699076,16.67304,15.391911161006,-13.6727040185705,-16.7529759768151
"5990780","2020-04-08",54.6930970530978,0.758677685950414,0.779228586589392,0.740711720327952,18.6188408464139,10.617649153586,14.618245,0.670194022625491,42.6565555813092,16.17704,15.4489896728718,-12.4522848658953,-15.8928377546311
"5990779","2020-04-09",51.5288485074597,0.850848214285715,0.809480567283631,0.778448354379563,18.6743131457805,10.594023520886,14.6341683333333,0.827665441410619,47.4957619217216,15.766148,15.6488177164889,-10.7811391565545,-14.8704980350158
"5990778","2020-04-13",49.1407611877928,0.444444444444445,0.684656781560191,0.757788645144404,18.5364001489992,10.6378698510007,14.587135,0.687739357077076,43.635595415801,15.331748,15.6756420209571,-9.8973288796691,-13.8758642039465
"5990777","2020-04-14",46.3466923161306,0.465872576177286,0.587055078302482,0.693730809048767,18.6981633626217,10.6324933040449,14.6653283333333,0.724309324192624,44.3972734755869,14.99502,15.7217964181628,-9.00544815157088,-12.9017809934713
"5990776","2020-04-15",43.7640318264555,0.459833795013851,0.456716938545194,0.576142932802622,18.8539382851426,10.7200517148573,14.786995,0.676996771989189,44.3154383808393,14.69822,15.7588902290744,-8.21413566867404,-11.9642519285119
"5990775","2020-04-16",41.4465000949569,0.421052631578948,0.448919667590028,0.497563894812568,18.5111521328762,11.6758378671237,15.093495,0.636034467060601,43.7576195095703,14.44342,15.7723715318645,-7.57021123497687,-11.0854437898049
"5990774","2020-04-17",38.5488540617353,0.653739612188366,0.511542012927055,0.472392873020759,17.9352955699073,12.9693610967593,15.4523283333333,0.799575371908529,47.9879838733144,14.50382,15.8960553276159,-6.55954128801193,-10.1802632894463
"5990773","2020-04-20",36.0531350029236,0.570637119113574,0.548476454293629,0.502979378270237,17.8481382553329,13.430351744667,15.639245,0.707288196880747,46.6387487950436,14.50782,15.9632479506004,-5.84077430771688,-9.31236549310041
"5990772","2020-04-21",33.9339692017775,0.487534626038782,0.570637119113574,0.543551862111419,17.4142587453182,14.2592412546817,15.83675,0.615134068536259,45.268081985196,14.59718,15.9814815571871,-5.35889724342722,-8.52167184316577
"5990771","2020-04-22",32.2317122855846,0.376731301939058,0.478301015697138,0.532471529701447,17.350692309388,14.4648076906119,15.90775,0.485764041616217,43.4351362249232,14.71758,15.9439506828954,-5.11890454669156,-7.84111838387093
"5990770","2020-04-23",30.1547545218099,0.415512465373962,0.426592797783934,0.491843644198215,17.3759644467717,14.5055355532283,15.94075,0.579866113567801,44.2854493444588,14.99758,15.9300905918427,-4.80437200252652,-7.23376910760205
"5990769","2020-04-24",28.2261508840191,0.312727272727273,0.368323680013431,0.424405831164834,17.3272074522368,14.5129592144298,15.9200833333333,0.601832997346634,45.6676464553653,15.29558,15.9474118462637,-4.39420909046286,-6.66585710417421
"5990768","2020-04-27",26.2112228963608,0.253333333333334,0.327191023811523,0.374035833869629,17.378004111079,14.5398292222542,15.9589166666666,0.668330007386495,47.0187991858972,15.46038,15.9904236000952,-3.91825217145729,-6.11633611763083
"5990767","2020-04-28",25.2455396071652,0.577092511013218,0.381051039024608,0.358855247616521,17.5718060813162,14.4976939186838,16.03475,0.921341165018163,51.587575217764,15.69158,16.1263671200825,-3.13472621274256,-5.52001413665317
"5990766","2020-04-29",24.9699468779087,0.780864197530865,0.537096680625806,0.415112914487312,18.0265789425133,14.2959210574867,16.16125,1.11796517872082,58.0156163583365,15.85398,16.4068515040715,-1.89322169394726,-4.79465564811199
"5990765","2020-04-30",24.714039343599,0.780864197530865,0.712940302024982,0.543696007225132,18.327312030653,14.3711879693469,16.34925,1.02427156004017,58.0156163583364,15.99318,16.6499379701953,-0.910058517998891,-4.01773622208937
"5990764","2020-05-01",23.8180848374462,0.567901234567901,0.709876543209877,0.653304508620221,18.3999325327161,14.6072341339504,16.5035833333333,0.81896815217201,53.3676938819559,16.04318,16.7686129075026,-0.463306864001156,-3.30685035047173
"5990763","2020-05-04",22.5890622383272,0.4320987654321,0.593621399176955,0.672146081470605,18.305201882313,14.9906314510203,16.6479166666666,0.691704077447795,50.5846443537835,16.11318,16.8127978531689,-0.316990778385462,-2.70887843605447
"5990762","2020-05-05",21.9560977026416,0.555555555555556,0.518518518518519,0.607338820301784,18.3877924126964,15.1471742539701,16.7674833333333,0.811416922297944,52.9849755169599,16.18918,16.9044248060797,-0.0107488313621062,-2.169252515116
"5990761","2020-05-06",21.0663220687436,0.45679012345679,0.481481481481482,0.531207133058985,18.4244412135709,15.248358786429,16.8364,0.647015495990623,50.8566800767271,16.25638,16.9411681652691,0.078433253213861,-1.71971536145003
"5990760","2020-05-07",19.8495975762987,0.327160493827161,0.446502057613169,0.482167352537723,18.4296094974385,15.3491905025614,16.8894,0.548889453107028,48.1243804457215,16.35078,16.9170124098999,-0.049649067621782,-1.38570210268438
"5990759","2020-05-08",19.3056472855247,0.564814814814816,0.449588477366256,0.459190672153635,18.4973650080819,15.3329216585846,16.9151433333333,0.778571374479941,53.0992968699958,16.47598,16.9987440885799,0.211558327206762,-1.06625001670615
"5990758","2020-05-11",18.8005505869489,0.697253086419753,0.52974279835391,0.475277777777778,18.6217410561703,15.4074856104963,17.0146133333333,0.825047801683867,55.6517148580017,16.620744,17.1267915434359,0.612239756881294,-0.730552061988662
"5990757","2020-05-12",17.8611090107852,0.535483870967742,0.599183924067437,0.526171733262534,18.6937179751663,15.4613886915003,17.0775533333333,0.70288155767852,52.3679540766439,16.712744,17.1765526709778,0.704429490280156,-0.443555751534899
"5990756","2020-05-13",16.7575539130141,0.291666666666667,0.508134541351387,0.545687087924245,18.6895503813504,15.5528896186496,17.12122,0.493234843801952,48.3524498739712,16.760344,17.1396789815141,0.490497664869527,-0.256745068254013
"5990755","2020-05-14",16.3025233336926,0,0.275716845878136,0.46101177043232,18.6564956980048,15.6439443019951,17.15022,0.318463954709283,44.3820971830024,16.777544,17.0210551173122,0.0137692992852045,-0.20264219474617
"5990754","2020-05-15",15.8799949386083,0.234200743494424,0.175289136720363,0.319713507983296,18.6581467858145,15.6486265475188,17.1533866666666,0.450140447163675,48.7726980900601,16.774836,17.0022477683372,-0.0665684760933871,-0.175427451015613
"5990753","2020-05-18",15.0159842764682,0.252788104089219,0.162329615861214,0.204445199486571,18.6760820983316,15.712524568335,17.1943033333333,0.560410502643504,49.1160223914174,16.818036,16.9926147325589,-0.105393754066396,-0.16142071162577
"5990752","2020-05-19",14.2417951098386,0.683593750000001,0.390194199194548,0.242604317258708,18.7468125419177,15.8314607914156,17.2891366666666,0.776992304568725,55.9238041279621,16.897164,17.1269327682178,0.365167525301446,-0.0561030642403267
"5990751","2020-05-20",13.6894700549377,0.793022308701753,0.576468054263658,0.376330623106473,18.7517741727794,16.0553291605539,17.4035516666666,0.778668764463278,55.9386369372597,16.977264,17.2436750657887,0.727649647041928,0.100647478016124
"5990750","2020-05-21",13.1765967896726,0.800941219059687,0.759185759253814,0.575282670904006,18.746275706533,16.2481609601336,17.4972183333333,0.718610854760447,56.0501330168696,17.063664,17.3471850570169,1.00888298176207,0.282294578765314
"5990749","2020-05-22",12.7020626148393,0.420833521878818,0.671599016546753,0.669084276688074,18.6628696581045,16.462977008562,17.5629233333333,0.480836943713869,49.566534087458,17.082864,17.3248937160813,0.831069880604929,0.392049639133237
"5990748","2020-05-26",11.8036741708909,0.77542372881356,0.665732823250688,0.698839199683751,18.6635386383106,16.644308028356,17.6539233333333,0.798501483863157,55.5052936889466,17.150064,17.4255745539371,1.09488948518341,0.532617608343272
"5990747","2020-05-27",11.820240158587,0.637770897832818,0.611342716175065,0.649558185324168,18.8171489050533,16.6276977616133,17.7224233333333,0.94649393963216,56.9019967660573,17.238464,17.5434979467455,1.39152774658173,0.704399635990965
"5990746","2020-05-28",11.7640834390831,0.619195046439629,0.677463224362002,0.651512921262585,18.8152970590303,16.6285496076363,17.7219233333333,0.835998257533131,56.4045825053815,17.340464,17.6376982205128,1.57828969231415,0.879177647255602
"5990745","2020-05-29",11.2902241690998,0.510835913312694,0.589267285861713,0.626024408799593,18.7525576691318,16.6469389975348,17.6997483333333,0.63301791239703,53.4683593382345,17.422864,17.6726717911111,1.54745517498043,1.01283315280057
"5990744","2020-06-01",11.4655957492748,0.541795665634675,0.557275541795666,0.608002017339794,18.8064176983502,16.646745634983,17.7265816666666,0.742360098188837,54.2019242371922,17.500464,17.7163155522963,1.5502840132529,1.12032332489103
"5990743","2020-06-02",11.7351261990446,0.575851393188855,0.542827657378741,0.56312349501204,18.8737601807234,16.6870698192766,17.780415,0.765051243751107,55.0415369412591,17.574064,17.7688068119901,1.58365055137859,1.21298877018855
"5990742","2020-06-03",12.3021139710904,0.806501547987617,0.641382868937049,0.580495356037152,19.0489809715489,16.6307023617844,17.8398416666666,0.965355120286561,60.3441216447019,17.647864,17.9136325703914,1.92289802805254,1.35497062176134
"5990741","2020-06-04",13.8450901133924,0.569014084507043,0.650455675227838,0.611555400514543,19.3064790123964,16.5838709876035,17.945175,1.03802272918499,60.6460510426046,17.674664,18.0451482276726,2.1824325264705,1.52046300270318
"5990740","2020-06-05",16.1938025163622,0.848126232741618,0.741213955078759,0.677684166414549,20.1675044479823,16.1675122186843,18.1675083333333,1.32979119534837,72.374414367945,17.794664,18.4697951306496,3.3674983534828,1.8898700728591
"5990739","2020-06-08",18.4829869518042,0.871031746031747,0.762724021093469,0.718131217133355,20.9033324763819,15.8306841902847,18.3670083333333,1.17413669161842,73.6103351835373,17.955864,18.8831557798963,4.36862826013524,2.38562171031433
"5990738","2020-06-09",20.2800775625096,0.825396825396826,0.848184934723397,0.784040970298541,21.4060350323262,15.6693749676738,18.537705,1.01173126876069,71.2869418443807,18.125464,19.2107350092434,4.97881164550997,2.90425969735346
"5990737","2020-06-10",20.5906975117878,0.617063492063493,0.771164021164022,0.794024325660296,21.666486340126,15.6999236598739,18.683205,0.828518853882305,61.7107866904867,18.237064,19.354637008011,4.95362111419801,3.31413198072237
"5990736","2020-06-11",19.4573823661071,0.339285714285715,0.593915343915344,0.737754766600921,21.685533179514,15.887876820486,18.786705,0.566112059125957,51.7322669721447,18.305464,19.2926854069429,4.30112126135656,3.51152983684921
"5990735","2020-06-12",18.6392157492642,0.310185185185185,0.422178130511464,0.595752498530277,21.6642385199086,16.1988414800913,18.93154,0.604016840714717,53.7458983920147,18.404664,19.2856606860171,3.88554505600835,3.58633288068104
"5990734","2020-06-15",18.1836464903091,0.335648148148149,0.328373015873016,0.448155496766608,21.6681863654408,16.4645603012258,19.0663733333333,0.621766371919787,54.3899094665895,18.477464,19.2942392612149,3.5612461513673,3.58131553481829
"5990733","2020-06-16",17.9827031486894,0.543981481481482,0.396604938271605,0.382385361552028,21.7584586790162,16.6762879876504,19.2173733333333,0.731389315986159,59.373956401958,18.5691,19.4216740263862,3.63598150631215,3.59224872911706
"5990732","2020-06-17",17.5987816361927,0.502314814814816,0.460648148148149,0.395208700764257,21.8466265226177,16.8011201440489,19.3238733333333,0.678930173821219,58.0086546069047,18.6719,19.5081174895347,3.57634802513891,3.58906858832143
"5990731","2020-06-18",16.6846099495188,0.367298578199053,0.47119829149845,0.442817125972734,21.8852056968591,16.9357109698075,19.4104583333333,0.596213524732262,54.1357870197173,18.7779,19.5137018242634,3.27562660077263,3.52638019081167
"5990730","2020-06-19",15.8357362404645,0.51338199513382,0.460998462715896,0.464281634120831,21.9409581810445,17.1032918189554,19.522125,0.655972241612144,58.0243851622568,18.9367,19.6078749143616,3.27511154661224,3.47612646197179
"5990729","2020-06-22",14.9875837476415,0.230312035661218,0.370330869664697,0.434175874626347,21.8692431102338,17.3932635564328,19.6312533333333,0.516103737546976,53.7061615752527,19.0467,19.6108249257801,2.99652315236159,3.38020580004975
"5990728","2020-06-23",14.3334580958969,0.183183183183183,0.308959071326074,0.380096134568889,21.8455064420565,17.5496668912767,19.6975866666666,0.473403724235336,52.7742121167241,19.1495,19.5960482690094,2.69137492369105,3.24243962477801
"5990727","2020-06-24",14.4035277345857,0,0.1378317396148,0.27237389353519,21.8361872916904,17.5908193749762,19.7135033333333,0.336252119100672,47.9806284293913,19.1817,19.4905751664748,2.1383395055848,3.02161960093936
"5990726","2020-06-25",14.5661177528621,0,0.061061061061061,0.169283957333978,21.8170312538049,17.6459754128617,19.7315033333333,0.280670242367279,47.2818774235047,19.2096,19.3851651442782,1.6367572970774,2.74464714016697
"5990725","2020-06-26",15.049459434918,0,-7.40148683083438e-17,0.0662976002252868,21.767477166608,17.7463661667253,19.7569216666666,0.184484793704121,44.883814379576,19.222492,19.2461164583744,1.07603254672384,2.41092422147834
"5990724","2020-06-29",15.6653854309315,0,-7.40148683083438e-17,0.0203536870203533,21.7711960637303,17.7389806029363,19.7550883333333,0.117640720097745,43.6682333392108,19.261692,19.1013009305912,0.546182674608109,2.0379759121043
"5990723","2020-06-30",15.9811368715251,0,-7.40148683083438e-17,-3.97829917157348e-16,21.7901965901764,17.7003134098235,19.745255,0.113211038822352,42.5782986836937,19.258492,18.9544608065123,0.0548788260608335,1.6413564948956
"5990722","2020-07-01",16.2743346377905,0.0932835820895524,0.031094527363184,0.0103648424543943,21.8270402570177,17.5969497429822,19.711995,0.166202178105898,44.8927512164688,19.256092,18.8605326989774,-0.227338887564854,1.26761741840351
"5990721","2020-07-02",16.1263387523217,0.179104477611941,0.0907960199004976,0.0406301824212269,21.8415781761828,17.4954251571504,19.6685016666666,0.240375378319168,47.0089068821974,19.265292,18.8097950057804,-0.349136274713424,0.944266679780126
"5990720","2020-07-06",16.317938124622,0.0746268656716416,0.115671641791045,0.0791873963515752,21.5878232586674,17.4355134079992,19.5116683333333,0.220235633873426,44.7556948347312,19.277292,18.7284890050097,-0.560366781669719,0.643339987490157
"5990719","2020-07-07",16.7368823883341,0,0.0845771144278607,0.0970149253731341,21.2115702812444,17.4390997187556,19.325335,0.164587177278014,43.0876021235303,19.276892,18.6300238043417,-0.810538399405147,0.352564310111096
"5990718","2020-07-08",16.9259767795314,0.0038910505836582,0.0261726387517665,0.075473798323557,20.8361779616602,17.4774920383397,19.156835,0.186335164788165,43.1961733796761,19.272492,18.5460206304295,-0.994502001217945,0.0831510478452877
"5990717","2020-07-09",17.6612019864029,0,0.0012970168612193,0.0373489233469485,20.6632985283596,17.351038138307,19.0071683333333,0.0902591663961068,39.3188282010034,19.219092,18.4092178797056,-1.33671497880653,-0.200822157485076
"5990716","2020-07-10",18.0934234146338,0.0729613733905587,0.0256174746580722,0.0176957100903523,20.6731061805584,17.2048971527748,18.9390016666666,0.173510163047015,41.3275320586683,19.170692,18.3133221624115,-1.51843840892399,-0.46434540777286
"5990715","2020-07-13",17.7892138163909,0.121076233183856,0.0646792021914716,0.0305312312369207,20.6241167531981,17.1038832468018,18.864,0.254561736194474,42.5326210158548,19.033092,18.2435458740899,-1.60133150368547,-0.691742626955381
"5990714","2020-07-14",17.5344617852522,0.12987012987013,0.107969245481515,0.0660886407770193,20.5422513887394,16.9977486112605,18.77,0.231979332605949,42.3452922104451,18.881092,18.1804064242113,-1.65780608304131,-0.884955318172567
"5990713","2020-07-15",16.4504401900044,0.611111111111111,0.287352491388366,0.153333646353784,20.2857660394494,17.0659006272172,18.6758333333333,0.448496812101741,50.4025462618888,18.765692,18.2170189009831,-1.3825886615451,-0.984481986847075
"5990712","2020-07-16",15.6299902330304,0.468253968253969,0.403078403078403,0.266133379982761,20.0290946225267,17.1275720441398,18.5783333333333,0.396031597715729,46.8512517686232,18.678492,18.2027497141854,-1.30250298889364,-1.04808618725639
"5990711","2020-07-20",15.2809987976331,0.263065591020696,0.447476890128592,0.37930259486512,19.8280147534139,17.1253185799193,18.4766666666666,0.269366109499714,44.0421570790834,18.635692,18.1517164189607,-1.35249611248204,-1.10896817230152
"5990710","2020-07-21",14.2066269262355,0.499824622939322,0.410381394071329,0.420312229092774,19.4452929123413,17.2999570876587,18.372625,0.417592544424702,47.2153968605529,18.589692,18.1434875630992,-1.25782238925406,-1.13873901569203
"5990709","2020-07-22",13.4896894505681,0.315678709224834,0.35952297439495,0.405793752864957,19.1788576004749,17.4067257328583,18.2927916666666,0.394971134258598,45.0744185274099,18.530892,18.1083558880193,-1.26189625662751,-1.16337046387912
"5990708","2020-07-23",12.8239617945913,0.552437741143459,0.455980357769205,0.408628242078494,18.8837806932504,17.5654693067495,18.224625,0.49649172415006,48.3192109303919,18.446892,18.1139084362834,-1.13185819038408,-1.15706800918012
"5990707","2020-07-24",11.9273978222388,0.51327433628319,0.460463595550494,0.425322309238216,18.7356909645237,17.6357257021429,18.1857083333333,0.549357619302628,47.7565636217103,18.368092,18.1120539781123,-1.03908655539506,-1.13347171842311
"5990706","2020-07-27",11.3374637696787,0.400000000000002,0.48857069247555,0.468338215265083,18.6170984566009,17.6773182100657,18.1472083333333,0.393015769338303,46.1366019768662,18.304492,18.091780114364,-1.0163028432924,-1.11003794339697
"5990705","2020-07-28",11.1683795342551,0.796747967479677,0.570007434587623,0.506347240871222,18.6372403488599,17.66668965114,18.151965,0.944457290429865,52.7888260586306,18.235692,18.1462094324488,-0.7490124812216,-1.03783285096189
"5990704","2020-07-29",10.6702950634048,0.646341463414637,0.614363143631439,0.557647090231537,18.6620073166203,17.6632560167129,18.1626316666666,0.764365112740803,50.4883032171403,18.183092,18.1687148414556,-0.612545970002509,-0.952775474770016
"5990703","2020-07-30",9.98910692772103,0.390283018867925,0.611124149920746,0.598498242713269,18.6624824187675,17.6636942478991,18.1630883333333,0.509389712059981,47.9196210392958,18.12724,18.1600461959282,-0.591420013742638,-0.880504382564541
"5990702","2020-07-31",10.3167381045884,0,0.345541494094187,0.52367626254879,18.6712022744938,17.5913077255061,18.131255,0.0666968898905323,41.4335964463553,18.07504,18.0720400364711,-0.834136634359861,-0.871230832923605
"5990701","2020-08-03",11.2453554530355,0,0.130094339622642,0.362253327879191,18.6980563822468,17.4347736177531,18.066415,-0.151541911122764,37.2108398082028,18.00824,17.9331013649416,-1.22519159952711,-0.942022986244306
"5990700","2020-08-04",11.4750380219799,0.0639534883720929,0.0213178294573642,0.165651221058064,18.6956866257611,17.3448100409055,18.0202483333333,0.0605951918027506,38.7833465507929,17.960148,17.8273545162827,-1.47190791975352,-1.04799997294615
"5990699","2020-08-05",11.6883146931427,0.324709302325581,0.129554263565891,0.0936554775486321,18.6910905852633,17.3146394147366,18.002865,0.288927008173166,44.848220980571,17.937288,17.795507247445,-1.44899572051532,-1.12819912245998
"5990698","2020-08-06",11.0691402670396,0.511627906976745,0.300096899224806,0.15032299741602,18.6888385167343,17.3138914832656,18.001365,0.552342622356743,48.7666182547146,17.933688,17.8107729477857,-1.27048517566188,-1.15665633310036
"5990697","2020-08-07",10.7186959019617,0.714689265536725,0.51700882494635,0.315553329245682,18.7377300213115,17.3463333120218,18.0420316666666,0.80279047223116,53.0668610482048,17.935488,17.8753365547476,-0.943939112835868,-1.11411288904746
"5990696","2020-08-10",12.0878799910818,0.59119496855346,0.605837380355643,0.4743143681756,19.0065477277242,17.2311822722757,18.118865,1.18969931209122,58.9885327971038,17.952688,18.0132916807813,-0.404865959695067,-0.972263503176985
"5990695","2020-08-11",13.3592652166933,0.812232704402516,0.706038979497567,0.609628394933187,19.3380754829462,17.073847850387,18.2059616666666,1.17836450919498,64.5014168537863,18.009204,18.2265727900104,0.327346176750898,-0.712341567191409
"5990694","2020-08-12",14.165999525986,0.748742138364781,0.717389937106919,0.676422098986709,19.538551852668,17.0414381473319,18.289995,0.98482840972743,61.9264183928185,18.066044,18.384496418009,0.802884405767457,-0.409296372599636
"5990693","2020-08-13",14.9836294581503,0.815220125786164,0.79206498951782,0.738497968707435,19.73040253948,16.9647474605199,18.347575,0.975122516179466,63.5664873604861,18.13094,18.5495502289412,1.25300463967628,-0.0768361701444524
"5990692","2020-08-14",15.3057669731267,0.744748427672956,0.769570230607967,0.759675052410902,19.8821635156838,16.9368731509828,18.4095183333333,0.875519851372057,60.5870141479575,18.206072,18.6627168650823,1.49148984451402,0.236829032787241
"5990691","2020-08-17",15.774732351216,0.79559748427673,0.785188679245283,0.78227463312369,20.0461533343709,16.954216665629,18.500185,0.877265704844245,61.9720685164305,18.280872,18.7823546164047,1.72757843658884,0.534978913547561
"5990690","2020-08-18",16.0636220790198,0.773584905660377,0.771310272536688,0.775356394129979,20.1767675377697,16.9616857955636,18.5692266666666,0.813348176120951,60.9731301845601,18.348872,18.8767073342174,1.86084632628198,0.800152396094445
"5990689","2020-08-19",15.6578605301084,0.669811320754717,0.746331236897275,0.767610062893081,20.2483429682114,17.0067770317885,18.62756,0.69921647314877,56.3607997195068,18.404472,18.9144796896551,1.80382085768831,1.00088608841322
"5990688","2020-08-20",15.3136538371467,0.727987421383648,0.723794549266248,0.74714535290007,20.3299136440529,17.0435363559471,18.686725,0.718044045823191,58.2667291695708,18.440072,18.9718823977011,1.8158741173649,1.16388369420356
"5990687","2020-08-21",14.6475422651077,0.506514657980456,0.634771133372941,0.701632306512154,20.3516983875544,17.0870849457788,18.7193916666666,0.553280938086225,50.0033864265785,18.463472,18.9349647446743,1.53137667927166,1.23738229121718
"5990686","2020-08-24",14.1949067474886,0.656685103948122,0.630395727770742,0.66298713680331,20.4288689116873,17.1562477549793,18.7925583333333,0.719225395275626,56.3159334933685,18.523072,18.9849694453844,1.54951887714896,1.29980960840353
"5990685","2020-08-25",13.7746023382708,0.700000000000001,0.621066587309526,0.628744482817736,20.5087392730676,17.1747107269324,18.841725,0.717437150472828,58.2541667303602,18.580272,19.0563068526665,1.63331406217755,1.36651049915834
"5990684","2020-08-26",13.6839756628322,0.5822454308094,0.646310178252507,0.632590831110925,20.5816563826065,17.2147936173935,18.898225,0.695565341560647,56.8317332940431,18.641472,19.1034659389776,1.63350063631049,1.41990852658877
"5990683","2020-08-27",14.2136731555744,0.822222222222223,0.701489217677208,0.656288661079747,20.7180010399113,17.2695356267553,18.9937683333333,0.815956481930574,62.0882577873884,18.715072,19.2216704804472,1.85518635798012,1.50696409286704
"5990682","2020-08-28",14.4109293904674,0.733333333333336,0.71260032878832,0.686799908239345,20.7627731717057,17.4510968282942,19.106935,0.747527711546315,60.1832598301228,18.785072,19.305447749721,1.94749221416084,1.5950697171258
"5990681","2020-08-31",14.5289375822347,0.714285714285716,0.756613756613759,0.723567767693095,20.6911540573692,17.7893826092974,19.2402683333333,0.730800970597373,59.7601291940637,18.859472,19.3740547164248,1.98389254465272,1.67283428263118
"5990680","2020-09-01",14.7375563959465,0.777777777777781,0.741798941798944,0.73700434240034,20.5917228994876,18.1458137671789,19.3687683333333,0.756713679604564,60.750719095355,18.916272,19.4468474209015,2.02973631403962,1.74421468891287
"5990679","2020-09-02",15.9084903424894,0.614117647058824,0.702060379707441,0.733491026040047,20.5190330108242,18.4746036558424,19.4968183333333,0.87981992290801,61.5658535112701,18.983672,19.5206010981146,2.07403123987873,1.81017799910604
"5990678","2020-09-03",17.0347868093827,0.856148491879351,0.749347972238652,0.731069097915012,20.5399282320758,18.7107084345908,19.6253183333333,1.05652962066107,66.6071220484672,19.081124,19.6565209516994,2.3029192518834,1.90872624966151
"5990677","2020-09-04",17.6709967861857,0.781902552204177,0.750722897047451,0.734043749664514,20.5561586723346,18.900477994332,19.7283183333333,0.98017411241348,63.9313602920055,19.196324,19.7529848248061,2.38827957139176,2.00463691400756
"5990676","2020-09-08",17.8108789060583,0.698375870069606,0.778808971384378,0.759626613556826,20.6415902454405,18.9223797545594,19.781985,0.869170424467014,60.9642140092891,19.323124,19.8125868481653,2.35388239130501,2.07448600946705
"5990675","2020-09-09",17.94076944594,0.814338747099769,0.764872389791184,0.76480141940767,20.7436588826846,18.900777783982,19.8222183333333,0.893070213361378,63.4971827558415,19.45552,19.8975619350766,2.3992946273242,2.13944773303848
"5990674","2020-09-10",17.8992249469119,0.786542923433876,0.766419180201083,0.770033513792214,20.8248758432074,18.9187274901258,19.8718016666666,0.825542167619604,62.4511326876065,19.56758,19.963220343733,2.38218722717813,2.18799563186641
"5990673","2020-09-11",17.6651144819068,0.655844155844157,0.752241942125934,0.761177837372733,20.8769583199082,18.936145013425,19.9065516666666,0.731886463180159,61.1826567086075,19.66398,20.0107909645686,2.31285055975963,2.21296661744505
"5990672","2020-09-14",16.7245271279942,0.444444444444446,0.628943841240826,0.715868321189281,20.8935665740789,18.9793167592544,19.9364416666666,0.592407827492948,56.422263366714,19.73418,20.0160188359595,2.12432919218282,2.19523913239261
"5990671","2020-09-15",16.1278358985293,0.4375,0.512596200096201,0.63126066115432,20.9133673134979,19.0075160198353,19.9604416666666,0.597712240519121,56.247705174476,19.77938,20.0192163244982,1.94844701689676,2.14588070929344
"5990670","2020-09-16",15.8477075428076,0.291262135922331,0.391068860122259,0.510869633819761,20.936922225683,19.0502944409836,19.9936083333333,0.630598981243118,57.3836077476096,19.799664,20.0326541478985,1.82027768767385,2.08076010496952
"5990669","2020-09-17",15.4982784990061,0.262135922330097,0.330299352750809,0.411321470989756,20.9277365364089,19.1535401302577,20.0406383333333,0.597675206307046,56.7882002452374,19.826824,20.040300261512,1.68711372096535,2.00203082816869
"5990668","2020-09-18",14.4581375785257,0,0.184466019417476,0.301944744096848,20.9063537610932,19.22391957224,20.0651366666666,0.397844443997475,51.0787281770048,19.833524,20.0069135599771,1.44408254006703,1.89044117054836
"5990667","2020-09-21",14.7089881283897,0,0.0873786407766989,0.200714670981661,20.826047231294,19.3448927687059,20.08547,-0.0303093092853402,42.7511669111172,19.827592,19.9059917519801,1.02128912622306,1.7166107616833
"5990666","2020-09-22",14.4136832391978,0.0187500000000007,0.00625000000000007,0.0926982200647245,20.8409265612892,19.3175134387107,20.07922,0.0442995798638518,43.3042884647695,19.816392,19.8225261850494,0.689534683231341,1.5111955459929
"5990665","2020-09-23",14.3116159923714,0,0.00625000000000007,0.0332928802588992,20.8639034958823,19.2732031707843,20.0685533333333,0.0503741410526676,42.1351867905359,19.804792,19.7395226937095,0.388728492507351,1.28670213529579
"5990664","2020-09-24",14.4761360258929,0,0.00625000000000007,0.00624999999999957,20.905490501239,19.1956161654276,20.0505533333333,0.000614373358966376,40.3744131010729,19.801592,19.6515863345482,0.0991292080574135,1.04918754984812
"5990663","2020-09-25",14.4758401658921,0.133785310734465,0.0445951035781547,0.0190317011927178,20.9193445364366,19.1105487968967,20.0149466666666,0.144102066035183,45.237654144987,19.800464,19.6069481566085,-0.0332269320771794,0.832704653463059
"5990662","2020-09-28",13.5497270124471,0.403614457831327,0.179133256188597,0.0766594532555834,20.9171474242565,19.0997459090767,20.0084466666666,0.383470989634886,52.8190811309437,19.842664,19.6260217357274,0.039808139850428,0.674125350740532
"5990661","2020-09-29",13.7337900069673,0.0597402597402612,0.199046676102017,0.140925011956256,20.9363513867563,19.0206486132436,19.9785,0.15159870176027,44.1135571510399,19.837328,19.5660988376304,-0.137084849436797,0.511883310705067
"5990660","2020-09-30",13.3727490245674,0.321428571428574,0.261594429666721,0.213258120652445,20.9301461485926,18.9888538514073,19.9595,0.32339942633556,49.6243979372848,19.837728,19.5612856592797,-0.130085665214197,0.383489515521214
"5990659","2020-10-01",12.5584030577681,0.464285714285716,0.281818181818184,0.24748642919564,20.8981501565578,18.9751831767754,19.9366666666666,0.437596432356036,52.4802374116597,19.850528,19.583780904709,-0.0415206868867757,0.298487475039616
"5990658","2020-10-02",11.9956741738344,0.500000000000003,0.428571428571431,0.323994680018778,20.8057062694337,18.9952937305662,19.9005,0.510771025709003,53.1946251024078,19.842128,19.6099434507478,0.0486149927412693,0.248512978579947
"5990657","2020-10-05",12.0019921282397,0.0928571428571448,0.352380952380954,0.354256854256856,20.7264529994402,18.9635470005597,19.845,0.25513914698756,44.9064654401074,19.816528,19.5566176573148,-0.113621259153418,0.176086131033274
"5990656","2020-10-06",12.3661893884377,0,0.197619047619049,0.326190476190477,20.6742193882145,18.8864472784521,19.7803333333333,0.132503496160221,42.4096042477001,19.784128,19.4837353030061,-0.321721480556159,0.0765246087153873
"5990655","2020-10-07",12.6028211585591,0.159663865546217,0.0841736694677871,0.21139122315593,20.5638665405405,18.8684734594594,19.71617,0.232901666451383,45.5092806420178,19.755328,19.445903929272,-0.403757244621328,-0.0195317619519557
"5990654","2020-10-08",12.6896781923925,0.159663865546217,0.106442577030811,0.129411764705882,20.4438774123205,18.867229254346,19.6555533333333,0.261802700600143,45.5092806420178,19.723328,19.4131167387024,-0.463644985403799,-0.108354406642324
"5990653","2020-10-09",13.074351185538,0.0336134453781507,0.117647058823528,0.102754435107375,20.3409955545689,18.8531177787643,19.5970566666666,0.224177612789449,43.3719004977151,19.663728,19.3647011735421,-0.567283651813577,-0.200140255676575
"5990652","2020-10-12",13.6512195696786,0,0.0644257703081225,0.0961718020541535,20.2872267949796,18.7975532050203,19.54239,0.149325863383112,41.8207300601165,19.606128,19.3080743504031,-0.687879090530885,-0.297688022647437
"5990651","2020-10-13",15.6330036439281,0,0.0112044817927167,0.064425770308122,20.3204599959349,18.579320004065,19.44989,-0.162338088102124,31.4646782681252,19.518128,19.133664437016,-1.16633165588169,-0.471416749294288
"5990650","2020-10-14",17.9139248099711,0,-2.26670534194303e-16,0.0252100840336125,20.4013653477238,18.2477479856095,19.3245566666666,-0.238860747190088,28.2579638130303,19.404132,18.9291758454139,-1.70141455589937,-0.717416310615305
"5990649","2020-10-15",20.4472206724204,0,-2.26670534194303e-16,0.00373482726423826,20.4949337257613,17.8634529409053,19.1791933333333,-0.211586676764979,25.2138960201292,19.274932,18.6932857326921,-2.29616327085582,-1.03316570266341
"5990648","2020-10-16",22.5953124602885,0.0460526315789476,0.0153508771929823,0.00511695906432681,20.5338021420641,17.5775911912691,19.0556966666666,-0.0521809371872913,27.8761672308506,19.154132,18.5075143016664,-2.68485555358478,-1.36350367284768
"5990647","2020-10-19",24.5899691204517,0.0592105263157895,0.0350877192982455,0.0168128654970754,20.5933019139885,17.3324247526781,18.9628633333333,0.0340118855046522,28.6576073359214,19.045732,18.3518457281109,-2.94774001928493,-1.68035094213513
"5990646","2020-10-20",24.4552763154092,0.250000000000001,0.118421052631579,0.0562865497076018,20.5596656642489,17.2350243357511,18.897345,0.252541226142322,38.9812485181644,18.960932,18.2942662976961,-2.87062841574229,-1.91840643685656
"5990645","2020-10-21",24.3302044250126,0.3125,0.207236842105263,0.120248538011695,20.5152446390473,17.1621120276193,18.8386783333333,0.303563291505858,41.9449569328809,18.880532,18.2696974580033,-2.69514039247597,-2.07375322798045
"5990644","2020-10-22",23.1820731675268,0.4653007518797,0.342600250626567,0.222752715121136,20.4785235512992,17.1315797820341,18.8050516666666,0.416067208564136,46.2056455919516,18.81284,18.2867644636029,-2.40123410663925,-2.13924940371221
"5990643","2020-10-23",21.9624354848934,0.58204347826087,0.453281410046857,0.334372834259562,20.4219297587562,17.1126335745771,18.7672816666666,0.454225412826201,47.6579471247408,18.761192,18.3150225351225,-2.09938260147563,-2.13127604326489
"5990642","2020-10-26",20.6990291838932,0.647826086956522,0.565056772365697,0.453646144346373,20.3001205830309,17.1284427503023,18.7142816666666,0.507057778620845,49.8424790534719,18.737192,18.3596861971062,-1.77300821670603,-2.05962247795312
"5990641","2020-10-27",19.7310328370281,0.604434782608696,0.611434782608696,0.543257655007083,20.2423412837446,17.1179387162553,18.68014,0.483386690560706,48.4073362213739,18.708,18.385088037492,-1.5404183986,-1.95578166208249
"5990640","2020-10-28",19.4902631569937,0.456521739130436,0.569594202898551,0.582028585957647,20.1233829791086,17.107563687558,18.6154733333333,0.403130800702004,43.7797239756344,18.6684,18.3617429658264,-1.48826815663614,-1.86227896099322
"5990639","2020-10-29",18.8219285238567,0.594059405940595,0.551671975893242,0.577566987133496,19.9527058201515,17.1449075131817,18.5488066666666,0.476681610936665,46.2209099154194,18.6396,18.3615105703829,-1.36541403412469,-1.76290597561952
"5990638","2020-10-30",18.201332078801,0.714285714285716,0.588288953118915,0.569851710636902,19.7323529791543,17.222260354179,18.4773066666666,0.505056918301369,47.046315679079,18.603328,18.3679758276652,-1.23187036612291,-1.6566988537202
"5990637","2020-11-02",17.7338479381507,0.685714285714287,0.664686468646866,0.601549132553007,19.606519913145,17.2479267535216,18.4272233333333,0.49340426024592,46.2813451505992,18.547728,18.3669123839765,-1.13489175609123,-1.5523374341944
"5990636","2020-11-03",16.6084598967959,0.794285714285716,0.731428571428573,0.661467997731451,19.5421164567632,17.2624968765701,18.4023066666666,0.597688814075946,49.6328130290813,18.522664,18.3913240661129,-0.963510675989532,-1.43457208255343
"5990635","2020-11-04",16.2236878273599,0.596273291925468,0.69209109730849,0.696068712461309,19.4253191024686,17.2869608975314,18.35614,0.492452153262865,45.0163506801474,18.471864,18.3738141906312,-0.944014822057271,-1.3364606304542
"5990634","2020-11-05",15.2981468311668,0.560509554140128,0.65035618678377,0.691291951840277,19.293637486755,17.3293091799115,18.3114733333333,0.538279412393238,44.4028738514355,18.411464,18.3533056318804,-0.935479439872888,-1.25626439233794
"5990633","2020-11-06",14.7835047732917,0.151515151515151,0.436099332526915,0.592848872206392,19.1583411945788,17.3642721387544,18.2613066666666,0.45653827645031,42.0866112854535,18.343064,18.3155315476297,-0.983577093711541,-1.20172693261266
"5990632","2020-11-09",16.8264518228816,0.627136900625435,0.446387202093571,0.510947573801419,19.5269442695749,17.1169290637584,18.3219366666666,1.29280136022464,65.4447206140468,18.36966,18.5234473412791,-0.228312054705904,-1.00704395703131
"5990631","2020-11-10",18.805143741447,0.815436241610739,0.531362764583775,0.471283099734753,20.0256287580399,16.85691124196,18.44127,1.20756175706919,69.9632099835628,18.42926,18.7869876957752,0.625303150667933,-0.680574535491458
"5990630","2020-11-11",19.6479231167535,0.64765100671141,0.696741382982528,0.558163783219957,20.2715253827361,16.8510146172639,18.56127,0.959599001763808,62.8804916112418,18.46126,18.9487226696718,1.06720376111598,-0.331018876169971
"5990629","2020-11-12",20.1671445958221,0.600671140939598,0.687919463087248,0.638674536884516,20.396841002907,16.9863656637595,18.6916033333333,0.858228656860901,61.0178476646074,18.48766,19.0702263137156,1.33888777347813,0.00296245375964793
"5990628","2020-11-13",21.1420488636564,0.580536912751679,0.609619686800895,0.664760177623557,20.5185881195113,17.1256185471553,18.8221033333333,0.856982275900284,60.1948826238692,18.51766,19.1675294718868,1.50922170829926,0.30421430466757
"5990627","2020-11-16",22.540532271143,0.91275167785235,0.697986577181208,0.66517524235645,20.7893834348771,17.1981565651229,18.99377,1.02430457193466,67.8902599568635,18.59166,19.3838588756353,2.03115074307509,0.649601592349075
"5990626","2020-11-17",21.0931304097169,0.284789644012945,0.592692744872324,0.633433002951475,20.8422234162674,17.3065199170658,19.0743716666666,0.673174871744278,48.9492112524765,18.62966,19.3260110255506,1.65769933567181,0.851221141013623
"5990625","2020-11-18",20.0989689562309,0.885964912280704,0.694502078048666,0.661727133367399,21.1766514940403,17.277091839293,19.2268716666666,1.01368064876114,62.2147336539649,18.76966,19.5625428888105,2.22646870485859,1.12627065378262
"5990624","2020-11-19",19.1260588622721,0.874269005847954,0.681674520713867,0.656289781211619,21.4443376811874,17.2696589854792,19.3569983333333,0.923905278064318,61.8925035097613,18.92566,19.7622038369691,2.62178008335476,1.42537253969705
"5990623","2020-11-20",18.4376106389415,0.88888888888889,0.883040935672516,0.753072511478349,21.6954872083882,17.2792627916117,19.487375,0.893086530371676,62.156355617959,19.07806,19.9419099920399,2.91499453193889,1.72329693814541
"5990622","2020-11-23",18.5945254105472,0.94698795180723,0.903381948848024,0.822699135078135,22.1014822412539,17.2069344254127,19.6542083333333,0.994248925747658,66.590635043208,19.26446,20.2163219931012,3.45633068182647,2.06990368688162
"5990621","2020-11-24",19.5944047702487,0.85907335907336,0.898316733256493,0.894913205925677,22.6070452281953,17.1148814384713,19.8609633333333,1.02845656304542,68.8846823191122,19.44846,20.5234790606877,4.03028247751951,2.4619794450092
"5990620","2020-11-25",20.2758329523595,0.826254826254827,0.877438712378472,0.893045798160996,22.9587092219165,17.1855507780835,20.07213,0.928627880343396,67.2587107687503,19.61806,20.7670151859294,4.35464942226895,2.84051344046115
"5990619","2020-11-27",20.9085876928909,0.827906976744187,0.837745054024124,0.871166833219696,23.2490281902526,17.297898476414,20.2734633333333,0.875817159801761,68.0237325407931,19.782552,20.9994131611388,4.60994831020005,3.19440041440893
"5990618","2020-11-30",20.6602952855558,0.697674418604652,0.783945407201222,0.833043057867939,23.4231417786459,17.491118221354,20.45713,0.787625852604044,62.5177586688594,19.920604,21.1261580729869,4.5391667839435,3.46335368831585
"5990617","2020-12-01",21.1513462872478,0.873873873873874,0.799818423074237,0.807169628099861,23.6971353324259,17.677624667574,20.68738,0.88695614915469,67.0334707405224,20.0878040000001,21.3533369965887,4.75630457798129,3.72194386624893
"5990616","2020-12-02",22.024909999866,0.854649292149293,0.808732528209273,0.797498786161577,24.0091544272773,17.8471989060559,20.9281766666666,0.907785589820134,68.7388068027336,20.2737960000001,21.5995587303769,4.99963252625601,3.97748159825035
"5990615","2020-12-03",23.1762859399346,0.838145087235997,0.855556084419721,0.821369011901077,24.2856742732923,18.1174257267076,21.20155,0.922472707930936,70.1487349103407,20.485944,21.8547775663266,5.23741892197236,4.22946906299475
"5990614","2020-12-04",23.4827852284618,0.743801652892563,0.812198677425951,0.825495763351648,24.3740577851955,18.5203755481378,21.4472166666666,0.816515871258613,64.9803682460449,20.6715440000001,22.0074738908164,5.16947536728845,4.41747032385349
"5990613","2020-12-07",23.6150842639864,0.724517906336089,0.768821548821549,0.81219210355574,24.2804162213556,19.1000171119776,21.6902166666666,0.761199308797883,63.9433338392666,20.850944,22.1258107053742,5.01564555725846,4.53710537053449
"5990612","2020-12-08",24.1319843121589,0.587706146926537,0.685341902051729,0.755454042766409,24.4306767636782,19.2546632363217,21.84267,0.778012539778199,64.6662796774505,21.037344,22.2450359446577,4.87986478654037,4.60565725373566
"5990611","2020-12-09",24.6119629283191,0.731634182908547,0.681286078723724,0.711816509865667,24.6218414780482,19.3521651886184,21.9870033333333,0.800397326082816,67.3716758368919,21.2353440000001,22.41236448537,4.88521462237925,4.66156872746438
"5990610","2020-12-10",24.6460244642508,0.651445966514461,0.656928765449848,0.674518915408433,24.7043114641512,19.5930285358488,22.14867,0.73829568500745,64.5974590704629,21.4349440000001,22.524049220654,4.74106570935964,4.67746812384343
"5990609","2020-12-11",23.5130706381977,0.208588957055216,0.530556368826074,0.622923737666548,24.6478485267411,19.9408248065922,22.2943366666666,0.613092695437532,56.6579176843698,21.6045440000001,22.5155093245668,4.29390194029911,4.60075488713457
"5990608","2020-12-14",22.4610420854341,0.368098159509204,0.409377694359627,0.532287609545183,24.5614486521908,20.3145580144758,22.4380033333333,0.610354462432199,59.3163297888735,21.795744,22.5601080812912,4.03244221910635,4.48709235352892
"5990607","2020-12-15",21.6894203886816,0.3079754601227,0.294887525562373,0.411607196249357,24.5420413208344,20.5328320124989,22.5374366666666,0.581785868845753,57.8753963417038,21.908868,22.579160337119,3.72938222424848,4.33555032767283
"5990606","2020-12-16",20.9729145274114,0.319018404907976,0.331697341513293,0.345320853811764,24.2156084151911,21.1745982514754,22.6951033333333,0.547647544357321,58.0768405423356,21.998068,22.5992722921698,3.45884180050704,4.16020862223968
"5990605","2020-12-17",20.3480132732751,0.388548057259714,0.338513974096797,0.321699613724154,24.1481429983508,21.4153970016491,22.78177,0.566439886309417,59.3935319400342,22.114068,22.6393693198805,3.26711339932328,3.9815895776564
"5990604","2020-12-18",19.2503937319928,0.072351421188631,0.25997262778544,0.310061314465176,24.0005423536203,21.7269976463796,22.86377,0.457289894927495,56.0481312152368,22.223668,22.6341200772298,2.97377881239067,3.78002742460325
"5990603","2020-12-21",18.2311755865163,0.072351421188631,0.177750299878992,0.258745633920409,23.7965608877292,22.0769791122707,22.93677,0.352617264102457,56.0481312152368,22.3356680000001,22.6295707335992,2.71016935900508,3.56605581148362
"5990602","2020-12-22",16.9884593984367,0,0.0482342807924206,0.161985736152284,23.7485363835134,22.1693369498199,22.9589366666666,0.219940375760162,53.3197020528627,22.3986680000001,22.5942946357859,2.38999113731979,3.33084287665085
"5990601","2020-12-23",15.9024514647772,0.153289902280132,0.0752137744895876,0.100399451720333,23.7488667843771,22.1635265489562,22.9561966666666,0.343779065338911,55.6478214603646,22.54468,22.5950953510145,2.19514653940651,3.10370360920198
"5990600","2020-12-24",15.2905186976806,0.378472222222224,0.177254041500785,0.100234032260931,23.7484581586344,22.2082685080322,22.9783633333333,0.507555346617321,58.5761893830479,22.61708,22.6370826375459,2.12666333383047,2.90829555412768
"5990599","2020-12-28",14.7667580084683,0.503472222222224,0.34507811557486,0.19918197718841,23.7499890280675,22.2675709719324,23.00878,0.573901780189453,60.2201441805522,22.6982800000001,22.6974716192064,2.11157488023539,2.74895141934922
"5990598","2020-12-29",14.4742751784488,0.472118959107808,0.451354467850752,0.324562208308799,23.6871151551543,22.4234448448456,23.05528,0.53011333970811,58.9601938784425,22.77388,22.7378087366456,2.04339702153868,2.60784053978712
"5990597","2020-12-30",13.9036337000451,0.408906882591095,0.461499354640376,0.419310646021996,23.6850522697906,22.4175077302093,23.05128,0.40957845680819,57.101761944722,22.80868,22.7554342384262,1.92076790398477,2.47042601262665
"5990596","2020-12-31",13.7116107744673,0.338912133891215,0.406645991863373,0.4398332714515,23.6352898337223,22.4158434996109,23.0255666666666,0.418897619982577,55.6487000588111,22.8186800000001,22.7573763399693,1.76765301347692,2.3298714127967
"5990595","2021-01-04",13.4278167767114,0.396721311475414,0.381513442652575,0.416552929718774,23.4745458876163,22.485707445717,22.9801266666666,0.417620516609876,55.0154817029054,22.8338,22.7534594946401,1.61282540649574,2.18646221153651
"5990594","2021-01-05",13.4395848422561,0.879821073558652,0.53848483964176,0.442214758052569,23.4728398974033,22.48645343593,22.9796466666666,0.815042172080537,60.9621468491386,22.863404,22.8196782286881,1.65589780388173,2.08034933000555
"5990593","2021-01-06",12.8178774708963,0.334990059642152,0.537177481558739,0.485725254617691,23.4664560026617,22.4806373306715,22.9735466666666,0.447035560578417,53.0358436063094,22.893484,22.8039877981963,1.47866156066137,1.96001177613672
"5990592","2021-01-07",12.2405777689193,0.661033797216705,0.625281643472503,0.566981321557667,23.4449232471144,22.4876700862189,22.9662966666666,0.677977996793102,56.6668685317353,22.901484,22.8341227584368,1.43767898470937,1.85554521785125
"5990591","2021-01-08",11.8408834046244,0.601491053677935,0.53250497017893,0.564988031736724,23.3372494107271,22.5463505892728,22.9418,0.674822193327429,55.8181266690677,22.892288,22.8522530573119,1.36806323719361,1.75804882171972
"5990590","2021-01-11",11.4697386377791,0.661033797216705,0.641186216037115,0.599657609896182,23.2785734449802,22.576359888353,22.9274666666666,0.717217870395443,56.5194624521223,22.87294,22.8759526496703,1.31870915534151,1.67018088844408
"5990589","2021-01-12",12.0786062493083,0.233598409542747,0.498707753479129,0.557466313231724,23.2789594674119,22.5733071992546,22.9261333333333,0.321252847861367,50.3416384162114,22.85694,22.8391589630476,1.11488377924365,1.55912146660399
"5990588","2021-01-13",12.6439833171568,0.0129701686121895,0.30253412512388,0.480809364880041,23.277735278863,22.5645313878036,22.9211333333333,0.339503586419594,50.4772069408773,22.84554,22.8086044346413,0.94598325102313,1.43649382348782
"5990587","2021-01-14",11.7559073018738,0.355555555555555,0.200708044570164,0.333983307724391,23.3216229952895,22.5582770047104,22.9399499999999,0.89525545478766,55.5714315940472,22.84474,22.8341238433558,0.939314014578718,1.337057861706
"5990586","2021-01-15",10.9680039124511,0.890350877192985,0.41962553378691,0.307622567826984,23.4704193067303,22.4911473599363,22.9807833333333,1.19018962050951,62.1784753981764,22.84934,22.9382406642417,1.13745696156129,1.29713768167706
"5990585","2021-01-19",10.8587518080443,0.757142857142859,0.667683096630466,0.429338891662513,23.6202395808543,22.4223270858123,23.0212833333333,1.1278004471217,62.6165482569315,22.86574,23.0344752423428,1.29387369550669,1.29648488444298
"5990584","2021-01-20",11.0989869252603,0.778936526329342,0.808810086888395,0.632039572435257,23.7831091794001,22.3752374872665,23.0791733333333,1.10040509235068,64.1088548551907,22.91974,23.1378785433637,1.45209826516337,1.32760756058706
"5990583","2021-01-21",10.6808944951995,0.630874211407235,0.722317864959812,0.732937016159557,23.8597927940085,22.4007672059914,23.13028,0.894226579294193,60.1443003074866,22.94894,23.1968280709152,1.47913853456365,1.35791375538238
"5990582","2021-01-22",10.292665810143,0.688811638985453,0.699540792240677,0.743556248029627,23.9072847545473,22.4742752454527,23.19078,0.873958904854228,61.1565633517775,22.98762,23.2599176614599,1.51374886743532,1.38908077779297
"5990581","2021-01-25",12.209854359572,0.634920634920635,0.651535495104441,0.691131384101643,24.1643412387956,22.3970320945376,23.2806866666666,1.19369866838708,66.54520561127,23.04642,23.3852619732652,1.70378902616108,1.45202242746659
"5990580","2021-01-26",13.9901008697561,0.904761904761905,0.742831392889331,0.697969226744816,24.5113168164409,22.2460565168923,23.3786866666666,1.19365685420191,71.9263881394248,23.12562,23.5845603768299,2.06117854482208,1.57385365093769
"5990579","2021-01-27",16.8089985304525,0.557692307692308,0.69912494912495,0.697830612372907,24.8473800571992,22.1148266094674,23.4811033333333,1.11684551302464,67.6200267223241,23.20682,23.7239523265859,2.22922478944318,1.70492787863879
"5990578","2021-01-28",19.1412995525561,0.5275,0.663318070818071,0.701758137610783,25.0068415651673,22.112871768166,23.5598566666666,0.883052834373755,65.7562176771448,23.283624,23.8301053497078,2.29630965176246,1.82320423326352
"5990577","2021-01-29",21.3067354087923,0.527472527472528,0.537554945054946,0.633332654999321,25.1139462943497,22.1641003723169,23.6390233333333,0.798651756719423,65.754441696769,23.369824,23.9220913030801,2.32110651619772,1.92278468985036
"5990576","2021-02-01",21.5551395942695,0.32967032967033,0.46154761904762,0.554140211640211,25.1319575242383,22.2467558090949,23.6893566666666,0.584561389724041,54.3685669068933,23.417812,23.9058124626694,2.07365319680011,1.95295839124031
"5990575","2021-02-02",21.7858006236413,0.363636363636364,0.406926406926408,0.468676323676324,25.1441536498844,22.3430263501155,23.74359,0.585588160649875,55.8549106138639,23.458612,23.9090374676468,1.89956927395396,1.94228056778304
"5990574","2021-02-03",21.0474099782967,0.148148148148149,0.280484947151614,0.382986324375213,25.145479080804,22.3704942525292,23.7579866666666,0.435259706106222,49.8070744420869,23.474212,23.8518324719606,1.59141700871857,1.87210785597015
"5990573","2021-02-04",20.6569463498514,0.0579710144927538,0.189918508759089,0.29244328761237,25.1328918921487,22.4658281078512,23.79936,0.481042823085959,51.8052362995219,23.499812,23.8235881423658,1.38537982133646,1.77476224904341
"5990572","2021-02-05",20.6287788531,0.0978260869565218,0.101315083199142,0.190572846369948,25.1360487748973,22.5386712251026,23.83736,0.522833286855583,53.1850797869707,23.535012,23.8137763900504,1.24505832155899,1.66882146354653
"5990571","2021-02-08",20.6026233204022,0.13768115942029,0.097826086956522,0.12968655963825,25.1283666082183,22.6256800584483,23.8770233333333,0.498525584436333,54.5853461757092,23.578612,23.8199395380437,1.15780242088539,1.5666176550143
"5990570","2021-02-09",20.3148694883747,0.0978260869565218,0.111111111111111,0.103417427088924,25.1106552373976,22.714721429269,23.9126883333333,0.450170437543705,52.8819391571677,23.619492,23.8106142663045,1.03939095725891,1.46117231546322
"5990569","2021-02-10",19.5097546193042,0.0144927536231881,0.0833333333333334,0.0974235104669883,25.0479036878672,22.8688063121327,23.958355,0.387558183771378,49.4099630581752,23.630288,23.7718656974639,0.857662990360586,1.34047045044269
"5990568","2021-02-11",18.2761767415062,0,0.0374396135265702,0.0772946859903377,24.9732028484088,23.0111738182578,23.9921883333333,0.240648587671114,46.2799796041743,23.654208,23.7089502711354,0.63147289742278,1.19867093983871
"5990567","2021-02-12",16.9778480034074,0,0.00483091787439626,0.0418679549114327,24.9633380790569,23.0315385876097,23.9974383333333,0.163126701529926,45.2967507717244,23.662208,23.645090234984,0.423206603725634,1.0435780726161
"5990566","2021-02-16",15.8853332878455,0.0564784053156141,0.0188261351052049,0.0203655555020565,24.9700970717902,23.0067795948763,23.9884383333333,0.239333208875078,48.1763057809491,23.679404,23.6124115369861,0.312453439429028,0.897353145978683
"5990565","2021-02-17",14.823521911974,0.0518731988472623,0.0361172013876257,0.0199247514557416,24.9830267062906,22.9531832937093,23.968105,0.203702103519189,46.9244980171303,23.691004,23.5734233320547,0.194977645827343,0.756878045948415
"5990564","2021-02-18",13.9650804782598,0.0542635658914733,0.0542050566847834,0.0363827977258707,24.9871683280369,22.8955950052963,23.9413816666666,0.236379470577606,46.5985105724409,23.719004,23.5369668877807,0.0938338616851109,0.624269209095754
"5990563","2021-02-19",13.2704014500034,0.247422680412371,0.117853148383702,0.0693918021520365,24.9894153686955,22.8744812979711,23.9319483333333,0.303706253031763,49.7913936432568,23.753404,23.5280379694099,0.0711466222900858,0.51364469173462
"5990562","2021-02-22",13.1000631613516,0.364583333333332,0.222089859879059,0.131382688315848,24.9890737783507,22.8674895549826,23.9282816666666,0.37040423363594,51.7996017580903,23.776604,23.5349662401553,0.0898825189310282,0.428892257173902
"5990561","2021-02-23",13.9009320415415,0.34313725490196,0.318381089549221,0.219441365937327,24.9210010355063,22.8652289644936,23.893115,0.456327032586643,51.7996017580903,23.775204,23.5409707414679,0.103526275295041,0.36381906079813
"5990560","2021-02-24",15.2349920055998,0.654411764705885,0.454044117647059,0.331505022358446,24.7857512642186,22.933145402448,23.8594483333333,0.725206203835844,60.7399064879332,23.793604,23.6181746426055,0.29574790743967,0.350204830126438
"5990559","2021-02-25",16.8286642154269,0.578616352201258,0.525388457269701,0.432604554821993,24.5699782718531,23.0695850614801,23.8197816666666,0.868937731015928,61.1708023173821,23.807204,23.6890846902581,0.452444199859658,0.370652704073082
"5990558","2021-02-26",17.7944671055361,0.477987421383648,0.570338512763597,0.516590362560118,24.4519864847774,23.1334035152225,23.792695,0.753280737259536,57.5433672740064,23.823604,23.729206731557,0.515757978831077,0.399673759024681
"5990557","2021-03-01",19.2092457858447,0.776729559748429,0.611111111111112,0.568946027048136,24.4611253227031,23.1275980106302,23.7943616666666,1.06914594833976,64.3098391766331,23.855404,23.8273125006828,0.718423934267265,0.463423794073198
"5990556","2021-03-02",20.5229688461313,0.798742138364781,0.68448637316562,0.621978665680109,24.5571262284929,23.0889304381737,23.8230283333333,0.965631585270203,64.7555635921358,23.867404,23.9170041672584,0.879632696015142,0.546665574461587
"5990555","2021-03-03",22.3118984602447,0.656804733727811,0.744092143947008,0.679896542741246,24.6452873028818,23.0557693637848,23.8505283333333,0.929567344416356,61.0048093013813,23.845804,23.9734036116239,0.941848439306558,0.625702147430581
"5990554","2021-03-04",22.8850254800854,0.455621301775148,0.637056057955914,0.688544858356179,24.6848876559579,23.082002344042,23.883445,0.720366150990881,53.8649245622388,23.820604,23.9769497967408,0.866563259103859,0.673874369765237
"5990553","2021-03-05",23.5613484056005,0.462962962962964,0.525129666155308,0.635425956019409,24.729753969336,23.0922560306639,23.911005,0.737554497513129,54.7044966427328,23.8018,23.986689823842,0.81432108522792,0.701963712857773
"5990552","2021-03-08",24.8287330455192,0.773195876288662,0.563926713675592,0.575370812595604,24.8982791838481,23.0287308161518,23.963505,1.02588191012048,64.9949296573784,23.813,24.0951311806631,1.01267959444398,0.764106889175014
"5990551","2021-03-09",26.3312051700473,0.913636363636364,0.716598400962664,0.601884926931187,25.1552859878346,22.9217240121653,24.038505,1.09762314539466,69.9879941759075,23.8734,24.257113689908,1.32293112118949,0.875871735577908
"5990550","2021-03-10",26.6449953174016,0.729064039408868,0.805298759777965,0.695274624805406,25.2932670572413,22.9087462760919,24.1010066666666,0.89518492525466,63.141501663745,23.9142,24.3494985312536,1.43054989117621,0.98680736669757
"5990549","2021-03-11",26.936371882802,0.734322916666668,0.792341106570634,0.77141275577042,25.4149324910644,22.9210741756022,24.1680033333333,0.854977397009541,63.5669000073533,23.974596,24.4348853937531,1.51054389378138,1.09155467211433
"5990548","2021-03-12",27.6852099089573,0.828125000000003,0.763837318691846,0.787159061680147,25.5524813781008,22.9631919552325,24.2578366666666,0.894765963320184,65.5023129275107,24.035796,24.532900674586,1.61357571439023,1.19595888056951
"5990547","2021-03-15",29.0589024820706,0.834951456310681,0.799133124325784,0.785103849862754,25.774105262393,22.9892347376069,24.38167,1.01767696936077,70.5533259643539,24.114196,24.6898472513079,1.84907682032702,1.32658246852101
"5990546","2021-03-16",29.096768857459,0.616504854368934,0.759860436893206,0.774276959970278,25.8824648308067,23.0785051691932,24.480485,0.846824414052777,62.3593693047153,24.170196,24.7658676178002,1.86539879836434,1.43434573448968
"5990545","2021-03-17",29.1476385462169,0.762135922330098,0.737864077669904,0.765619212962964,25.9884227821257,23.2015472178742,24.594985,0.88095768619359,65.2563465231141,24.242596,24.8717519354268,1.9522307255746,1.53792273270666
"5990544","2021-03-18",29.0293073836052,0.731707317073172,0.703449364590735,0.733724626384614,26.0445406098357,23.3640960568309,24.7043183333333,0.825449124607131,64.1922392949546,24.321796,24.9555183440366,1.97752054421654,1.62584229500864
"5990543","2021-03-19",27.921484437875,0.54439024390244,0.679411161101903,0.706908201120846,26.0391353434421,23.5473113232245,24.7932233333333,0.701329091700025,57.7066001238394,24.394436,24.976915898165,1.85163690832268,1.67100121767145
"5990542","2021-03-22",26.8040606703578,0.526829268292683,0.600975609756098,0.661278711816244,26.0110746283604,23.7297053716395,24.87039,0.64301791159213,57.1239013857498,24.468436,24.9906604450764,1.72034748303602,1.68087047074436
"5990541","2021-03-23",25.6884597939358,0.512195121951221,0.527804878048781,0.602730549635593,25.9693708793801,23.9024091206198,24.93589,0.585847419567063,56.6108958465272,24.534436,24.9985723857329,1.5882800277595,1.66235238214739
"5990540","2021-03-24",24.9279532919504,0.44,0.493008130081301,0.540596205962059,25.9651984763499,23.98658152365,24.97589,0.550932883461451,54.5024385833824,24.598836,24.9894294009685,1.42844418628685,1.61557074297528
"5990539","2021-03-25",23.9090651154601,0.0159999999999997,0.322731707317074,0.447848238482384,25.9546948675966,24.0540851324034,25.00439,0.467875221548089,52.5696000700457,24.659636,24.9668388141727,1.25187115513281,1.54283082540679
"5990538","2021-03-26",23.6236389517356,0.414634146341463,0.290211382113821,0.368650406504064,25.9405170133135,24.1942629866864,25.06739,0.682835178501151,59.7046461835161,24.734036,25.0152603056163,1.26205963809589,1.48667658794461
"5990537","2021-03-29",22.8949853729915,0.285284552845529,0.238639566395664,0.283860885275519,25.9492556111475,24.2592510555191,25.1042533333333,0.610264002570942,56.8324061695565,24.797672,25.0360122648675,1.20468077804101,1.43027742596389
"5990536","2021-03-30",21.7409912229313,0.146341463414634,0.282086720867209,0.270312556458897,25.9336331238654,24.3348735428012,25.1342533333333,0.482744956156405,53.8363838358748,24.854472,25.0312106295518,1.09149652390017,1.36252124555115
"5990535","2021-03-31",21.1512888912871,0.358130081300814,0.263252032520326,0.261326106594399,25.9297226436555,24.4204840230111,25.1751033333333,0.616104900579097,57.5130555197378,24.900092,25.0617825456116,1.07333670516152,1.30468433747322
"5990534","2021-04-01",20.9702898827847,0.330650406504066,0.278373983739838,0.27457091237579,25.8561196482937,24.6088670183729,25.2324933333333,0.621846472549048,56.8800483314859,24.94316,25.08377153953,1.03597455240951,1.25094238046048
"5990533","2021-04-05",21.0729746633734,0.667475728155341,0.452085405320074,0.331237140526745,25.77465810785,24.8218285588166,25.2982433333333,0.832437912938419,60.7454715570473,25.00386,25.1402686675927,1.08391732862594,1.21753737009357
"5990532","2021-04-06",21.565379102179,0.621487603305786,0.539871245988398,0.423443545016103,25.8193925829036,24.854894083763,25.3371433333333,0.901787388657083,61.5970615265934,25.04814,25.197832845247,1.12911765831507,1.19985342773787
"5990531","2021-04-07",22.1007980654829,0.944080000000002,0.74434777715371,0.578768142820726,25.9373315892151,24.8019617441181,25.3696466666666,1.07580649702523,66.752544766404,25.108144,25.3048017992141,1.28621060297607,1.21712486278551
"5990530","2021-04-08",22.6795587821484,0.930232558139538,0.831933387148442,0.705384136763516,26.0391830739946,24.8007769260053,25.41998,1.0087345545102,66.974490591406,25.175344,25.4001615593189,1.39961643547148,1.25362317732271
"5990529","2021-04-09",22.6848480487765,0.821705426356591,0.89867266149871,0.824984608600286,26.0949878203886,24.8316455129447,25.4633166666666,0.861488197333757,63.7502311764488,25.250544,25.4641400180763,1.42770153477834,1.28843884881383
"5990528","2021-04-12",23.5505856826754,0.778562500000001,0.84350016149871,0.858035403381953,26.2070323631955,24.8099809701378,25.5085066666666,0.983370430528956,66.0826725341792,25.331172,25.5443480156662,1.49084672602589,1.32892042425624
"5990527","2021-04-13",24.4278266900185,0.835365853658539,0.81187792667171,0.851350249889709,26.296238640954,24.7664413590459,25.53134,0.989385102754439,67.5860940729359,25.386772,25.6304349469107,1.56119548728,1.37537543686099
"5990526","2021-04-14",25.2424076254086,0.841463414634147,0.818463922764229,0.824614003644882,26.4042858332126,24.7417641667873,25.573025,0.929252551156932,67.7100991337934,25.422372,25.7063769539893,1.60074230084684,1.42044880965816
"5990525","2021-04-15",25.782225730136,0.787671232876713,0.821500167056466,0.817280672164134,26.4787663203761,24.7236170129571,25.6011916666666,0.852567346104221,66.3434384321619,25.470372,25.7655266934574,1.597320505091,1.45582314874473
"5990524","2021-04-16",26.5862013838801,0.805666666666669,0.811600438059176,0.817188175959956,26.5671359231488,24.7081474101845,25.6376416666666,0.859348643276347,67.1781582959673,25.519116,25.8245898009964,1.59401351945416,1.48346122288662
"5990523","2021-04-19",27.2925531478581,0.800000000000001,0.797779299847794,0.810293301654478,26.6454839498221,24.7299760501778,25.68773,0.817898280022634,66.9184626303771,25.560316,25.8746444941969,1.57017362703025,1.50080370371534
"5990522","2021-04-20",26.8264163376876,0.568051519673291,0.724572728779987,0.777984155562318,26.6747413080403,24.7877186919596,25.73123,0.677759749039685,59.6184583360967,25.569916,25.8846918949706,1.45635147923751,1.49191325881978
"5990521","2021-04-21",26.3935750139579,0.646587607005421,0.671546375559571,0.73129946806245,26.6956033577272,24.868189975606,25.7818966666666,0.688665576914982,61.4308892500006,25.601516,25.9067329756412,1.38132133068878,1.46979487319358
"5990520","2021-04-22",25.9916509276374,0.608463476070531,0.607700867583081,0.667939990640879,26.7039186852946,24.9686346480386,25.8362766666666,0.68901228442042,62.5425439266798,25.623572,25.9340219122224,1.32557041604529,1.44094998176392
"5990519","2021-04-23",26.0120845606159,0.730603448275865,0.661884843783939,0.647044028975529,26.6901987575274,25.1180212424725,25.9041099999999,0.751809987236849,64.9952040303226,25.6535720000001,25.9761523239261,1.30919133510861,1.41459825243286
"5990518","2021-04-26",25.3099767712368,0.353548387096777,0.564205103814391,0.611263605060469,26.6976355667435,25.1868644332564,25.9422499999999,0.637159535335069,60.3639407909094,25.6929000000001,25.9925586807359,1.23495627752281,1.37866985745085
"5990517","2021-04-27",24.6580195382419,0.370967741935486,0.485039859102709,0.570376602233679,26.683673664381,25.2874330022855,25.9855533333333,0.622552893622638,60.5805792167777,25.7341,26.0082175233045,1.16597101495926,1.33613008895253
"5990516","2021-04-28",24.0526306790324,0.387096774193553,0.370537634408605,0.473260865775234,26.608195720258,25.4652442797419,26.0367199999999,0.581613266052617,60.794255174739,25.7769000000001,26.0231218535305,1.1016426323275,1.28923259762752
"5990515","2021-04-29",23.3820242391196,0.272727272727278,0.343597262952106,0.399724918821139,26.5523967277423,25.5978432722576,26.0751199999999,0.545270731654784,60.0926680877743,25.8237000000001,26.0333722730598,1.03251163110916,1.23788840432385
"5990514","2021-04-30",23.1412903704983,0.272727272727278,0.310850439882703,0.341661779081137,26.4706831896578,25.7561101436754,26.1133966666666,0.551224061051833,60.0926680877743,25.8749000000001,26.0422559699852,0.966552716925473,1.18362126684418
"5990513","2021-05-03",22.9177517782072,0.272727272727278,0.272727272727278,0.309058325187361,26.4139991241263,25.8649608758736,26.1394799999999,0.494875888260557,60.0926680877743,25.9057000000001,26.0499551739871,0.903836364710187,1.12766428641738
"5990512","2021-05-04",22.7101802282225,0.363636363636364,0.303030303030307,0.295536005213428,26.3592421509172,25.9635845157493,26.1614133333333,0.504852680270517,61.4806754410622,25.9448640000001,26.0632944841222,0.859680806745167,1.07406759048294
"5990511","2021-05-05",21.7461918271547,0.14545454545455,0.260606060606064,0.278787878787882,26.3561990203942,25.970954312939,26.1635766666666,0.248445603211259,56.4097291218853,25.9860640000001,26.0588552195726,0.778532553330957,1.01496058305254
"5990510","2021-05-06",20.2757721946327,0,0.169696969696971,0.244444444444446,26.3599768934025,25.9628431065974,26.1614099999999,0.110349613972309,51.4580707656034,26.0116440000001,26.0376745236296,0.666279678274351,0.945224402096902
"5990509","2021-05-07",18.9103825358623,0.140000000000002,0.0951515151515172,0.175151515151516,26.3475202510295,25.9827997489704,26.1651599999999,0.0334509602852378,53.8092773339485,26.041376,26.0286512538123,0.592203964792426,0.874620314636007
"5990508","2021-05-10",18.3631937777642,0.0400000000000065,0.0600000000000028,0.108282828282829,26.3499780980758,25.9636285685907,26.1568033333333,0.13728008973277,51.8764174281223,26.057876,26.0141644199706,0.512095194774531,0.802115290663712
"5990507","2021-05-11",17.1503937867188,0,0.0600000000000028,0.0717171717171732,26.3680090187183,25.8995976479483,26.1338033333333,-0.169931075365255,46.1621108244535,26.065396,25.9802758306412,0.394381584126058,0.720568549356181
"5990506","2021-05-12",17.7970220087785,0,0.0133333333333356,0.044444444444446,26.4567664217548,25.7288402449118,26.0928033333333,-0.360165064240612,34.8072729274203,26.038192,25.8922390532224,0.162136044210204,0.608882048326986
"5990505","2021-05-13",18.397462500691,0.118279569892473,0.0394265232974911,0.0375866188769421,26.4936405312256,25.6219661354409,26.0578033333333,-0.116977320813842,38.8564836882531,26.014592,25.8306071794594,0.0118133502357454,0.489468308708738
"5990504","2021-05-14",17.4174212841303,0.0752688172043017,0.0645161290322584,0.0390919952210273,26.486216903506,25.5584897631606,26.0223533333333,0.0411510042617033,37.93380678095,25.994992,25.7718595555315,-0.118750229064324,0.367824601154125
"5990503","2021-05-17",16.2967811996056,0.301182795698927,0.164910394265234,0.0896176821983267,26.4542045446987,25.5381754553013,25.99619,0.256787199687606,45.283291085259,25.976368,25.7489582814606,-0.15475514899157,0.263308651124986
"5990502","2021-05-18",15.2561868354041,0.666666666666671,0.347706093189966,0.192377538829152,26.4486135856853,25.5347664143146,25.99169,0.483560343781821,54.6410981141492,25.966368,25.7744305105992,-0.075865814617937,0.195473757976402
"5990501","2021-05-19",15.2989672818947,0.318387096774194,0.428745519713264,0.31378733572282,26.4434147181077,25.4923719485589,25.9678933333333,0.166513420684103,46.4829391196997,25.943012,25.7533197758526,-0.113550803116369,0.133668845757848
"5990500","2021-05-20",14.2271031305793,0.322111111111112,0.435721624850659,0.404057745917962,26.4232472689438,25.4697727310561,25.94651,0.279847293599472,46.3403136328247,25.921408,25.7341971390723,-0.14373806159873,0.0781874642865319
"5990499","2021-05-21",13.2318007043578,0.576333333333335,0.405610513739547,0.423359219434489,26.3741740491496,25.4764259508503,25.9253,0.444862038589969,52.1724863574767,25.906616,25.7481308538627,-0.0948132303121296,0.0435873253667996
"5990498","2021-05-24",12.3836137219756,0.555555555555559,0.484666666666669,0.441999601752291,26.3476545466682,25.4699987866651,25.9088266666666,0.398790994471105,51.6781083695492,25.891416,25.757713406681,-0.0612097360400909,0.0226279130854215
"5990497","2021-05-25",12.1234143495435,0.655555555555559,0.595814814814818,0.49536399840701,26.3222690527004,25.4737176139662,25.8979933333333,0.549503972003594,53.9402746359328,25.889816,25.7780182857902,-0.00632785617261655,0.0168367592338139
"5990496","2021-05-26",12.2136871792232,0.764044943820227,0.658385351643782,0.579622277708422,26.3084805405705,25.4775061260961,25.8929933333333,0.664874711279,56.1509524009493,25.887816,25.8076158476848,0.0645362218261614,0.0263766517522834
"5990495","2021-05-27",12.29751194964,0.842696629213486,0.754099042863091,0.669433069773896,26.301328303493,25.4798250298402,25.8905766666666,0.718408543322749,57.845629352088,25.8861600000001,25.8426004013268,0.140856199691575,0.0492725613401417
"5990494","2021-05-28",13.2769041163844,0.654356435643566,0.75369933622576,0.722061243577543,26.2926289634714,25.4832510365286,25.88794,0.758626606556191,54.935297032022,25.8753960000001,25.8610403478166,0.171466045648017,0.0737112582017166
"5990493","2021-06-01",16.3517931825958,0.462962962962964,0.653338675940005,0.720379018342951,26.4476780230702,25.3852019769297,25.91644,1.24375951301423,62.6393788887743,25.8842280000001,25.9222349681077,0.297874140707943,0.118543834702962
"5990492","2021-06-02",19.2999537609595,0.829493087557606,0.648937495388045,0.685325169184602,26.7783402551521,25.1695397448478,25.97394,1.33254158906251,74.625112993328,25.9274280000001,26.0912703056934,0.659563733811197,0.226747814524609
"5990491","2021-06-03",20.8648744142434,0.695852534562213,0.662769528360928,0.655015233229658,26.9392866988751,25.1012599677915,26.0202733333333,1.02940470535289,66.9185536710786,25.9586280000001,26.1991009316009,0.844923059122338,0.350382863444155
"5990490","2021-06-04",20.9374706136489,0.454053778253993,0.659799800124604,0.657168941291191,27.0051809833358,25.0960323499974,26.0506066666666,0.79475267500923,57.826301314493,25.9742280000001,26.2378874740541,0.85512554536149,0.451331399827622
"5990489","2021-06-07",20.6448303929802,0.389774883339318,0.513227065385174,0.611932131290234,27.0506507856199,25.10172921438,26.07619,0.720879420197922,55.4515365692043,25.9850280000001,26.2555024775136,0.816800099323256,0.524425139726749
"5990488","2021-06-08",20.3730930452165,0.425670478437005,0.423166380010105,0.532064415173293,27.0898184947139,25.109561505286,26.09969,0.695417397202833,56.5719215269244,25.9986280000001,26.2801021471784,0.79865188815027,0.579270489411453
"5990487","2021-06-09",19.7387832309386,0.364135172555255,0.393193511443859,0.443195652279712,27.1197420060618,25.1389713272715,26.1293566666666,0.643366756034642,54.0618100350985,26.0054280000001,26.285421860888,0.738878955904188,0.61119218271
"5990486","2021-06-10",18.9148571867466,0.244827586206896,0.344877745733052,0.387079212395671,27.1147208136712,25.226392519662,26.1705566666666,0.563606524554602,52.5143991774616,26.0140680000001,26.2801656127696,0.661181107432429,0.621189967654486
"5990485","2021-06-11",17.6068382087762,0.143678160919541,0.250880306560564,0.329650521245824,27.0999750392826,25.308471627384,26.2042233333333,0.493921306581035,48.9273880722408,26.0208680000001,26.252143531067,0.539349530419786,0.604821880207546
"5990484","2021-06-14",16.9800717952318,0.212121212121214,0.200208986415883,0.265322346236499,27.0977956823014,25.3899843176985,26.24389,0.585553945259066,52.6847343331398,26.0324680000001,26.253191060258,0.495475056764039,0.582952515518844
