"","Date","ADX","STOCHFK","STOCHFD","STOCHSD","BBandsUp","BbandsDn","BbandsMiddle","PercentB","RSI","SMA","EMA","MACD","Signal"
"9145247","2001-07-31",NA,NA,NA,NA,NA,NA,NA,NA,NA,NA,NA,NA,NA
"9145246","2001-08-01",NA,NA,NA,NA,NA,NA,NA,NA,NA,NA,NA,NA,NA
"9145245","2001-08-02",NA,NA,NA,NA,NA,NA,NA,NA,NA,NA,NA,NA,NA
"9145244","2001-08-03",NA,NA,NA,NA,NA,NA,NA,NA,NA,NA,NA,NA,NA
"9145243","2001-08-06",NA,NA,NA,NA,NA,NA,NA,NA,NA,NA,NA,NA,NA
"9145242","2001-08-07",NA,NA,NA,NA,NA,NA,NA,NA,NA,NA,NA,NA,NA
"9145241","2001-08-08",NA,NA,NA,NA,NA,NA,NA,NA,NA,NA,NA,NA,NA
"9145240","2001-08-09",NA,NA,NA,NA,NA,NA,NA,NA,NA,NA,NA,NA,NA
"9145239","2001-08-10",NA,NA,NA,NA,NA,NA,NA,NA,NA,NA,NA,NA,NA
"9145238","2001-08-13",NA,NA,NA,NA,NA,NA,NA,NA,NA,NA,NA,NA,NA
"9145237","2001-08-14",NA,NA,NA,NA,NA,NA,NA,NA,NA,NA,NA,NA,NA
"9145236","2001-08-15",NA,NA,NA,NA,NA,NA,NA,NA,NA,NA,NA,NA,NA
"9145235","2001-08-16",NA,NA,NA,NA,NA,NA,NA,NA,NA,NA,NA,NA,NA
"9145234","2001-08-17",NA,0,NA,NA,NA,NA,NA,NA,NA,NA,2.77571428571429,NA,NA
"9145233","2001-08-20",NA,0.0294117647058824,NA,NA,NA,NA,NA,NA,16.4473684210526,NA,2.69361904761905,NA,NA
"9145232","2001-08-21",NA,0.397058823529412,0.142156862745098,NA,NA,NA,NA,NA,38.3034379671151,NA,2.68913650793651,NA,NA
"9145231","2001-08-22",NA,0.601769911504425,0.342746833246573,NA,NA,NA,NA,NA,42.8141319407439,NA,2.70391830687831,NA,NA
"9145230","2001-08-23",NA,0.557522123893805,0.518783619642547,0.334562438544739,NA,NA,NA,NA,41.6431436340294,NA,2.71006253262787,NA,NA
"9145229","2001-08-24",NA,0.469026548672566,0.542772861356932,0.468101104748684,NA,NA,NA,NA,39.3264689748412,NA,2.70205419494415,NA,NA
"9145228","2001-08-27",NA,0.308411214953271,0.444986629173214,0.502181036724231,3.44485553886034,2.19514446113966,2.82,0.265279080450869,35.1185030368544,NA,2.6684469689516,NA,NA
"9145227","2001-08-28",NA,0.326530612244898,0.367989458623578,0.451916316384575,3.35680833279452,2.19685833387215,2.77683333333333,0.281456097042536,34.917323918201,NA,2.63798737309138,NA,NA
"9145226","2001-08-29",NA,0.301075268817204,0.312005698671791,0.374993928822861,3.28997935510212,2.18668731156454,2.73833333333333,0.262831003631947,34.0764215743423,NA,2.60625572334587,NA,NA
"9145225","2001-08-30",NA,0.150537634408602,0.259381171823568,0.313125443039646,3.22746487400976,2.16386845932357,2.69566666666667,0.178136059311242,31.2406131519105,NA,2.56008829356642,NA,NA
"9145224","2001-08-31",NA,0.247311827956989,0.232974910394265,0.268120593629875,3.19908562385307,2.13491437614693,2.667,0.24283587603352,34.9862631361993,NA,2.5320765210909,NA,NA
"9145223","2001-09-04",NA,0.258064516129032,0.218637992831541,0.236998025016458,3.15051335366301,2.12081997967032,2.63566666666667,0.280840906267433,35.4073006617899,2.6456,2.50913298494544,NA,NA
"9145222","2001-09-05",NA,0.258064516129032,0.254480286738351,0.235364396654719,3.0713501886224,2.13031647804427,2.60083333333333,0.314919843243803,35.4073006617899,2.6128,2.48924858695272,-6.84048811436159,NA
"9145221","2001-09-06",NA,0.258064516129032,0.258064516129032,0.243727598566308,2.9910911759171,2.1419088240829,2.5665,0.292153005042126,35.4073006617899,2.582,2.47201544202569,-6.67110589309475,NA
"9145220","2001-09-07",35.0734434946233,0.224719101123595,0.246949377793886,0.25316472688709,2.95028217129407,2.13538449537259,2.54283333333333,0.316541383762143,35.4073006617899,2.5536,2.4570800497556,-6.46726819520741,NA
"9145219","2001-09-10",34.7155976464564,0.164556962025317,0.215780193092648,0.240264695671855,2.90420345625906,2.13779654374094,2.521,0.372565519606588,37.0522623586519,2.5336,2.44813604312152,-6.13972765716349,NA
"9145218","2001-09-17",35.3721867470855,0,0.129758687716304,0.197496086200946,2.86318559880354,2.11781440119646,2.4905,0.154981749372307,30.1594144176374,2.5,2.40705123737198,-6.64009216932968,NA
"9145217","2001-09-18",36.5903805111571,0,0.0548523206751056,0.133463733828019,2.88069629525123,2.0406370380821,2.46066666666667,-0.0245661694767136,25.8150957279806,2.4548,2.34344440572238,-7.69053990292889,NA
"9145216","2001-09-19",38.8867500243906,0,-5.55111512312578e-17,0.0615370027971365,2.99861651348645,1.82171681984689,2.41016666666667,-0.264862690959586,17.2684945160211,2.3844,2.19898515162607,-10.8666182713645,NA
"9145215","2001-09-20",41.0190931438217,0.0979020979020978,0.0326340326340326,0.0291621177697127,3.08462247485292,1.64837752514708,2.3665,-0.126518013878917,23.0046647419597,2.3304,2.09245379807592,-12.9393861838786,NA
"9145214","2001-09-21",42.5183253045946,0.062937062937063,0.0536130536130536,0.0287490287490287,3.14756468038983,1.50910198627684,2.32833333333333,-0.0320027546544518,22.4071288900314,2.2736,1.99345995833247,-14.7756843573632,-8.78121230496578
"9145213","2001-09-24",40.3301304333176,0.37956204379562,0.18013373487826,0.0887936070417822,3.14435041348908,1.47898291984425,2.31166666666667,0.304847878176905,37.4535680623407,2.2332,1.96499863055481,-14.4304165897608,-9.91105316192478
"9145212","2001-09-25",37.4504508121709,0.55,0.330833035577561,0.188193274689625,3.09281280516259,1.47852052817074,2.28566666666667,0.471711029460066,44.2253783257926,2.2144,1.97366547981417,-12.998953234469,-10.5286331764336
"9145211","2001-09-26",34.8693807647633,0.528571428571428,0.486044490789016,0.332337087081613,3.01021899724747,1.4904476694192,2.25033333333333,0.451527795453323,43.6151317381933,2.2008,1.97717674917228,-11.8471890818606,-10.792344357519
"9145210","2001-09-27",32.7871960678609,0.457142857142857,0.511904761904762,0.44292742942378,2.9255869859056,1.49774634742773,2.21166666666667,0.396113523221008,41.5566918029122,2.1864,1.96688651594931,-11.212263306345,-10.8763281472842
"9145209","2001-09-28",30.8537388493087,0.521428571428571,0.502380952380952,0.500110068358243,2.84628576297681,1.50738090368985,2.17683333333333,0.417718823781597,44.1131451553785,2.1812,1.96996831382273,-10.2273634859933,-10.746535215026
"9145208","2001-10-01",28.9810316010333,0.521428571428571,0.5,0.504761904761905,2.80514840390837,1.50318492942497,2.15416666666667,0.437914284910791,44.1131451553785,2.1744,1.97263920531303,-9.33829583013204,-10.4648873380472
"9145207","2001-10-02",27.2794556359753,0.514285714285714,0.519047619047619,0.507142857142857,2.76040218549915,1.50159781450085,2.131,0.443597272431067,43.8658834733861,2.1472,1.97362064460463,-8.57497975903507,-10.0869058222448
"9145206","2001-10-03",25.6994208112787,0.514285714285714,0.516666666666667,0.511904761904762,2.71853128047991,1.49746871952008,2.108,0.425201757671172,43.8658834733861,2.1144,1.97447122532401,-7.87909797983785,-9.64534425376341
"9145205","2001-10-04",24.0006752851171,0.528571428571428,0.519047619047619,0.518253968253968,2.69310206424634,1.49223126908699,2.09266666666667,0.461694463563089,44.5863354381477,2.0844,1.97787506194748,-7.16352565482248,-9.14898053397523
"9145204","2001-10-05",23.2211919300353,0.621428571428571,0.554761904761905,0.53015873015873,2.67169455407455,1.49630544592545,2.084,0.615706364009243,49.1543741492313,2.0636,1.99815838702115,-6.00088046142059,-8.5193605194643
"9145203","2001-10-08",22.4973859574593,0.642857142857143,0.597619047619048,0.557142857142857,2.64847438636188,1.50219228030479,2.07533333333333,0.640744876397206,50.1751295078027,2.052,2.01973726875166,-4.90390757767144,-7.79626993110573
"9145202","2001-10-09",21.8252804114959,0.618320610687023,0.627535441657579,0.59330546467951,2.61854081277666,1.51045918722334,2.0645,0.631308016164734,50.1751295078027,2.0408,2.03843896625144,-3.99012250692448,-7.03504044626948
"9145201","2001-10-10",21.5336176745396,0.67175572519084,0.644311159578335,0.623155216284987,2.60252198319536,1.51581135013797,2.05916666666667,0.706279997496655,52.7424799314683,2.034,2.06398043741791,-2.95993523038055,-6.22001940309169
"9145200","2001-10-11",21.262787990223,0.454545454545455,0.581540596807772,0.617795732681229,2.58325989124058,1.52240677542608,2.05283333333333,0.701567333069628,50.7316532680828,2.0308,2.07944971242886,-2.31402854681571,-5.43882123183649
"9145199","2001-10-12",21.0565644726553,0.460526315789474,0.528942498508589,0.584931418298232,2.56490323840416,1.53009676159584,2.0475,0.760113047897482,53.4097242802236,2.0268,2.10218975077168,-1.5178122054436,-4.65461942655792
"9145198","2001-10-15",20.8650712063424,0.634920634920635,0.516664135085187,0.54238241013385,2.57832488375131,1.52634178291535,2.05233333333333,0.763945938338761,55.2796152261113,2.0244,2.12856445066879,-0.694030457701023,-3.86250163278654
"9145197","2001-10-16",20.839440890854,0.727272727272727,0.607573225994278,0.551059953196018,2.60868918316235,1.52797748350431,2.06833333333333,0.751377556801345,55.2796152261113,2.022,2.15142252391295,-0.046914079663396,-3.09938412216191
"9145196","2001-10-17",21.3021041491598,0.666666666666666,0.676286676286676,0.600174679122047,2.6065101281878,1.61915653847887,2.11283333333333,0.790844809458102,56.8851055024159,2.0212,2.17656618739122,0.601691456825515,-2.35916900636443
"9145195","2001-10-18",22.2877311720914,0.626865671641791,0.673601688527061,0.652487196936005,2.58477050711988,1.74256282621345,2.16366666666667,0.879558004413622,59.2484252616825,2.0228,2.20635736240573,1.31263367044796,-1.62480847100195
"9145194","2001-10-19",24.525622716906,0.508928571428571,0.600820303245676,0.650236222686471,2.58241391757564,1.87258608242436,2.2275,1.21261411328781,64.4890403113492,2.0292,2.25217638075163,2.37499936668752,-0.824846903464054
"9145193","2001-10-22",26.9299676106936,0.5,0.545264747690121,0.606562246487619,2.69480640437562,1.84486026229105,2.26983333333333,1.16298318457916,66.6447651755799,2.0484,2.30121952998475,3.39865851660075,0.019854180548907
"9145192","2001-10-23",29.1625735834963,0.793650793650793,0.600859788359788,0.582314946431862,2.86268390777623,1.7606494255571,2.31166666666667,1.19417065649302,75.3817018605407,2.0912,2.39439025932011,5.40021449867041,1.09592624417321
"9145191","2001-10-24",31.2777525178185,0.858407079646018,0.71735262443227,0.62115905349406,3.01688628457015,1.70378038209651,2.36033333333333,1.10137317575002,77.0829037685996,2.1648,2.48847155807743,7.13490331572166,2.3037216584829
"9145190","2001-10-25",33.9783270811637,0.607843137254902,0.753300336850571,0.690504249880877,3.17746352355937,1.66586980977396,2.42166666666667,1.0744488915337,76.5134996759295,2.2324,2.56867535033377,8.29570810521723,3.50211894782976
"9145189","2001-10-26",36.5387804957959,0.853503184713376,0.773251133871432,0.747968031718091,3.38600179698549,1.60833153634784,2.49716666666667,1.1072554758343,82.2898477242808,2.3184,2.69285197028927,10.2477386909191,4.85124289644763
"9145188","2001-10-29",37.0086800114757,0.664516129032258,0.708620817000178,0.745057429240727,3.5022794293216,1.62038723734507,2.56133333333333,0.922624280351578,69.3059675065961,2.3756,2.76180504091737,10.7167726849432,6.02434885414675
"9145187","2001-10-30",35.0990123968057,0.335483870967742,0.617834394904459,0.69990211525869,3.53346991441051,1.67953008558949,2.6065,0.692472985253387,53.3605639813871,2.4024,2.75356436879505,9.49228666115298,6.717936415548
"9145186","2001-10-31",33.3566577423249,0.52027027027027,0.506756756756757,0.611070656220465,3.58223930987022,1.74709402346311,2.66466666666667,0.780813370554582,59.6357456511572,2.4432,2.78908911962238,9.33363626398624,7.24107638523565
"9145185","2001-11-01",32.3389205819291,0.825174825174825,0.560309655470946,0.561633602377387,3.68910484141637,1.79089515858363,2.74,0.928473914493775,66.5938637818816,2.5064,2.8812105703394,10.3524840734371,7.86335792287594
"9145184","2001-11-02",30.9447381657125,0.748251748251748,0.697898947898948,0.588321786708883,3.77272367198084,1.83327632801916,2.803,0.849068512794528,63.7632236120139,2.5616,2.94638249429414,10.6725360816544,8.42519355463163
"9145183","2001-11-05",29.1795230078751,0.654676258992806,0.742700944139793,0.666969849169896,3.82024959189266,1.897417074774,2.85883333333333,0.757172684358907,60.7305151610959,2.612,2.98686482838826,10.4528866568188,8.83073217506907
"9145182","2001-11-06",27.2031962288005,0.526315789473684,0.643081265572746,0.694560385870496,3.83338073011129,1.98428593655538,2.90883333333333,0.662872486427539,57.0761672281835,2.6568,3.00194951793649,9.75682602247674,9.01595094455061
"9145181","2001-11-07",27.2540473936566,0,0.393664016155497,0.593148741956012,3.81511572015522,2.03988427984478,2.9275,0.347437732802901,43.8235430998646,2.6736,2.92168958221162,7.24000225169601,8.66076120597969
"9145180","2001-11-08",27.3012663324516,0.105263157894737,0.210526315789474,0.415757199172572,3.79150856047283,2.10415810619383,2.94783333333333,0.337318916586719,46.4991507782986,2.6952,2.87079763791674,5.54500173648769,8.03760931208129
"9145179","2001-11-09",26.7388615195454,0.172932330827068,0.0927318295739349,0.232307387172969,3.76826467012186,2.1744019965448,2.97133333333333,0.384138910002689,48.2069573154519,2.7152,2.83869128619451,4.39638095142494,7.30936363995002
"9145178","2001-11-12",26.2166284789897,0.195488721804511,0.157894736842105,0.153717627401838,3.74211665022793,2.23821668310541,2.99016666666667,0.311490121552145,48.7937228910999,2.7352,2.81486578136857,3.52812810100498,6.55311653216101
"9145177","2001-11-13",26.0208786796004,0.112781954887218,0.160401002506266,0.137009189640769,3.71413604895297,2.29886395104702,3.0065,0.25988127382985,46.7043928627085,2.7508,2.77955034385276,2.4907451783478,5.74064226139837
"9145176","2001-11-14",25.8391110087389,0.203007518796992,0.170426065162907,0.162907268170426,3.68723987213593,2.3590934611974,3.02316666666667,0.28177606704631,49.2570475418716,2.7684,2.76494363133906,1.99195043815743,4.99090389675018
"9145175","2001-11-15",25.5323467238542,0.284615384615385,0.200134952766532,0.176987340145235,3.6645840832329,2.4144159167671,3.0395,0.316424696967935,51.3482799019459,2.792,2.76561781382719,1.86778540269725,4.3662801979396
"9145174","2001-11-16",25.9853489025934,0.076923076923077,0.188181993445151,0.186247670458197,3.67210538729692,2.39522794603641,3.03366666666667,0.173422063445382,45.8535316892415,2.802,2.7302021053169,0.963198405462928,3.68566383944426
"9145173","2001-11-19",26.4059937828513,0.130769230769231,0.164102564102564,0.184139836771416,3.67945367851173,2.36921298815493,3.02433333333333,0.21175779423869,47.4243484240327,2.8128,2.70884182460798,0.443644916362729,3.03726005482796
"9145172","2001-11-20",26.7965926002336,0.230769230769231,0.146153846153846,0.166146134567187,3.6737942488543,2.34053908447903,3.00716666666667,0.294612958831745,50.3075549109482,2.8288,2.70766291466025,0.414747235712953,2.51275749100496
"9145171","2001-11-21",26.6185116778578,0.3,0.220512820512821,0.176923076923077,3.65866957895853,2.32333042104146,2.991,0.376935134898861,52.2594753456675,2.8468,2.71864119270555,0.652792576849337,2.14076450817383
"9145170","2001-11-23",26.453150821366,0.379310344827586,0.303359858532272,0.223342175066313,3.62461517413082,2.31271815920252,2.96866666666667,0.404464045647529,53.355657920695,2.8644,2.73482236701147,0.976869881906106,1.90798558292029
"9145169","2001-11-26",25.745335309341,0.388349514563106,0.355886619796898,0.293253099613997,3.52720437444691,2.33746229221975,2.93233333333333,0.430797326106842,52.3206503867343,2.8744,2.74351271807661,1.10091751425159,1.74657196918655
"9145168","2001-11-27",24.8173579841409,0.636363636363636,0.46800783191811,0.375751436749093,3.47298742450605,2.34867924216062,2.91083333333333,0.514082734237782,54.461136529697,2.8852,2.7630443556664,1.44517623652431,1.6862928226541
"9145167","2001-11-28",23.2364180941865,0.749999999999999,0.591571050308914,0.471821834007974,3.47861891902751,2.35004774763915,2.91433333333333,0.605443062003443,56.5612561823506,2.8844,2.79197177491088,1.95246763608532,1.73952778534034
"9145166","2001-11-29",21.7183605267257,0.738461538461538,0.708275058275058,0.589284646834027,3.46132378437888,2.35300954895445,2.90716666666667,0.616844118627068,56.5612561823506,2.8796,2.81704220492276,2.32070157651596,1.85576254357547
"9145165","2001-11-30",20.3598019771665,0.723076923076923,0.737179487179487,0.679008531921153,3.35414127558972,2.40785872441028,2.881,0.65745825579716,56.2271115549206,2.8748,2.83743657759973,2.54932358580424,1.99447475202122
"9145164","2001-12-03",19.8308669433762,0.492307692307692,0.651282051282051,0.698912198912199,3.23727153062861,2.46606180270472,2.85166666666667,0.554027672574663,51.3287373448142,2.8476,2.83511170058643,2.27610819506601,2.05080144063018
"9145163","2001-12-04",19.2791145463455,0.661538461538461,0.625641025641026,0.671367521367521,3.14823459318442,2.51676540681558,2.8325,0.717746175059895,54.4617937602629,2.8364,2.84776347384157,2.34459938974358,2.10956103045286
"9145162","2001-12-05",18.3376802355645,0.646153846153846,0.6,0.625641025641026,3.096,2.54666666666667,2.82133333333333,0.800970873786409,54.1207177705876,2.8452,2.8573950106627,2.34206463908184,2.15606175217866
"9145161","2001-12-06",17.4634912326963,0.846153846153845,0.717948717948718,0.647863247863248,3.12674256944911,2.55759076388422,2.84216666666667,0.906159946092467,57.8190318119746,2.8464,2.88307567590767,2.67223481611103,2.25929636496513
"9145160","2001-12-07",16.6517443014617,0.827586206896551,0.773297966401414,0.697082228116711,3.1526320021391,2.57170133119424,2.86216666666667,0.863497190332908,57.8190318119746,2.8292,2.90533225245331,2.89493932191678,2.38642495635546
"9145159","2001-12-10",16.4832961108566,0.555555555555555,0.743098536201984,0.744781740184039,3.16661753179741,2.57871580153593,2.87266666666667,0.710919603765835,53.9399934436648,2.8124,2.91128795212621,2.75966097668876,2.46107216042212
"9145158","2001-12-11",16.3268799338661,0.583333333333333,0.655491698595147,0.723962733732848,3.17813582211447,2.59819751121886,2.88816666666667,0.721575291002171,55.545898211634,2.8024,2.92311622517605,2.75797969681026,2.52045366769975
"9145157","2001-12-12",15.7882275701066,0.3,0.47962962962963,0.626073288142253,3.18931095544222,2.62702237789111,2.90816666666667,0.781883727196281,53.5357665645639,2.7964,2.92670072848591,2.58802382885979,2.53396769993176
"9145156","2001-12-13",15.6112238140237,0.696428571428571,0.526587301587301,0.553902876604026,3.23913664335651,2.62853002331015,2.93383333333333,1.01233203680232,60.8579697504259,2.828,2.96180729802112,3.07321960486067,2.64181808091754
"9145155","2001-12-14",14.9720555592141,0.555555555555556,0.517328042328043,0.507848324514991,3.26997114244582,2.63469552422085,2.95233333333333,0.858374633206914,57.9876518214654,2.8512,2.98289965828497,3.22274637354509,2.75800373944305
"9145154","2001-12-17",14.4401626064428,0.240740740740741,0.497574955908289,0.513830099941211,3.25143857661775,2.69389475671558,2.97266666666667,0.590874770480923,51.6201722816515,2.864,2.97851303718031,2.84732972648929,2.7758689368523
"9145153","2001-12-18",14.4596126949689,0.055555555555556,0.283950617283951,0.432951205173428,3.2235295377373,2.7504704622627,2.987,0.386553985645823,48.2629386910314,2.8716,2.96137796555627,2.25270217584108,2.67123558465006
"9145152","2001-12-19",14.4776734914574,0.055555555555556,0.117283950617285,0.299603174603175,3.20497328888318,2.78902671111681,2.997,0.346935471837381,48.2629386910314,2.8836,2.94652757014876,1.76026034788459,2.48904053729696
"9145151","2001-12-20",14.4944442310538,0.055555555555556,0.0555555555555562,0.152263374485597,3.19789993199591,2.80576673467076,3.00183333333333,0.299812919346106,48.2629386910314,2.8908,2.93365722746226,1.35367878547088,2.26196818693175
"9145150","2001-12-21",15.097730477408,0,0.0370370370370375,0.069958847736626,3.19789993199591,2.80576673467076,3.00183333333333,0.0958006078516887,44.3042258679195,2.8896,2.90783626380063,0.717839540780218,1.95314245770144
"9145149","2001-12-24",15.6579248490226,0.112903225806451,0.0561529271206693,0.0495818399044209,3.19568742679387,2.81031257320613,3.003,0.163531064729574,47.2683839095832,2.902,2.89479142862721,0.40158269029551,1.64283050422025
"9145148","2001-12-26",16.1781053369505,0.112903225806451,0.0752688172043011,0.0561529271206692,3.19856888345826,2.8020977832084,3.00033333333333,0.179674004183501,47.2683839095832,2.9116,2.88348590481025,0.148409817199324,1.34394636681607
"9145147","2001-12-27",17.0005791030553,0.0161290322580642,0.0806451612903225,0.0706889685384309,3.20444844944218,2.77288488389115,2.98866666666667,0.0628299473664426,44.8932778685492,2.9136,2.86568778416888,-0.219434720323886,1.03127014938808
"9145146","2001-12-28",16.1110997145699,0,0.043010752688172,0.0663082437275985,3.20325146767535,2.75374853232465,2.9785,0.177050681430123,42.9562236269526,2.91,2.84359607961303,-0.647489364752285,0.695518246560005
"9145145","2001-12-31",15.2851545681191,0.0757575757575755,0.0306288693385467,0.0514282611056803,3.20063792925466,2.73669540407867,2.96866666666667,0.20829720064571,45.4891808606419,2.9064,2.83111660233129,-0.837155348533625,0.388983527541279
"9145144","2002-01-02",14.8855210486555,0.439393939393939,0.171717171717172,0.0817855979146301,3.2076092441382,2.74472408919513,2.97616666666667,0.645104387015671,55.6654353155139,2.914,2.85230105535379,-0.300787971271821,0.251029227778659
"9145143","2002-01-03",13.9460324294733,0.318181818181818,0.277777777777778,0.160041272944499,3.20846778033526,2.74553221966474,2.977,0.520881235938466,52.1693342945959,2.9148,2.85999424797328,-0.102918916146155,0.180239598993696
"9145142","2002-01-04",13.0736501402326,0.5,0.419191919191919,0.28956228956229,3.21208117017732,2.74658549648934,2.97933333333333,0.616005374598169,55.5514840585792,2.9156,2.87866168157685,0.302897365553823,0.204771152305722
"9145141","2002-01-07",12.3790819807148,0.531914893617021,0.45003223726628,0.382333978078659,3.20465574937586,2.74667758395747,2.97566666666667,0.553132081768797,53.2967301297193,2.9144,2.8881734573666,0.47715126799619,0.259247175443815
"9145140","2002-01-08",11.7341258325911,0.555555555555555,0.529156816390859,0.466126990949686,3.19692863065623,2.74707136934376,2.972,0.562241965192047,53.2967301297193,2.9136,2.89641699638439,0.607568749360299,0.328911490227112
"9145139","2002-01-09",11.5133234616319,0.444444444444444,0.51063829787234,0.496609117176493,3.195,2.74566666666667,2.97033333333333,0.484421364985165,50.9006771668057,2.9168,2.8968947301998,0.564848719070454,0.37609893599578
"9145138","2002-01-10",10.9586374771989,0.666666666666666,0.555555555555555,0.531783556606251,3.19772958809441,2.74560374523893,2.97166666666667,0.658510440841081,55.2352535155947,2.9196,2.91064209950649,0.799466665019444,0.460772481800513
"9145137","2002-01-11",11.1751428016095,0.583333333333333,0.564814814814814,0.543669556080903,3.20841427167639,2.7415857283236,2.975,0.839168064138012,57.2666414515635,2.9248,2.92922315290563,1.10893824691889,0.590405634824188
"9145136","2002-01-14",10.5805256647234,0.416666666666667,0.555555555555555,0.558641975308642,3.1667659799205,2.76390068674616,2.96533333333333,0.718435297085568,52.1677739776937,2.9208,2.93199339918488,1.06526761953716,0.685378031766782
"9145135","2002-01-15",9.95187346860987,0.4,0.466666666666666,0.529012345679012,3.13195052866203,2.7793828046713,2.95566666666667,0.587926369575499,51.6723071906159,2.9164,2.93306094596023,0.99166362824108,0.746635151061642
"9145134","2002-01-16",9.42606233318644,0.333333333333333,0.383333333333333,0.468518518518518,3.12553065691367,2.77846934308633,2.952,0.494237329485261,49.6413512085383,2.9144,2.9286528198322,0.813912683074181,0.76009065746415
"9145133","2002-01-17",8.93780913600754,0.333333333333333,0.355555555555555,0.401851851851851,3.12563168075052,2.77870165258281,2.95216666666667,0.455322402958712,49.6413512085382,2.9104,2.92483244385457,0.665335838391456,0.741139693649611
"9145132","2002-01-18",9.25469801424314,0.0909090909090905,0.252525252525252,0.33047138047138,3.1261375289345,2.77152913773216,2.94883333333333,0.268288995113536,44.5629609469055,2.9044,2.9081881180073,0.267618392745317,0.646435433468752
"9145131","2002-01-22",10.2663278794077,0,0.141414141414141,0.249831649831649,3.13350571957879,2.74982761375454,2.94166666666667,0.0786398436278815,39.7461963690256,2.8844,2.87909636893966,-0.352953285067992,0.446557689761403
"9145130","2002-01-23",11.2056984684891,0.0327868852459016,0.0412319920516641,0.145057128663686,3.14181568870738,2.73251764462595,2.93716666666667,0.0508570441720546,40.9949944718307,2.868,2.85655018641437,-0.784464581217337,0.200353235565655
"9145129","2002-01-24",11.7661299692429,0.131147540983607,0.0546448087431694,0.0790969807363248,3.14485273523075,2.72248059810258,2.93366666666667,0.191425352487725,44.6980014231691,2.8608,2.84501016155912,-0.948155904809067,-0.0293485925092891
"9145128","2002-01-25",12.3590322354352,0.114754098360655,0.0928961748633879,0.0629243252194071,3.14817575623097,2.71115757710236,2.92966666666667,0.188037386441971,44.2001238191741,2.8572,2.83367547335124,-1.09478324857089,-0.242435523721608
"9145127","2002-01-28",13.3375103905702,0.0163934426229512,0.0874316939890711,0.0783242258652094,3.15408124312478,2.69891875687521,2.9265,0.082932822743117,41.2324921017964,2.8512,2.81585207690441,-1.3683015860673,-0.467608736190747
"9145126","2002-01-29",14.8164931347915,0,0.0437158469945355,0.0746812386156648,3.17448658659356,2.65884674673977,2.91666666666667,-0.043014674892833,37.1980571478661,2.8416,2.78840513331715,-1.82706147891839,-0.739499284736275
"9145125","2002-01-30",16.0676839770559,0,0.00546448087431706,0.0455373406193079,3.18987335210891,2.62412664789109,2.907,0.0280573479095388,37.1980571478661,2.8364,2.7646177822082,-2.17143829293369,-1.02588708637576
"9145124","2002-01-31",16.6219028710173,0,-5.78241158658936e-18,0.0163934426229508,3.18391834082135,2.59074832584532,2.88733333333333,0.0998898674220373,36.7348784285126,2.828,2.74266874458044,-2.45032005377854,-1.31077367985632
"9145123","2002-02-01",15.8689446585134,0.151515151515152,0.0505050505050505,0.0186565104597892,3.17327225975764,2.58206107357569,2.87766666666667,0.357354976860369,44.2153311593268,2.8236,2.73697957863638,-2.3519745448826,-1.51901385286157
"9145122","2002-02-04",15.3368045498583,0,0.0505050505050505,0.0336700336700337,3.15898366696345,2.56034966636988,2.85966666666667,0.188735799923535,37.5256622940314,2.816,2.71338230148486,-2.65989942141067,-1.74719096657139
"9145121","2002-02-05",14.8426744489642,0,0.0505050505050505,0.0505050505050505,3.15340313823709,2.52459686176291,2.839,0.0987105364974986,37.5256622940314,2.8104,2.69293132795355,-2.87584677329892,-1.9729221279169
"9145120","2002-02-06",16.0834071338692,0,-9.25185853854297e-18,0.0336700336700337,3.17064256624866,2.44569076708467,2.80816666666667,-0.0860159721284169,27.0252825244941,2.7904,2.63387381755974,-3.95147219903906,-2.36863214214133
"9145119","2002-02-07",17.2355160555667,0,-9.25185853854297e-18,0.0168350168350168,3.18785843378269,2.36447489955065,2.77616666666667,-0.0499664670312905,27.0252825244941,2.7608,2.58269064188511,-4.77910750068619,-2.8507272138503
"9145118","2002-02-08",16.9661241354792,0.219178082191781,0.0730593607305936,0.0243531202435312,3.15928074819049,2.33738591847618,2.74833333333333,0.181629988160868,37.4946715520693,2.7408,2.55966522296709,-4.89443544996554,-3.25946886107335
"9145117","2002-02-11",16.643816600241,0.315068493150685,0.178082191780822,0.0837138508371385,3.09880674753707,2.33819325246293,2.7185,0.260938591661971,41.4521845637854,2.72,2.54904319323815,-4.71491039145782,-3.55055716715024
"9145116","2002-02-12",15.9770646113156,0.342465753424657,0.292237442922374,0.181126331811263,3.046945319334,2.34138801399933,2.69416666666667,0.319291786739388,42.5709867418139,2.702,2.5425041008064,-4.45933312947959,-3.73231235961611
"9145115","2002-02-13",14.8738123492404,0.506849315068493,0.388127853881278,0.286149162861492,3.00476148340795,2.35223851659205,2.6785,0.492082015608006,48.882689491591,2.6888,2.55283688736554,-3.83198169522089,-3.75224622673707
"9145114","2002-02-14",14.749855065106,0.287671232876712,0.378995433789954,0.353120243531202,2.96405821861269,2.35327511472064,2.65866666666667,0.327543799653059,42.2199038239036,2.6712,2.5404586357168,-3.79782740260566,-3.76136246191079
"9145113","2002-02-15",14.6347518726954,0.287671232876712,0.360730593607306,0.375951293759513,2.9223749727352,2.34929169393146,2.63583333333333,0.228079078386966,42.2199038239036,2.6496,2.52973081762123,-3.73004855582464,-3.75509968069356
"9145112","2002-02-19",15.5495239671587,0.013698630136986,0.19634703196347,0.312024353120243,2.89706841284155,2.32693158715845,2.612,0.110619784585894,35.253851919254,2.618,2.49376670860507,-4.27405055727076,-3.858889856009
"9145111","2002-02-20",16.5764732218798,0,0.100456621004566,0.219178082191781,2.88866383471269,2.29033616528731,2.5895,0.0662911590747273,34.0440201505122,2.5888,2.45726448079106,-4.79575174990682,-4.04626223478856
"9145110","2002-02-21",17.5300689584065,0.0263157894736842,0.0133381398702235,0.103380597612753,2.88202760048317,2.25097239951683,2.5665,0.0671271447436555,35.2406925970187,2.5608,2.42829588335225,-5.09908145129971,-4.25682607809079
"9145109","2002-02-22",18.6067814645779,0,0.00877192982456149,0.0408555635664503,2.8633519511865,2.21431471548016,2.53883333333333,0.0549818755483326,33.9153384268188,2.5328,2.39785643223862,-5.4225940163583,-4.48997966574429
"9145108","2002-02-25",19.7968308712323,0,0.00877192982456149,0.0102939998397821,2.84177358900193,2.17789307766474,2.50983333333333,0.0533834855269575,32.5951813772346,2.5032,2.36614224127347,-5.76141995102773,-4.74426772280098
"9145107","2002-02-26",20.6030132604352,0,8.44232091642046e-17,0.00584795321637425,2.82132390001633,2.147009433317,2.48416666666667,0.113187398143668,32.5951813772346,2.4776,2.33865660910367,-5.97463527193432,-4.99034123262765
"9145106","2002-02-27",20.4158571478679,0.14516129032258,0.0483870967741935,0.0190530088662516,2.80522897544651,2.13110435788682,2.46816666666667,0.27526410391535,38.8104329131004,2.46,2.32683572788985,-5.77428634864803,-5.14713025583173
"9145105","2002-02-28",19.0407709875543,0.0322580645161291,0.0591397849462366,0.03584229390681,2.78517631564947,2.12015701768386,2.45266666666667,0.315544199932361,36.0278606401566,2.4388,2.30725763083787,-5.79658419148782,-5.27702104296294
"9145104","2002-03-01",17.7639052672631,0.0645161290322581,0.0806451612903226,0.0627240143369175,2.76382223041571,2.10084443625096,2.43233333333333,0.214922578608971,37.4086546416084,2.416,2.29295661339282,-5.68472086460111,-5.35856100729058
"9145103","2002-03-04",17.7992855160194,0.0967741935483872,0.0645161290322582,0.068100358422939,2.6986399738523,2.11902669281437,2.40883333333333,0.352487852164306,38.8305168502134,2.3944,2.28322906494044,-5.46629329829275,-5.38010746549101
"9145102","2002-03-05",18.3746975970591,0.387096774193548,0.182795698924731,0.109318996415771,2.66493912573645,2.13339420759688,2.39916666666667,0.652072441245897,49.8683206654429,2.3824,2.29879852294838,-4.60647054427794,-5.2253800812484
"9145101","2002-03-06",19.3098254466855,0.586206896551723,0.35669262143122,0.201334816462736,2.66306031258124,2.13427302075209,2.39866666666667,0.836619284824861,54.7531397755706,2.378,2.32562538655527,-3.53647501776178,-4.88759906855107
"9145100","2002-03-07",20.222091777467,0.672413793103447,0.548572487949573,0.362686936101841,2.69042428624789,2.12990904708544,2.41016666666667,0.862464126702873,57.0087842420388,2.3756,2.35554200168123,-2.4922285819077,-4.4085249712224
"9145099","2002-03-08",21.0691962274785,0.724137931034482,0.660919540229884,0.522061549870225,2.71772120357878,2.13294546308789,2.42533333333333,0.844291528175102,58.3504024463103,2.3748,2.3854697347904,-1.55113699403934,-3.83704737578579
"9145098","2002-03-11",20.5817383745462,0.46551724137931,0.620689655172413,0.61006056111729,2.71772120357878,2.13294546308789,2.42533333333333,0.604883511894403,49.9559706442434,2.364,2.39140710348501,-1.29913118593888,-3.32946413781641
"9145097","2002-03-12",19.1900170723006,0.189655172413793,0.459770114942528,0.580459770114942,2.70615865100014,2.12050801566653,2.41333333333333,0.300791359851925,42.8711901866502,2.3524,2.37521948968701,-1.62082169944926,-2.98773565014298
"9145096","2002-03-13",17.9315486202047,0.172413793103448,0.275862068965517,0.452107279693486,2.68792746000029,2.1120725399997,2.4,0.326345149573619,42.4658279461079,2.3404,2.35985689106208,-1.89152054173214,-2.76849262846081
"9145095","2002-03-14",17.9759558992314,0,0.120689655172414,0.285440613026819,2.6431848603906,2.11948180627607,2.38133333333333,0.344695705525627,38.1883656334366,2.3364,2.3318759722538,-2.46032837540791,-2.70685977785023
"9145094","2002-03-15",17.7404709739168,0,0.0574712643678159,0.151340996168582,2.6239025458385,2.1040974541615,2.364,0.197322446716054,36.7391670807612,2.3308,2.30229250928663,-3.02589901151294,-2.77066762458277
"9145093","2002-03-18",17.450367867674,0,1.01770443923973e-16,0.0593869731800764,2.61375651239202,2.08591015427464,2.34983333333333,0.209827179232701,36.3676009122091,2.3184,2.27532017471508,-3.48049753615794,-2.91263360689781
"9145092","2002-03-19",16.9650315450386,0,1.01770443923973e-16,0.0191570881226052,2.64694078057219,2.00672588609447,2.32683333333333,-0.119843956703112,27.6379730817648,2.2916,2.21327748475307,-4.84575266261162,-3.29925741804057
"9145091","2002-03-20",16.0977253027195,0.193548387096774,0.0645161290322581,0.0215053763440859,2.65261548169634,1.97538451830366,2.314,0.144631330113714,37.643143303881,2.2712,2.18350715345266,-5.2434524758573,-3.68809642960392
"9145090","2002-03-21",15.2923695062804,0.247311827956989,0.146953405017921,0.0704898446833929,2.65601388861489,1.95198611138511,2.304,0.200769382288298,40.1198732330327,2.248,2.16437286632564,-5.32341470555436,-4.01516008479401
"9145089","2002-03-22",14.8830391821901,0.182795698924731,0.207885304659498,0.139784946236559,2.66175573893103,1.92724426106897,2.2945,0.180740183009044,38.1611124805336,2.2288,2.13978981748222,-5.55593263737282,-4.32331459530977
"9145088","2002-03-25",14.2986088939097,0.247311827956989,0.225806451612903,0.193548387096774,2.66384694382625,1.91481972284041,2.28933333333333,0.260578349746356,41.2500831261431,2.212,2.12648450848459,-5.45883909438843,-4.5504194951255
"9145087","2002-03-26",14.2455134218844,0.376344086021505,0.268817204301075,0.234169653524492,2.66521710968743,1.91844955697924,2.29183333333333,0.475226561554654,46.9569207997435,2.208,2.13095324068664,-4.8724806242096,-4.61483172094232
"9145086","2002-03-27",14.4387665018392,0.615384615384615,0.413013509787703,0.30254572190056,2.67562916664371,1.91937083335629,2.2975,0.675204680950794,55.1647864292427,2.214,2.16282614192843,-3.57666336057765,-4.40719804886939
"9145085","2002-03-28",14.8589832213088,0.683544303797468,0.558424335067863,0.41341834971888,2.685228789436,1.92010454389733,2.30266666666666,0.670778363682197,54.3029588476525,2.2184,2.18778265633797,-2.6007007477821,-4.04589858865193
"9145084","2002-04-01",14.6223200099976,0.569620253164556,0.622849724115547,0.531429189657037,2.68938349008565,1.92561650991434,2.3075,0.542552245441027,50.4810197335829,2.2208,2.19741163549291,-2.13613419310846,-3.66394570954324
"9145083","2002-04-02",14.909727479879,0.683544303797468,0.645569620253164,0.608947893145524,2.69878577820685,1.92721422179315,2.313,0.655958747225791,53.9699060237259,2.2284,2.21775675076052,-1.42399890308011,-3.21595634825061
"9145082","2002-04-03",14.5022934958665,0.556962025316455,0.60337552742616,0.623931623931623,2.68376666079191,1.92723333920808,2.3055,0.532384561659108,49.773696263791,2.232,2.22205585065912,-1.21006537188814,-2.81477815297812
"9145081","2002-04-04",14.1239619392835,0.746835443037974,0.662447257383966,0.637130801687763,2.66047086666072,1.93586246667261,2.29816666666667,0.681937351727495,55.3781013162927,2.238,2.2457817372379,-0.494691279896209,-2.35076077836174
"9145080","2002-04-05",13.8319529921884,0.810126582278481,0.70464135021097,0.656821378340365,2.63268369045859,1.94898297620807,2.29083333333333,0.757178805972268,57.0966161031493,2.2488,2.27301083893951,0.241629105955887,-1.83228280149821
"9145079","2002-04-08",12.9576936668992,0.658227848101265,0.738396624472573,0.70182841068917,2.58757441988759,1.96975891344574,2.27866666666667,0.669414114044286,51.9276918105928,2.254,2.28060939374758,0.392165621167617,-1.38739311696505
"9145078","2002-04-09",12.1458814362734,0.677419354838709,0.715257928406152,0.719431967696565,2.57557352585423,1.97442647414577,2.275,0.730115631342099,54.5145001376612,2.2612,2.2965281412479,0.747948746013893,-0.960324744369258
"9145077","2002-04-10",11.7335676213253,0.596774193548387,0.64414046549612,0.699265006124949,2.58350872133615,1.97515794533051,2.27933333333333,0.670954002364973,52.3476776115317,2.2592,2.30365772241485,0.843457583980323,-0.599568278699342
"9145076","2002-04-11",11.5542623006325,0.548387096774193,0.60752688172043,0.655641758540901,2.58715352763162,1.97617980570171,2.28166666666667,0.606387554271046,51.0368926029939,2.252,2.30583669275954,0.804800526596594,-0.318694517640155
"9145075","2002-04-12",12.1942315436671,0.267857142857142,0.471006144393241,0.574224497203264,2.58447367352256,1.97252632647744,2.2785,0.431638998787509,45.6970440943935,2.2376,2.2903918003916,0.315221510768238,-0.191911311958476
"9145074","2002-04-15",14.0597068730371,0,0.272081413210445,0.450204813108038,2.59483452624185,1.94283214042481,2.26883333333333,0.108130268296754,36.7728110209072,2.2108,2.23967289367272,-1.06344727278418,-0.366218504123617
"9145073","2002-04-16",14.1586622002252,0.202898550724637,0.15691856452726,0.300002040710315,2.5948093528613,1.94152398047203,2.26816666666667,0.370143528511788,42.7889442506606,2.1956,2.21438317451636,-1.65168144000708,-0.623311091300309
"9145072","2002-04-17",14.250549289757,0.420289855072464,0.207729468599034,0.212243148778913,2.57173967650397,1.99526032349603,2.2835,0.418759738594337,48.448740048542,2.1928,2.21246541791418,-1.5570478512989,-0.810058443300027
"9145071","2002-04-18",13.7013532056239,0.492753623188405,0.371980676328502,0.245542903151599,2.56665746405681,2.02334253594319,2.295,0.51533794288014,50.2166822596798,2.1924,2.21747002885895,-1.28489717627454,-0.905026189894929
"9145070","2002-04-19",13.2893850572156,0.710144927536231,0.541062801932367,0.373590982286634,2.57855154732239,2.04878178601094,2.31366666666667,0.788804705691857,55.1824132295767,2.2024,2.24180735834442,-0.520867645676448,-0.828194481051233
"9145069","2002-04-22",12.3549711605288,0.565217391304347,0.589371980676328,0.500805152979066,2.56757074422485,2.09042925577515,2.329,0.578942342216041,51.4947145315374,2.21,2.24956637723183,-0.275167792209852,-0.717589143282957
"9145068","2002-04-23",11.9699337662941,0.420289855072464,0.565217391304347,0.565217391304347,2.5555167932473,2.11881654008603,2.33716666666667,0.353828036802717,48.0375483288372,2.214,2.24295752693426,-0.434440232396593,-0.660959361105684
"9145067","2002-04-24",11.5539599482578,0.565217391304347,0.516908212560386,0.557165861513687,2.55704699027407,2.12428634305926,2.34066666666667,0.50616198973689,51.5411550090164,2.2336,2.25056319000969,-0.199428299947557,-0.568653148874059
"9145066","2002-04-25",10.7583915819225,0.565217391304347,0.516908212560386,0.533011272141707,2.55064658225601,2.12468675107732,2.33766666666667,0.575907001004915,51.5411550090164,2.246,2.25715476467506,-0.0135396711225311,-0.457630453323753
"9145065","2002-04-26",10.2467604795975,0.492753623188405,0.541062801932367,0.524959742351046,2.53989231675674,2.12210768324325,2.331,0.425799089977784,49.6017776361625,2.2544,2.25620079605172,-0.0445214491138657,-0.375008652481776
"9145064","2002-04-29",10.266603809514,0.36231884057971,0.473429951690821,0.510466988727858,2.53918094448735,2.11115238884598,2.32516666666667,0.262087524322436,46.2297804968153,2.2616,2.24337402324483,-0.387401698998036,-0.377487261785028
"9145063","2002-04-30",10.5986412259805,0.27536231884058,0.376811594202899,0.463768115942029,2.52937554034515,2.09562445965485,2.3125,0.194525256769088,44.0784379024602,2.264,2.22425748681218,-0.868433951259717,-0.475676599679966
"9145062","2002-05-01",10.906961684128,0.27536231884058,0.304347826086957,0.384863123993559,2.53138374228979,2.07561625771021,2.3035,0.163205460693201,44.0784379024602,2.2616,2.20768982190389,-1.2396400216084,-0.628469284065653
"9145061","2002-05-02",10.8216122335243,0.27536231884058,0.27536231884058,0.318840579710145,2.51788943142296,2.0627772352437,2.29033333333333,0.228272132223951,44.0784379024602,2.2508,2.19333117898337,-1.51972765245858,-0.806720957744238
"9145060","2002-05-03",10.3091697299725,0.109090909090909,0.21993851559069,0.266549553506075,2.4927633528462,2.06056998048713,2.27666666666667,0.307185073481188,44.614954376843,2.2412,2.18222035511892,-1.68791827050517,-0.982960420296425
"9145059","2002-05-06",9.90094362854966,0,0.128151075977163,0.207817303469477,2.4811767283511,2.05048993831557,2.26583333333333,0.269747600899289,44.1587024051293,2.2348,2.17125764110307,-1.83902440652637,-1.15417321754241
"9145058","2002-05-07",9.52187653437127,0,0.0363636363636365,0.128151075977163,2.46477906892481,2.03688759774186,2.25083333333333,0.178656834126968,44.1587024051293,2.2248,2.16175662228932,-1.93823252816155,-1.31098507966624
"9145057","2002-05-08",9.84311527813373,0.04,0.0133333333333334,0.0592826818913774,2.44763189107235,2.03470144226098,2.24116666666667,0.376088898714176,45.4525936343166,2.2196,2.15618907265075,-1.92110611026741,-1.43300928578648
"9145056","2002-05-09",9.33076281520241,0,0.0133333333333334,0.0210101010101009,2.43716720171146,2.02183279828854,2.2295,0.220305696544046,37.4989672931079,2.2016,2.12869719629732,-2.52151567816717,-1.65071056426262
"9145055","2002-05-10",9.16304479434556,0,0.0133333333333334,0.0133333333333332,2.45526295264329,1.97540371402337,2.21533333333333,-0.0459934474816276,35.5297036395578,2.1796,2.09820423679101,-3.16384262640023,-1.95333697669014
"9145054","2002-05-13",9.13174530482075,0,1.04083408558608e-16,0.00888888888888877,2.46621094728469,1.9567890527153,2.2115,-0.0395004342434998,34.7437340826175,2.1616,2.06911033855221,-3.72151334385178,-2.30697225012247
"9145053","2002-05-14",10.1969732010771,0,1.04083408558608e-16,0.00444444444444432,2.50949018823191,1.87250981176808,2.191,-0.155697855223305,28.0591631332824,2.1328,2.01722896007858,-4.91808794704113,-2.8291953895062
"9145052","2002-05-15",11.186113390458,0.0131578947368421,0.00438596491228081,0.00146198830409345,2.53990194793109,1.7920980520689,2.166,-0.0741255638128605,28.7968145078964,2.1064,1.9735984320681,-5.79862998548724,-3.42308230870241
"9145051","2002-05-16",11.5394394121887,0.0921052631578948,0.0350877192982457,0.013157894736842,2.54119358777092,1.74047307889574,2.14083333333333,0.0743416965651104,33.2211737760733,2.0836,1.94378530779235,-6.20540123838231,-3.97954609463839
"9145050","2002-05-17",11.7078578219221,0.105263157894737,0.0701754385964913,0.0365497076023391,2.50343577331006,1.71289756002327,2.10816666666667,0.127047335121833,33.957730811104,2.0664,1.91928060008671,-6.42829377893714,-4.46929563149814
"9145049","2002-05-20",11.8642463452459,0.157894736842105,0.118421052631579,0.0745614035087718,2.47562820325234,1.68703846341433,2.08133333333333,0.181287593996645,36.9532689209177,2.062,1.90337652007515,-6.37350386249668,-4.85013727769785
"9145048","2002-05-21",12.0094642597609,0.210526315789474,0.157894736842105,0.115497076023392,2.45699049205626,1.66234284127707,2.05966666666667,0.223567210635719,39.8894848820334,2.0536,1.89492631739846,-6.09498680078605,-5.09910718231549
"9145047","2002-05-22",11.5970249019388,0.157894736842105,0.175438596491228,0.150584795321637,2.42071190622113,1.6476214271122,2.03416666666667,0.240220144005897,37.9843956354604,2.0376,1.88226947507867,-5.97953076731006,-5.2751918993144
"9145046","2002-05-23",11.8039973209052,0.0526315789473684,0.140350877192983,0.157894736842105,2.37434294281816,1.63432372384851,2.00433333333333,0.187845944972039,34.4415349507863,2.0164,1.86063354506818,-6.16846297425303,-5.45384611430213
"9145045","2002-05-24",11.8067302162243,0.118421052631579,0.109649122807018,0.141812865497076,2.3326345290965,1.6273654709035,1.98,0.263683569085408,38.314106199171,1.9912,1.84854907239242,-6.04032526861368,-5.57114194516444
"9145044","2002-05-28",11.9625410340136,0.0921052631578948,0.0877192982456142,0.112573099415205,2.30289150908715,1.61144182424618,1.95716666666667,0.224491883970104,37.3633671703417,1.9692,1.83540919607343,-5.9625829623959,-5.64943014861073
"9145043","2002-05-29",12.6902709241334,0,0.0701754385964914,0.0891812865497076,2.27825233332541,1.59074766667458,1.9345,0.197699021672406,33.7551899918197,1.948,1.81335463659697,-6.19051533826477,-5.75764718654154
"9145042","2002-05-30",13.7619070818197,0,0.0307017543859651,0.0628654970760233,2.2580234891394,1.56264317752727,1.91033333333333,0.149592226587831,31.3128277186532,1.9204,1.78624068505071,-6.5784658977075,-5.92181092877473
"9145041","2002-05-31",14.7569977996712,0,1.52655665885959e-16,0.033625730994152,2.22809376755245,1.54190623244755,1.885,0.172101301045051,31.3128277186532,1.8928,1.76274192704395,-6.82488521798991,-6.10242578661777
"9145040","2002-06-03",15.6810106091047,0.114285714285714,0.038095238095238,0.0229323308270675,2.18235032651886,1.53664967348114,1.8595,0.227169756081422,34.9518330866844,1.8688,1.74770967010476,-6.77117369472604,-6.23617536823942
"9145039","2002-06-04",16.5390225035787,0.161290322580644,0.0918586789554529,0.0433179723502301,2.13459972385917,1.53506694280749,1.83483333333333,0.230623570379751,35.8666115611754,1.8488,1.73601504742412,-6.61305823594751,-6.31155194178104
"9145038","2002-06-05",17.5717376831802,0.0645161290322574,0.113364055299539,0.0811059907834096,2.09237593810216,1.53162406189784,1.812,0.222990969937061,34.3078478461633,1.83,1.72187970776757,-6.55784303114273,-6.36081015965338
"9145037","2002-06-06",19.6541713571488,0,0.0752688172043007,0.0934971838197639,2.02665965197691,1.53167368135642,1.77916666666667,0.00335292730586566,26.7858756951151,1.804,1.68562908006523,-7.29393097073641,-6.54743432186998
"9145036","2002-06-07",22.8867547450926,0,0.0215053763440859,0.0700460829493082,2.02714714821494,1.44651951845173,1.73683333333333,-0.309755930592568,17.8755519851802,1.7628,1.6035452027232,-9.68625831267197,-7.17519912003038
"9145035","2002-06-10",25.6648690547195,0.457831325301205,0.152610441767068,0.0831282117718181,2.00171883624636,1.42928116375364,1.7155,0.170124203197454,39.5360644764355,1.7364,1.58307250902677,-9.6537466065193,-7.67090861732817
"9145034","2002-06-11",28.6074213598449,0.27710843373494,0.244979919678715,0.13969857926329,1.99024154261567,1.38509179071766,1.68766666666667,-0.00841410031432888,35.550132903543,1.7044,1.5453295078232,-10.3048477727111,-8.19769644840476
"9145033","2002-06-12",30.9015556659372,0.397590361445783,0.377510040160642,0.258366800535475,1.98738618302716,1.35661381697283,1.672,0.163904109613865,39.900264429358,1.6764,1.52595224011344,-10.2154886567218,-8.60125489006816
"9145032","2002-06-13",33.2613157776892,0.289156626506024,0.321285140562249,0.314591700133869,1.99395378214638,1.31304621785361,1.6535,0.0787484992456285,37.4502837089559,1.644,1.49715860809832,-10.523025304549,-8.98560897296433
"9145031","2002-06-14",35.5495781870995,0.25974025974026,0.315495749230689,0.338096976651193,1.98914961199725,1.27251705466942,1.63083333333333,0.103469499451345,36.381069981729,1.6168,1.46687079368521,-10.8917307263579,-9.36683332364303
"9145030","2002-06-17",37.674393281552,0.324675324675325,0.291190736973869,0.309323875588936,1.97359977306642,1.24406689360024,1.60883333333333,0.177190697460654,38.7356420961144,1.5936,1.44728802119385,-10.8146793425507,-9.65640252742456
"9145029","2002-06-18",39.6474358692578,0.408450704225352,0.330955429546979,0.312547305250512,1.94948027469392,1.22285305863942,1.58616666666667,0.211681594948287,40.628754773434,1.5728,1.435649618368,-10.4265741164077,-9.81043684522119
"9145028","2002-06-19",41.5909575388886,0.36231884057971,0.365148289826796,0.329098152115881,1.91924804823518,1.20408528509816,1.56166666666667,0.204030078777868,39.3202668534191,1.5584,1.42022966925227,-10.23651836445,-9.89565314906695
"9145027","2002-06-20",42.1091270529785,0.338235294117647,0.369668279640903,0.355257333004892,1.88245396978859,1.19454603021141,1.5385,0.255054433441246,38.6500111519331,1.5428,1.4041990466853,-10.0974301861399,-9.93600855648153
"9145026","2002-06-21",42.713418847648,0.3125,0.337684711565786,0.357500427011161,1.85577362965269,1.17422637034731,1.515,0.189432150483013,37.614266730795,1.5236,1.38630584046059,-10.0595977086163,-9.96072638690849
"9145025","2002-06-24",42.6611258429058,0.28125,0.310661764705882,0.339338251970857,1.81283775998343,1.1664955733499,1.48966666666667,0.216868241336448,36.9042432557496,1.5032,1.36813172839918,-10.0484423447375,-9.9782695784743
"9145024","2002-06-25",42.0256875570366,0.285714285714285,0.293154761904762,0.31383374605881,1.77190378885071,1.16309621114929,1.4675,0.263198304444608,36.9042432557496,1.4812,1.35238083127929,-9.94270643249043,-9.97115694927753
"9145023","2002-06-26",42.3796773436099,0,0.188988095238095,0.264268207282913,1.75143303410163,1.1239002992317,1.43766666666667,0.00972013160327466,30.2761310610354,1.4496,1.31206338710872,-10.9632069198883,-10.1695669433997
"9145022","2002-06-27",41.8773880516239,0.111111111111111,0.132275132275132,0.204805996472663,1.72562180537175,1.10337819462825,1.4145,0.160636665414131,34.6969215137558,1.4224,1.28645493549422,-11.2697266456906,-10.3895988838579
"9145021","2002-06-28",41.4109765662084,0.471698113207547,0.194269741439553,0.17184432298426,1.6896862039484,1.1053137960516,1.3975,0.36737909087986,44.4503810092189,1.4056,1.28826094409499,-10.2920715058758,-10.3700934082615
"9145020","2002-07-01",41.6170660229323,0.20754716981132,0.26345213137666,0.196665668363781,1.64425637944813,1.10541028721853,1.37483333333333,0.231215767504129,39.507857716729,1.3812,1.27115948488233,-10.2784487122434,-10.3517644690578
"9145019","2002-07-02",42.0473488608155,0.108695652173913,0.262646978397594,0.240122950404602,1.59621418461225,1.10278581538775,1.3495,0.129463272205686,37.5793119102491,1.3552,1.24833822023135,-10.5503052751104,-10.3914726302684
"9145018","2002-07-03",40.9792934839604,0.152173913043478,0.156138911676237,0.22741267381683,1.53561117062428,1.12072216270905,1.32816666666667,0.263390533868465,38.6542765987278,1.3332,1.23122645753384,-10.542729112221,-10.4217239266589
"9145017","2002-07-05",39.9875277768806,0.217391304347826,0.159420289855072,0.192735393309634,1.50601323942862,1.11365342723805,1.30983333333333,0.1351138362837,40.3146632661544,1.3148,1.22039626319599,-10.2400145227604,-10.3853820458792
"9145016","2002-07-08",38.6031353869992,0.347826086956521,0.239130434782609,0.184896545437973,1.50664293549176,1.10869039784157,1.30766666666667,0.288081930997849,43.6024229855173,1.2988,1.21901009476986,-9.50337222219724,-10.2089800811428
"9145015","2002-07-09",36.2314547505194,0.130434782608696,0.231884057971014,0.210144927536232,1.46680763498442,1.11985903168224,1.29333333333333,0.346278864287915,39.679316984764,1.2772,1.20447541546721,-9.47599885999431,-10.0623838369131
"9145014","2002-07-10",34.0291798737881,0.217391304347826,0.231884057971014,0.234299516908212,1.4567964656049,1.11853686772843,1.28766666666667,0.437917504390613,41.9300079139157,1.2568,1.19721202673825,-9.09522227204944,-9.86895152394037
"9145013","2002-07-11",31.9842103453948,0.222222222222222,0.190016103059581,0.217928073000537,1.42711783999395,1.12621549333938,1.27666666666667,0.37814429806106,41.9300079139157,1.2376,1.19091708983982,-8.69911284434388,-9.63498378802108
"9145012","2002-07-12",30.0853100690296,0.222222222222222,0.22061191626409,0.214170692431562,1.4162306106849,1.1207693893151,1.2685,0.279440881058623,41.9300079139157,1.2256,1.18546147786117,-8.29445325917125,-9.36687768225111
"9145011","2002-07-15",28.3220455266904,0.222222222222222,0.222222222222222,0.210950080515298,1.40731928558236,1.11468071441764,1.261,0.280161128188672,41.9300079139157,1.2288,1.18073328081302,-7.88684133830695,-9.07087041346228
"9145010","2002-07-16",26.6847284516612,0.222222222222222,0.222222222222222,0.221685453569511,1.39181737919508,1.11151595413825,1.25166666666667,0.268106780096387,41.9300079139157,1.2168,1.17663551003795,-7.48085065284535,-8.75286646133889
"9145009","2002-07-17",26.2354146679639,0.324999999999999,0.256481481481481,0.233641975308642,1.37632247266168,1.11801086067165,1.24716666666667,0.652916083391269,47.5947226731453,1.214,1.18375077536622,-6.53994940743211,-8.31028305055754
"9145008","2002-07-18",24.8012113665055,0.05,0.199074074074074,0.225925925925926,1.36126527776985,1.11806805556349,1.23966666666667,0.336895066864672,41.5874668304198,1.2028,1.17525067198406,-6.46732248530051,-7.94169093750613
"9145007","2002-07-19",23.4694511580085,0.124999999999999,0.166666666666666,0.207407407407407,1.33923250303452,1.11976749696547,1.2295,0.213697712183039,43.6754561092421,1.1964,1.17188391571952,-6.1387587759489,-7.58110450519469
"9145006","2002-07-22",22.5512446764062,0.124999999999999,0.0999999999999998,0.155246913580247,1.32958251633673,1.11708415032994,1.22333333333333,0.296076863330103,43.6754561092421,1.1916,1.16896606029025,-5.81323844207989,-7.22753129257173
"9145005","2002-07-23",22.548140065209,0.128205128205128,0.126068376068376,0.130911680911681,1.31852114620478,1.12014552046188,1.21933333333333,0.536966907128188,44.4431846372073,1.1852,1.16777058558488,-5.42525743583584,-6.86707652122455
"9145004","2002-07-24",22.4420009032405,0.102564102564102,0.118589743589743,0.114886039886039,1.3004092899587,1.12625737670797,1.21333333333333,0.442578867993244,43.8002435153287,1.1768,1.16540117417357,-5.12832383089348,-6.51932598315834
"9145003","2002-07-25",22.343443109984,0.102564102564102,0.111111111111111,0.118589743589743,1.29549280669074,1.13717385997592,1.21633333333333,0.333669097225821,43.8002435153287,1.17,1.16334768428376,-4.83833963321312,-6.18312871316929
"9145002","2002-07-26",21.9109064651769,0.0256410256410256,0.0769230769230767,0.102207977207977,1.29720256406305,1.13079743593694,1.214,0.155459336025494,41.7012747092649,1.1628,1.15756799304592,-4.76295967953643,-5.89909490644272
"9145001","2002-07-29",20.7603548938232,0,0.0427350427350427,0.0769230769230766,1.28410736656459,1.12255930010207,1.20333333333333,-0.0983771194754269,37.2193946205831,1.154,1.14322559397313,-5.13870139284217,-5.74701620372261
"9145000","2002-07-30",19.6919855775663,0,0.0085470085470087,0.0427350427350426,1.2911163030774,1.1008836969226,1.196,-0.0922573892247935,37.2193946205831,1.146,1.13079551477672,-5.38699007094315,-5.67501097716672
"9144999","2002-07-31",18.2970112064652,0,1.50342701251323e-16,0.0170940170940171,1.30620755124276,1.07312578209057,1.18966666666667,-0.142120862610006,34.7446512088289,1.1364,1.11468944613982,-5.81591072236176,-5.70319092620573
"9144998","2002-08-01",18.3243118055254,0,1.50342701251323e-16,0.00284900284900292,1.33290731174938,1.01742602158395,1.17516666666667,-0.24542191247966,27.389909569278,1.1288,1.08073085332118,-7.20001044244397,-6.00255482945338
"9144997","2002-08-02",18.3496623617956,0.0185185185185185,0.00617283950617299,0.00205761316872435,1.35866122412593,0.965672109207404,1.16216666666667,-0.150145233801121,28.4768839703076,1.1188,1.05263340621169,-8.1890340657045,-6.4398506767036
"9144996","2002-08-05",18.1368564587075,0.0925925925925926,0.0370370370370372,0.01440329218107,1.36463486946165,0.931365130538348,1.148,0.0199295466217197,32.8097313423983,1.1032,1.0336156187168,-8.60866930008195,-6.87361440137927
"9144995","2002-08-06",17.584101397687,0.22,0.11037037037037,0.0511934156378601,1.35822329619208,0.912776703807915,1.1355,0.173361515190321,38.7988446201025,1.0956,1.02513353622122,-8.39610935923679,-7.17811339295078
"9144994","2002-08-07",18.6960027020954,0,0.104197530864198,0.0838683127572017,1.36630233516612,0.860030998167209,1.11316666666667,-0.0790702440404905,28.6978932652559,1.0816,0.98844906472506,-9.89395106137035,-7.72128092663469
"9144993","2002-08-08",17.473679511921,0.0819672131147541,0.100655737704918,0.105074546313162,1.35523659667059,0.840763403329411,1.098,0.18641061298923,32.9690995501088,1.0688,0.963322522761718,-10.6271691427128,-8.30245856985031
"9144992","2002-08-09",16.7232370891116,0.60655737704918,0.229508196721312,0.144787155096809,1.35235436964933,0.841312297017337,1.09683333333333,0.662739373371627,52.5569073415558,1.0676,0.984212853060156,-8.47643932572176,-8.3372547210246
"9144991","2002-08-12",16.1576204148767,0.684210526315789,0.457578372159908,0.262580768862046,1.35278550041435,0.841214499585644,1.097,0.701340576055225,53.4720512381822,1.0648,1.00498447265214,-6.54535439905346,-7.97887465663037
"9144990","2002-08-13",15.2540395527172,0.473684210526315,0.588150704630428,0.425079091170549,1.34533437843568,0.840332288230985,1.09283333333333,0.520791993149464,47.5459889139201,1.0612,1.00698654296518,-5.9104162207314,-7.56518296945058
"9144989","2002-08-14",14.4150001807119,0.561403508771929,0.573099415204678,0.539609497331671,1.32015862095781,0.847174712375522,1.08366666666667,0.541579991009876,50.0309189993383,1.058,1.01538833723649,-4.95159675874036,-7.04246572730853
"9144988","2002-08-15",13.6605714274604,0.561403508771929,0.532163742690058,0.564471287508388,1.31138231950125,0.848617680498751,1.08,0.600843199184923,50.0309189993383,1.0548,1.02266989227163,-4.14430512419786,-6.4628336066864
"9144987","2002-08-16",13.4485483863604,0.614035087719298,0.578947368421052,0.56140350877193,1.31180311553524,0.84853021779809,1.08016666666667,0.693910185059657,51.6255923894232,1.0528,1.03298057330208,-3.23339673599691,-5.8169462325485
"9144986","2002-08-19",13.2516698481961,0.75438596491228,0.643274853801169,0.584795321637427,1.31787151977279,0.846461813560545,1.08216666666667,0.792385437798513,55.6868147538487,1.054,1.05258316352847,-1.87816598010481,-5.02919018205976
"9144985","2002-08-20",12.8867811157242,0.719298245614034,0.695906432748537,0.639376218323586,1.31456927543053,0.847764057902801,1.08116666666667,0.768848751658492,54.4559477701959,1.0544,1.06690540839134,-0.957417765176993,-4.21483569868321
"9144984","2002-08-21",13.4587744785428,0.661764705882352,0.711816305469556,0.683665864006421,1.32790145364349,0.841765213023179,1.08483333333333,0.894608172162923,56.5256438775189,1.0532,1.08465135393916,0.0608325250657238,-3.35970205393342
"9144983","2002-08-22",13.9899111725885,0.735294117647058,0.705452356381148,0.704391698199747,1.34868992143259,0.832643411900744,1.09066666666667,0.918566923737078,59.0318455229509,1.0584,1.1066978400806,1.2045830588099,-2.44684503138476
"9144982","2002-08-23",14.3774743679844,0.720588235294117,0.705882352941176,0.707717004930627,1.36467722546513,0.82798944120153,1.09633333333333,0.823589751357873,58.3078686419643,1.062,1.12447146140319,1.99664060419509,-1.55814790426879
"9144981","2002-08-26",13.7444636268587,0.573529411764705,0.676470588235294,0.695935099185873,1.3700893810315,0.829243952301832,1.09966666666667,0.6362065069861,51.5052722058468,1.0616,1.1265419332161,1.8826517320859,-0.869987976997849
"9144980","2002-08-27",13.4940037062073,0.317460317460317,0.537192654839713,0.639848532005394,1.36913264570967,0.82620068762366,1.09766666666667,0.399926072642928,43.8008089081774,1.0552,1.10966967545395,0.77869689696819,-0.540251002204641
"9144979","2002-08-28",13.2614337798881,0.0232558139534884,0.304748514392837,0.506137252489281,1.36919816453001,0.826801835469993,1.098,0.405358258190474,44.4401147772492,1.0496,1.09638038539343,-0.0345231060746132,-0.439105422978636
"9144978","2002-08-29",13.2748594094855,0,0.113572043804602,0.318504404345717,1.36593774301425,0.839062256985745,1.1025,0.362396330969029,42.864736952732,1.0428,1.0808630006743,-0.900198974032429,-0.531324133189394
"9144977","2002-08-30",13.2873260655401,0.0666666666666667,0.0299741602067185,0.149431572801386,1.3588541796951,0.859145820304899,1.109,0.355248902736785,44.9657432073846,1.0384,1.07141460058439,-1.35582542143895,-0.696224390839306
"9144976","2002-09-03",12.5310512698053,0.0444444444444444,0.0370370370370372,0.0601944136827858,1.35393261335461,0.877067386645385,1.1155,0.404585200489482,44.3799113655338,1.0364,1.06189265383981,-1.77728611208345,-0.912436735088135
"9144975","2002-09-04",11.8287961023373,0.0444444444444444,0.051851851851852,0.0396210163652024,1.35225472168131,0.883078611652018,1.11766666666667,0.320252285803583,44.3799113655338,1.0344,1.0536402999945,-2.09230192350059,-1.14840977277063
"9144974","2002-09-05",11.1767020182599,0.0444444444444444,0.0444444444444446,0.0444444444444444,1.32532793656795,0.929005396765384,1.12716666666667,0.204365371888678,44.3799113655338,1.034,1.04648825999523,-2.31933427010064,-1.38259467223663
"9144973","2002-09-06",12.2203954812664,0.111111111111111,0.0666666666666668,0.054320987654321,1.31391291409963,0.956753752567035,1.13533333333333,0.401071182993838,46.9687124034917,1.0408,1.0442898253292,-2.24398740775976,-1.55487321934126
"9144972","2002-09-09",13.189539411201,0.444444444444444,0.2,0.103703703703704,1.31612209827709,0.95654456838958,1.13633333333333,0.677059636308714,57.5961189128112,1.0532,1.06238451528531,-1.0220221651974,-1.44830300851248
"9144971","2002-09-10",13.641928778933,0.355555555555555,0.303703703703704,0.190123456790123,1.31296530688104,0.956701359785628,1.13483333333333,0.59870958583763,54.4618181214117,1.0624,1.0727332465806,-0.362829987759494,-1.23120840436189
"9144970","2002-09-11",14.0620046203985,0.386363636363636,0.395454545454545,0.299719416386083,1.31690621563661,0.960093784363386,1.1385,0.60696563045877,55.1193715913366,1.0696,1.08303548036985,0.22695576625642,-0.939575570238225
"9144969","2002-09-12",13.9858319930328,0.371428571428571,0.371115921115921,0.356758056758056,1.31800844257614,0.962658224090523,1.14033333333333,0.499061958271045,51.8916396861467,1.084,1.08663074965387,0.389712650628504,-0.673717926064879
"9144968","2002-09-13",13.2607928841988,0.269230769230769,0.342340992340992,0.369637152970486,1.31746381519326,0.960536184806742,1.139,0.39073415258503,47.4071503977074,1.094,1.08174664970002,0.0721756168802878,-0.524539217475846
"9144967","2002-09-16",13.0533854450535,0.333333333333333,0.324664224664225,0.346040379373712,1.31492507786519,0.959074922134811,1.137,0.480328798829293,48.989627804095,1.092,1.08018042974002,-0.0307982932332251,-0.425791032627322
"9144966","2002-09-17",12.2256027350594,0.111111111111111,0.237891737891738,0.301632318298985,1.30530925056406,0.954690749435937,1.13,0.357394861254831,44.6492191400029,1.0868,1.07082303910802,-0.556446951824519,-0.451922216466761
"9144965","2002-09-18",11.4569473614934,0.148148148148148,0.197530864197531,0.253362275584498,1.29667786272292,0.949322137277084,1.123,0.337822355566389,45.5156456336255,1.0868,1.06404663389362,-0.891148279461917,-0.539767429065792
"9144964","2002-09-19",11.1534129504707,0,0.0864197530864198,0.173947451725229,1.27508683522551,0.94391316477449,1.1095,0.189488197557232,41.3348383504441,1.0824,1.05017374937447,-1.60037639651726,-0.751889222556085
"9144963","2002-09-20",10.9716994153054,0,0.0493827160493828,0.111111111111111,1.24028635611298,0.947046977220353,1.09366666666667,0.14647767616291,40.6644176254516,1.0776,1.03681724945787,-2.22496957842722,-1.04650529373031
"9144962","2002-09-23",10.5584712038869,0.2,0.0666666666666667,0.0674897119341563,1.20603225386971,0.95796774613029,1.082,0.317251836038738,46.292988141456,1.074,1.03324161619682,-2.23252836296085,-1.28370990757642
"9144961","2002-09-24",10.7044545478528,0.0333333333333333,0.0777777777777778,0.0646090534979423,1.19482407372123,0.951842592945433,1.07333333333333,0.198193734357071,42.6612084726347,1.0652,1.02347606737058,-2.60345531578343,-1.54765898921782
"9144960","2002-09-25",10.3322524665644,0.0666666666666666,0.1,0.0814814814814814,1.19522536991209,0.949107963421246,1.07216666666667,0.2880415391562,43.6139835126845,1.0576,1.0163459250545,-2.79154353870191,-1.79643589911464
"9144959","2002-09-26",9.98663624822524,0.0666666666666666,0.0555555555555556,0.0777777777777777,1.19666447942123,0.942668853912098,1.06966666666667,0.212593475365293,43.6139835126845,1.0484,1.01016646838057,-2.91060333610024,-2.01926938651176
"9144958","2002-09-27",9.78704656914717,0.0333333333333333,0.0555555555555556,0.0703703703703704,1.19879688975361,0.935869776913059,1.06733333333333,0.180519825085741,42.7893762447644,1.0368,1.00347760592983,-3.05320598681592,-2.22605670657259
"9144957","2002-09-30",10.0781229644801,0,0.0333333333333334,0.0481481481481482,1.203991636903,0.921675029763665,1.06283333333333,0.088523438830743,39.5668425112523,1.024,0.992347258472516,-3.45512691390233,-2.47187074803854
"9144956","2002-10-01",10.3484081887179,0.0303030303030303,0.0212121212121213,0.0367003367003367,1.20654068783852,0.906792645494809,1.05666666666667,0.133025126236304,40.7678445522461,1.0156,0.984034290676181,-3.6577138222328,-2.70903936287739
"9144955","2002-10-02",11.9107993286352,0,0.0101010101010102,0.0215488215488216,1.21949277816638,0.87717388850029,1.04833333333333,-0.030694250743429,31.8941012078314,1.0076,0.95949638525269,-4.85531095083437,-3.13829368046879
"9144954","2002-10-03",13.3615911014155,0.0666666666666664,0.0323232323232323,0.0212121212121212,1.2275747904421,0.856091876224563,1.04183333333333,0.0643586094014443,35.3891798543747,1.0004,0.942230200552331,-5.52195137910968,-3.61502522019697
"9144953","2002-10-04",15.204537355414,0,0.0222222222222222,0.0215488215488215,1.23344035146994,0.823226315196729,1.02833333333333,0.0165125622341192,31.8668791001286,0.991999999999998,0.91926617381202,-6.52454622641855,-4.19692942144128
"9144952","2002-10-07",16.9942766952714,0,0.0222222222222222,0.0255892255892256,1.21998653752794,0.797013462472062,1.0085,0.0149415441170489,31.3075866434132,0.981999999999998,0.898030683970418,-7.36467028061851,-4.83047759327673
"9144951","2002-10-08",19.3506069349691,0,1.01770443923973e-16,0.0148148148148148,1.21806966362876,0.754263669704574,0.986166666666666,-0.0666880910907262,26.330808248256,0.968399999999998,0.866293259441029,-8.89482692396488,-5.64334745941436
"9144950","2002-10-09",21.8785663122376,0,1.01770443923973e-16,0.00740740740740743,1.20965926413343,0.714340735866571,0.962,-0.0424119053384577,23.8781587906528,0.952399999999999,0.830787491515558,-10.6520423636173,-6.64508644025495
"9144949","2002-10-10",24.2259571625582,0,1.01770443923973e-16,4.97287396446685e-17,1.20127297060717,0.676727029392826,0.939,0.00623962621767029,23.8781587906528,0.936399999999999,0.80001582598015,-12.020266693631,-7.72012249093016
"9144948","2002-10-11",26.2060622073961,0.0961538461538461,0.0320512820512821,0.0106837606837607,1.18819854883059,0.651468117836076,0.919833333333333,0.121473546245148,30.1650007716906,0.921199999999998,0.780013715849464,-12.5361750436095,-8.68333300146602
"9144947","2002-10-14",27.0828325092326,0.288461538461538,0.128205128205128,0.0534188034188034,1.15822328780171,0.648443378864961,0.903333333333333,0.297298144705513,40.7115015852252,0.903999999999998,0.776011887069535,-11.8077009020013,-9.30820658157308
"9144946","2002-10-15",26.3114647347867,0.222222222222222,0.202279202279202,0.120845204178537,1.1344419260473,0.644224740619364,0.889333333333333,0.31776784660181,37.6498667606559,0.886399999999998,0.765876968793597,-11.6264759510373,-9.77186045546592
"9144945","2002-10-16",25.4542494417957,0.860465116279069,0.457049625654276,0.262511318712869,1.120722510482,0.649610822851329,0.885166666666666,0.708372386514903,56.6210295790399,0.879199999999998,0.793093372954451,-8.58872699964539,-9.53523376430181
"9144944","2002-10-17",24.1020742045761,0.799999999999999,0.627562446167097,0.428963758033525,1.11827634633721,0.650390320329453,0.884333333333333,0.72583847516941,55.9421130978721,0.873199999999999,0.815347589893858,-6.24477022065046,-8.87714105557154
"9144943","2002-10-18",22.8464829128721,0.844444444444443,0.834969853574504,0.639860641798626,1.11827634633721,0.650390320329453,0.884333333333333,0.72583847516941,57.0512964117452,0.870399999999999,0.837301244574677,-4.17085260169162,-7.93588336479556
"9144942","2002-10-21",22.6882869703672,0.644444444444444,0.762962962962962,0.741831754234854,1.10286300918813,0.654470324145206,0.878666666666666,0.599615065447358,50.8476409517209,0.863199999999999,0.844327745298053,-3.36450859000393,-7.02160840983723
"9144941","2002-10-22",22.6419565818129,0.622222222222222,0.703703703703703,0.767212173413723,1.09142903386275,0.656237632803913,0.873833333333333,0.567786265832059,50.1945392753729,0.857999999999998,0.849084045924979,-2.78908492655925,-6.17510371318164
"9144940","2002-10-23",22.5989355067268,0.644444444444444,0.637037037037037,0.701234567901234,1.07509644059295,0.660236892740378,0.867666666666666,0.569903176026953,50.8740643825178,0.852799999999998,0.854539506468315,-2.21365840650508,-5.38281465184633
"9144939","2002-10-24",23.4289744659541,0.444444444444444,0.57037037037037,0.637037037037036,1.05933298407346,0.661667015926543,0.860499999999999,0.481978174546688,44.932312537606,0.846399999999998,0.84726757227254,-2.57704818050811,-4.82166135757868
"9144938","2002-10-25",24.1997249280937,0.666666666666666,0.585185185185185,0.59753086419753,1.04806114966564,0.664605517001024,0.856333333333333,0.613876712054611,51.6845304938551,0.844399999999998,0.854298562636201,-1.8993014593023,-4.23718937792341
"9144937","2002-10-28",25.3451357083271,0.555555555555555,0.555555555555555,0.57037037037037,1.04060360100785,0.665396398992153,0.852999999999999,0.57196023918238,48.4834415489404,0.837999999999998,0.853725420951374,-1.81258913397246,-3.75226932913322
"9144936","2002-10-29",26.4087314328295,0.555555555555555,0.592592592592592,0.577777777777777,1.03096228321076,0.665704383455901,0.848333333333332,0.51368895786609,48.4834415489404,0.833599999999998,0.853228698157858,-1.72419968353131,-3.34665540001284
"9144935","2002-10-30",27.7302540766156,0.4,0.503703703703703,0.550617283950617,1.02890235922106,0.663430974112274,0.846166666666666,0.437523608513055,45.8487830377867,0.827199999999998,0.84746487173681,-2.010138400065,-3.07935200002327
"9144934","2002-10-31",27.4650436050961,0.514285714285714,0.489947089947089,0.528747795414461,1.03049568568952,0.663504314310481,0.846999999999999,0.635334698687971,50.8793583546345,0.823599999999998,0.851802888838569,-1.55650637176822,-2.77478287437226
"9144933","2002-11-01",27.2187767386851,0.514285714285714,0.476190476190476,0.489947089947089,1.03489166497343,0.665775001693231,0.850333333333333,0.625524902944198,50.8793583546345,0.820399999999998,0.855562503660093,-1.18399037702563,-2.45662437490294
"9144932","2002-11-04",27.3103375369169,0.199999999999999,0.409523809523809,0.458553791887125,1.03689362644929,0.670106373550708,0.853499999999999,0.535897285313533,48.6337215387359,0.817599999999998,0.854820836505414,-1.15788823968209,-2.19687714785877
"9144931","2002-11-05",27.7004910116682,0.0799999999999995,0.264761904761904,0.383492063492063,1.03316530579037,0.686168027542961,0.859666666666666,0.462535729197476,46.4269725217554,0.813199999999998,0.850178058304692,-1.40488113718761,-2.03847794572454
"9144930","2002-11-06",25.8039734450421,0.153846153846153,0.144615384615384,0.272967032967032,1.02770310971236,0.713630223620969,0.870666666666666,0.635849570453691,48.117151418586,0.814799999999998,0.848820983864066,-1.39644218441972,-1.91007079346357
"9144929","2002-11-07",24.0429214188893,0.269230769230769,0.167692307692307,0.192356532356532,1.01351768199328,0.751148984673391,0.882333333333333,0.618154338976667,50.6330808344445,0.816399999999998,0.851644852682191,-1.09281805072571,-1.746620244916
"9144928","2002-11-08",22.5360402189922,0.384615384615384,0.269230769230768,0.193846153846153,1.00208381225948,0.784582854407185,0.893333333333333,0.699232839069889,53.0832026762054,0.821599999999998,0.858092205657899,-0.563614265164525,-1.5100190489657
"9144927","2002-11-11",21.1238426515131,0.269230769230769,0.307692307692307,0.248205128205127,0.998299994442592,0.798366672224075,0.898333333333333,0.508336112500773,50.3899313535431,0.825999999999998,0.859679911570179,-0.422161914030506,-1.29244762197866
"9144926","2002-11-12",19.812516338854,0.269230769230769,0.307692307692307,0.294871794871794,0.992170209419002,0.811829790580998,0.902,0.341041365815962,50.3899313535431,0.834399999999998,0.861055923360822,-0.306606261130249,-1.09527934980898
"9144925","2002-11-13",19.6011017079753,0.199999999999999,0.246153846153845,0.287179487179486,0.980121860670591,0.815878139329408,0.898,0.532472068276234,49.420584994472,0.844799999999998,0.860915133579379,-0.305089878171472,-0.93724145548148
"9144924","2002-11-14",19.4047881221595,0.479999999999999,0.316410256410256,0.290085470085469,0.967249567472754,0.822750432527246,0.895,0.742215982906743,55.8264816955217,0.857999999999998,0.870126449102128,0.343625411228743,-0.681068082139435
"9144923","2002-11-15",19.8624409907381,0.479999999999999,0.386666666666666,0.316410256410256,0.956277168078225,0.829722831921774,0.893,0.950399423134225,55.8264816955218,0.869199999999998,0.878109589221845,0.842282113896009,-0.376398042932346
"9144922","2002-11-18",20.287404368704,0.559999999999999,0.506666666666665,0.403247863247862,0.964233903062974,0.825766096937026,0.895,0.993496179690881,57.6056437066159,0.877199999999998,0.887694977325599,1.39829709216202,-0.0214590159134742
"9144921","2002-11-19",19.1329556479903,0.125,0.388333333333332,0.427222222222221,0.964002208800073,0.825664457866594,0.894833333333333,0.537348204895648,47.339023650748,0.883199999999998,0.882668980348852,0.917524654991975,0.166337718267616
"9144920","2002-11-20",18.0609675501847,0.125,0.269999999999999,0.388333333333332,0.963833132529829,0.825500200803504,0.894666666666666,0.490361417800564,47.339023650748,0.878399999999999,0.878313116302338,0.528883954092252,0.238846965432543
"9144919","2002-11-21",17.3288336088934,0.208333333333333,0.152777777777777,0.27037037037037,0.964569581401377,0.830763751931956,0.897666666666667,0.617085083129708,49.4295638256167,0.874799999999998,0.87720470079536,0.399150240668145,0.270907620479663
"9144918","2002-11-22",16.9107912356798,0.208333333333333,0.180555555555555,0.201111111111111,0.966273372448465,0.831059960884868,0.898666666666667,0.657775276036868,49.4295638256167,0.870399999999999,0.876244074022645,0.292893728195232,0.275304842022777
"9144917","2002-11-25",16.5226090319814,0.272727272727272,0.229797979797979,0.187710437710437,0.970996794797709,0.832336538535625,0.901666666666667,0.77645508790117,52.6963794165365,0.870799999999998,0.879411530819626,0.478784177850722,0.316000709188366
"9144916","2002-11-26",16.5711899947581,0.399999999999999,0.293686868686868,0.234680134680134,0.979174418185446,0.835825581814554,0.9075,0.935999353620778,55.7731731646606,0.872799999999998,0.886156660043676,0.888492268498853,0.430499021050463
"9144915","2002-11-27",16.87878028477,0.363636363636363,0.345454545454545,0.289646464646464,0.981815831035855,0.848517502297478,0.915166666666667,0.961371125820377,55.7731731646606,0.874399999999998,0.892002438704519,1.19606386537026,0.583611989914422
"9144914","2002-11-29",17.164399839781,0.68181818181818,0.481818181818181,0.373653198653198,1.00047688738954,0.841856445943792,0.921166666666667,1.10206615950355,62.392639879628,0.882399999999998,0.906402113543916,2.03812173964364,0.874513939860265
"9144913","2002-12-02",17.0069533256661,0.590909090909089,0.545454545454544,0.457575757575757,1.01107903979986,0.841254293533471,0.926166666666667,0.915133845625841,59.6457976737958,0.885599999999998,0.916215165071394,2.48689430845102,1.19699001357842
"9144912","2002-12-03",16.2589960016624,0.454545454545453,0.575757575757574,0.534343434343433,1.01320392107654,0.849129412256788,0.931166666666667,0.716365115186775,55.6855801470483,0.889599999999998,0.920719809728542,2.54482186307856,1.46655638347844
"9144911","2002-12-04",16.05279684397,0.545454545454544,0.530303030303029,0.550505050505049,1.01441808140342,0.862248585263244,0.938333333333333,0.839533664612202,57.7018736246261,0.894399999999998,0.927290501764736,2.73100349670201,1.71944580612316
"9144910","2002-12-05",16.1700650692476,0.68181818181818,0.560606060606059,0.555555555555554,1.02586706461525,0.861132935384746,0.9435,0.944150019236678,60.597909166353,0.901999999999998,0.936985101529438,3.0969850797318,1.99495366084489
"9144909","2002-12-06",15.6519084225011,0.545454545454544,0.590909090909089,0.560606060606059,1.03307251808506,0.862927481914937,0.948,0.825212739547728,56.4366151768384,0.905599999999998,0.94138708799218,3.08892724008716,2.21374837669334
"9144908","2002-12-09",15.6670948869823,0.0454545454545454,0.424242424242423,0.525252525252524,1.03323070847002,0.860102624863309,0.946666666666666,0.288210751815633,44.3977001974524,0.904799999999998,0.930535476259889,2.11320563900756,2.19363982915619
"9144907","2002-12-10",15.6811966040006,0.227272727272727,0.272727272727272,0.429292929292928,1.03248927324385,0.864177393422818,0.948333333333333,0.410879731032952,48.6844429828633,0.906799999999998,0.926464079425237,1.66403116679932,2.08771809668481
"9144906","2002-12-11",16.3378970752031,0,0.0909090909090905,0.262626262626262,1.03130285632348,0.866363810343187,0.948833333333333,0.102883600964771,44.106866855796,0.907999999999998,0.916268868835206,0.858937137880167,1.84196190492388
"9144905","2002-12-12",15.7076878595141,0.0454545454545454,0.0909090909090905,0.151515151515151,1.03080861929308,0.867858047373588,0.949333333333333,0.279074110781357,45.2163257232426,0.908799999999998,0.908766352990512,0.300623529549715,1.53369422984905
"9144904","2002-12-13",15.2608230128887,0,0.0151515151515148,0.0656565656565654,1.03278273473284,0.861550598600496,0.947166666666666,0.146678471888939,44.2699865370243,0.907999999999998,0.900930839258443,-0.232093574209269,1.18053666903739
"9144903","2002-12-16",14.9885113667708,0,0.0151515151515148,0.0404040404040402,1.03629951940069,0.849033813932644,0.942666666666666,0.0585594999359195,43.2941755310755,0.905599999999998,0.892806727357318,-0.740135297701072,0.796402275689694
"9144902","2002-12-17",14.3746747244416,0,-3.14563190310461e-16,0.0101010101010099,1.03654222069635,0.839124445970318,0.937833333333333,0.13951236525977,43.2941755310755,0.904399999999998,0.885765830376342,-1.13411507446348,0.410298805659059
"9144901","2002-12-18",13.8046835565645,0.0434782608695652,0.0144927536231881,0.00988142292490102,1.03790074512108,0.835099254878916,0.9365,0.188529573469908,44.7076587874768,0.903599999999998,0.88099705299283,-1.34245777887666,0.0597474887519153
"9144900","2002-12-19",13.2754060435358,0.0434782608695652,0.0289855072463765,0.0144927536231882,1.03946271964408,0.830870613689257,0.935166666666666,0.171607898647724,44.7076587874768,0.903199999999998,0.876864112593786,-1.49212777346713,-0.250627563691894
"9144899","2002-12-20",13.2740340529882,0,0.0289855072463765,0.0241545893719805,1.04054916058444,0.825784172748896,0.933166666666666,0.221400895293271,41.1397384667204,0.898799999999998,0.869282230914614,-1.86932554682107,-0.574367160317729
"9144898","2002-12-23",12.8895414340708,0,0.0144927536231881,0.0241545893719805,1.04264536972819,0.817021296938472,0.929833333333333,0.160940434883045,38.9103207184469,0.893599999999998,0.860044600125999,-2.33401821642976,-0.926297371540134
"9144897","2002-12-24",12.5325125736475,0.222222222222222,0.0740740740740736,0.0391841116478795,1.04140374957371,0.812929583759621,0.927166666666666,0.322737070269229,48.0123111890411,0.889999999999998,0.860038653442533,-2.11735355192555,-1.16450860761722
"9144896","2002-12-26",12.5436178396743,0.222222222222222,0.148148148148147,0.0789049919484699,1.03670587557057,0.809960791096099,0.923333333333333,0.36769283193269,48.0123111890411,0.890399999999998,0.860033499650195,-1.92341069102501,-1.31628902429878
"9144895","2002-12-27",12.5539298724135,0.318181818181817,0.254208754208753,0.158810325476992,1.03056104427546,0.80843895572454,0.9195,0.412210441891602,49.4676240465469,0.891199999999998,0.861362366363502,-1.65662368261843,-1.38435595596271
"9144894","2002-12-30",11.9856697614525,0.0454545454545454,0.195286195286194,0.199214365881032,1.01742912365517,0.803904209678162,0.910666666666666,0.169047206948996,41.8904566181762,0.888799999999998,0.854514050848369,-1.987250831534,-1.50493493107697
"9144893","2002-12-31",11.860366666526,0.0909090909090903,0.151515151515151,0.2003367003367,1.0048504400476,0.803482893285738,0.904166666666666,0.313773368136881,43.4453045950476,0.886799999999998,0.849912177401919,-2.13358169061816,-1.6306642829852
"9144892","2003-01-02",11.7440137926657,0.272727272727272,0.136363636363636,0.161054994388327,0.9970694913866,0.8039305086134,0.9005,0.462893732980451,49.2902036038776,0.885199999999998,0.851257220414997,-1.8491914559092,-1.67436971757
"9144891","2003-01-03",12.2694165036526,0.649999999999999,0.337878787878787,0.208585858585858,0.98959765392868,0.807735679404653,0.898666666666667,0.800594265567288,57.5569985353457,0.885199999999998,0.861756257692997,-0.953213688257437,-1.53013851170749
"9144890","2003-01-06",13.4355638186383,0.559999999999999,0.494242424242423,0.322828282828282,0.978425118489365,0.814908214843969,0.896666666666667,0.989246054790081,58.5954355536798,0.885599999999998,0.872188756667264,-0.155765284972098,-1.25526386636041
"9144889","2003-01-07",14.5184148968393,0.799999999999998,0.669999999999998,0.500707070707069,0.982697910946715,0.811968755719951,0.897333333333333,1.19896282901906,64.2476047021295,0.885599999999998,0.889230255778296,1.00300416394907,-0.803610260298516
"9144888","2003-01-08",15.5239194694545,0.799999999999998,0.719999999999998,0.628080808080806,1.00261331910352,0.802720014229812,0.902666666666667,1.07030424341638,64.2476047021295,0.886399999999998,0.903999555007856,1.87983829121501,-0.266920549995811
"9144887","2003-01-09",16.4576022868829,0.799999999999998,0.799999999999998,0.729999999999998,1.01705990317446,0.796273430158868,0.906666666666667,0.983121385154479,64.2476047021295,0.888399999999998,0.916799614340142,2.53036641857631,0.292536843718614
"9144886","2003-01-10",18.0200277326659,0.82758620689655,0.809195402298849,0.776398467432948,1.04291598628166,0.787750680385006,0.915333333333333,1.05388930260987,67.8966561853871,0.891199999999998,0.933226332428123,3.34027701511044,0.902084877996979
"9144885","2003-01-13",19.470851360893,0.89655172413793,0.841379310344826,0.816858237547891,1.06577504639615,0.779891620270514,0.922833333333333,0.991459060443239,69.5690737003093,0.893599999999998,0.950129488104373,4.08485750281775,1.53863940296113
"9144884","2003-01-14",20.2302252330078,0.82142857142857,0.848522167487683,0.833032293377119,1.08176045652361,0.779572876809726,0.930666666666667,0.872836854424469,65.8734356059317,0.896399999999998,0.96211222302379,4.43780251411132,2.11847202519117
"9144883","2003-01-15",20.1205929542282,0.714285714285713,0.810755336617404,0.833552271483304,1.09195751043999,0.786042489560009,0.939,0.786571958495168,60.6674286421341,0.902399999999998,0.968497259953951,4.40878675193608,2.57653497054015
"9144882","2003-01-16",20.5198223016205,0.749999999999999,0.76190476190476,0.807060755336616,1.10344360148925,0.792223065177419,0.947833333333333,0.806856357012102,61.7525063469382,0.907199999999998,0.975364291960091,4.41367578559315,2.94396313355075
"9144881","2003-01-17",20.3668000839308,0.678571428571427,0.714285714285713,0.762315270935959,1.10942365967256,0.80057634032744,0.955,0.699667158508692,58.2890466962543,0.913199999999998,0.978649053032079,4.20168098860534,3.19550670456167
"9144880","2003-01-21",20.8753953559154,0.666666666666665,0.698412698412697,0.724867724867723,1.11529928425189,0.811034049081438,0.963166666666666,0.719654845864635,58.2890466962543,0.918799999999998,0.981495845961135,3.98665750254021,3.35373686415738
"9144879","2003-01-22",20.1582426358438,0.391304347826086,0.578847481021392,0.663848631239934,1.11444528747017,0.821554712529825,0.968,0.50682848876379,50.136086050596,0.922799999999998,0.977296399832984,3.36708410608626,3.35640631254316
"9144878","2003-01-23",19.492315110063,0.249999999999999,0.43599033816425,0.571083505866113,1.11066829267325,0.837331707326746,0.974,0.497561004627971,52.9697623721772,0.927999999999998,0.976323546521919,3.00640247750239,3.286405545535
"9144877","2003-01-24",18.543816549288,0,0.213768115942028,0.409535311709224,1.10853442037663,0.8437989129567,0.976166666666666,0.325612109548134,44.7531400134607,0.930799999999998,0.967480406985663,2.19802946310164,3.06873032904833
"9144876","2003-01-27",17.8430500068211,0,0.0833333333333325,0.244363929146537,1.10746753534032,0.846532464659679,0.977,0.243231142424695,43.540879572429,0.932799999999998,0.958483019387575,1.45339588871645,2.74566344098195
"9144875","2003-01-28",18.0162429126571,0,-4.44089209850063e-16,0.0990338164251203,1.10795092145587,0.845382411877466,0.976666666666666,0.18262251453101,37.9985301078452,0.932799999999998,0.944018616802565,0.428114580799677,2.2821536689455
"9144874","2003-01-29",18.1770648966477,0.25,0.0833333333333328,0.0555555555555553,1.09915258132133,0.862514085345339,0.980833333333333,0.257013330553647,46.7569465580986,0.936399999999998,0.939482801228889,0.121744536180568,1.85007184239251
"9144873","2003-01-30",19.1782853843817,0,0.0833333333333328,0.0555555555555554,1.09547238249163,0.869194284175032,0.982333333333333,0.121409816928884,40.5831286768559,0.938399999999998,0.927551761065038,-0.636004098935838,1.35285665412684
"9144872","2003-01-31",19.861109529776,0.416666666666666,0.222222222222221,0.129629629629629,1.09188463323616,0.880115366763842,0.986,0.408705669829289,51.9668058863519,0.941999999999998,0.930544859589699,-0.36458859854489,1.0093676035925
"9144871","2003-02-03",20.8916409068842,0.291666666666666,0.23611111111111,0.180555555555555,1.09219565389374,0.878471012772924,0.985333333333333,0.287889065595828,48.937648568158,0.944399999999998,0.929138878311073,-0.405912883265258,0.726311506220945
"9144870","2003-02-04",22.3207162824261,0.125,0.277777777777777,0.24537037037037,1.09329078263511,0.87137588403156,0.982333333333333,0.204090770471519,45.1579798979703,0.944799999999998,0.922587027869596,-0.779463693253435,0.425156466326069
"9144869","2003-02-05",23.6477148454294,0.208333333333333,0.208333333333333,0.24074074074074,1.09014787182037,0.865518794846299,0.977833333333333,0.272217081795813,47.3476712583949,0.948399999999998,0.91957542415365,-0.891717847916251,0.161781603477605
"9144868","2003-02-06",24.8799277967895,0.25,0.194444444444444,0.226851851851851,1.08609244465177,0.861240888681564,0.973666666666666,0.320622396143535,48.4558343037659,0.951999999999998,0.918298700933164,-0.882978677624036,-0.0471704527427231
"9144867","2003-02-07",26.6935482612205,0,0.152777777777777,0.185185185185185,1.08428726538447,0.850379401282195,0.967333333333333,0.155134866985938,42.6549823767514,0.951599999999998,0.909192207475408,-1.3916467655622,-0.316065715306619
"9144866","2003-02-10",28.3776244067635,0.312499999999999,0.187499999999999,0.17824074074074,1.07221097892731,0.847122354406018,0.959666666666666,0.249728208375082,48.2182027228645,0.950399999999998,0.907966579812021,-1.33778579504253,-0.520409731253802
"9144865","2003-02-11",29.0375258884611,0.333333333333333,0.215277777777777,0.185185185185185,1.05571000166329,0.848623331670047,0.952166666666666,0.312477870571771,48.2182027228645,0.948799999999998,0.906904369170418,-1.28048188721454,-0.672424162445949
"9144864","2003-02-12",29.6502915500375,0.333333333333333,0.326388888888888,0.243055555555555,1.04153926731751,0.849794066015826,0.945666666666667,0.331373441870591,48.2182027228645,0.944799999999998,0.905983786614362,-1.22110590436296,-0.782160510829352
"9144863","2003-02-13",30.4916798611853,0.2,0.288888888888888,0.276851851851851,1.03020657903038,0.847126754302957,0.938666666666667,0.215970888231836,45.9892495953295,0.939999999999998,0.902519281732447,-1.33760298975342,-0.893249006614165
"9144862","2003-02-14",30.0976375296218,0.0666666666666665,0.199999999999999,0.271759259259259,1.01135593195564,0.850310734711028,0.930833333333333,0.225749867600323,43.808369971447,0.934399999999998,0.896850044168121,-1.59262574810276,-1.03312435491188
"9144861","2003-02-18",29.7317410788843,0.0666666666666665,0.11111111111111,0.199999999999999,0.997900567500822,0.849099432499178,0.9235,0.140459731712338,43.808369971447,0.927199999999998,0.891936704945705,-1.77680918209377,-1.18186132034826
"9144860","2003-02-19",29.3919800889137,0,0.044444444444444,0.118518518518518,0.975717289995863,0.854949376670804,0.915333333333333,0.097023204866715,42.6359303495238,0.918799999999998,0.886345144286278,-1.99304277370016,-1.34409761101864
"9144859","2003-02-20",29.0764877410839,0,0.0222222222222218,0.059259259259259,0.968953842585158,0.851046157414842,0.91,0.104210136097087,42.6359303495238,0.911199999999998,0.881499125048107,-2.14239636900578,-1.50375736261607
"9144858","2003-02-21",28.4474409331565,0,-3.70074341541719e-16,0.0222222222222221,0.958843332410427,0.850490000922907,0.904666666666667,0.149295508699917,42.6359303495238,0.904799999999998,0.87729924170836,-2.23712221652688,-1.65043033339823
"9144857","2003-02-24",27.8633260400812,0,-3.70074341541719e-16,0.00740740740740728,0.957351876266505,0.844981457066828,0.901166666666667,0.133652103819996,42.6359303495238,0.897999999999998,0.873659342813912,-2.28754671042669,-1.77785360880392
"9144856","2003-02-25",29.2789990534932,0,-3.70074341541719e-16,-1.13335267097151e-16,0.967588679955856,0.823411320044144,0.8955,-0.185498287621961,29.7743225744572,0.887199999999998,0.854504763772057,-3.41567658329586,-2.10541820370231
"9144855","2003-02-26",30.5935525659472,0.479999999999999,0.159999999999999,0.0533333333333331,0.968107066094986,0.81855960057168,0.893333333333333,0.210236925903769,46.994126330894,0.881199999999998,0.853904128602449,-3.15389678866961,-2.31511392069577
"9144854","2003-02-27",28.8070032354351,0.291666666666666,0.257222222222222,0.139074074074074,0.965070337388049,0.814929662611951,0.89,0.277985989585816,42.3359588180053,0.875199999999998,0.846716911455456,-3.38350928949021,-2.52879299445466
"9144853","2003-02-28",27.631947274942,0.437499999999999,0.403055555555555,0.273425925925925,0.968709223448977,0.814624109884356,0.891666666666667,0.7487802516838,49.8331873635707,0.871199999999999,0.849821323261395,-2.8674662442247,-2.59652764440867
"9144852","2003-03-03",26.5408238830556,0.812499999999999,0.513888888888888,0.391388888888888,0.979919524912383,0.807413808420951,0.893666666666667,1.15505075598821,59.5438364568398,0.874399999999998,0.868511813493209,-1.31722659859884,-2.3406674352467
"9144851","2003-03-04",24.6476692125957,0.656249999999999,0.635416666666665,0.517453703703703,0.984826994210476,0.805173005789524,0.895,0.898914977043219,54.785341972146,0.875999999999999,0.878043571694115,-0.561010593971223,-1.98473606699161
"9144850","2003-03-05",22.8897398757401,0.687499999999999,0.718749999999999,0.622685185185184,0.992248204321888,0.802751795678112,0.8975,0.865002519898357,55.5504362244145,0.879999999999998,0.887637762134899,0.122191942967143,-1.56335046499986
"9144849","2003-03-06",21.9119405283458,0.562499999999999,0.635416666666665,0.663194444444443,0.99437730474458,0.802289361922086,0.898333333333333,0.734267697070315,51.776350186964,0.879999999999998,0.890619393850246,0.294073481654666,-1.19186567566895
"9144848","2003-03-07",21.7210326589215,0.406249999999999,0.552083333333332,0.635416666666666,0.991572155599838,0.802094511066828,0.896833333333333,0.534304838526044,47.4378097628464,0.880399999999998,0.886536808003547,-0.0225181389724716,-0.957996168329656
"9144847","2003-03-10",21.5437610658846,0.499999999999999,0.489583333333332,0.559027777777777,0.993965028550687,0.803368304782646,0.898666666666667,0.629418104251815,50.137548723994,0.877999999999998,0.886998566936407,-0.00139515867070283,-0.766675966397866
"9144846","2003-03-11",21.3791517294932,0.593749999999999,0.499999999999999,0.513888888888888,0.997482816347365,0.803517183652635,0.9005,0.703644323230017,52.751063965138,0.877999999999998,0.891398758011553,0.283859583677404,-0.556568856382812
"9144845","2003-03-12",22.2701711570058,0.343749999999999,0.479166666666666,0.489583333333333,0.996140317154255,0.802193016179078,0.899166666666667,0.435549502688878,45.8496116817958,0.876399999999998,0.884545590276679,-0.21340516290258,-0.487936117686765
"9144844","2003-03-13",23.0975463396961,0.374999999999999,0.437499999999999,0.472222222222222,0.994947633574192,0.801385699759141,0.898166666666667,0.475029525495692,46.7867925185781,0.874399999999999,0.879939511573122,-0.513128279365582,-0.492974550022529
"9144843","2003-03-14",23.8658232950514,0.437499999999999,0.385416666666666,0.434027777777777,0.995308042668644,0.802025290664689,0.898666666666667,0.489652465213455,48.6991159762215,0.872799999999999,0.878614243363372,-0.561787276783876,-0.506737095374798
"9144842","2003-03-17",24.5792233250242,0.279999999999999,0.364166666666666,0.395694444444444,0.995519428096109,0.802480571903891,0.899,0.470644942793154,48.6991159762215,0.873599999999999,0.877465677581589,-0.59368257119341,-0.524126190538521
"9144841","2003-03-18",25.2416662099989,0.279999999999999,0.332499999999999,0.360694444444444,0.995621873589694,0.804044793076973,0.899833333333333,0.431272224049827,48.6991159762215,0.872399999999999,0.876470253904044,-0.612044593363203,-0.541709871103457
"9144840","2003-03-19",26.0066862562442,0.0952380952380951,0.218412698412698,0.305026455026455,0.995538588653943,0.805461411346057,0.9005,0.392149071812056,47.6301884294783,0.870799999999999,0.874274220050172,-0.710779077784596,-0.575523712439685
"9144839","2003-03-20",26.3962443162117,0.0999999999999998,0.158412698412698,0.236441798941799,0.995366927082972,0.807633072917028,0.9015,0.403231802556994,47.6301884294783,0.869199999999999,0.872370990710149,-0.78046851870941,-0.61651267369363
"9144838","2003-03-21",26.4353726944796,0.388888888888888,0.194708994708994,0.190511463844797,0.996947771064778,0.811385562268555,0.904166666666667,0.58532628187629,53.5432860626747,0.870399999999999,0.877388191948796,-0.37005289711366,-0.567220718377636
"9144837","2003-03-24",27.6635057244571,0,0.162962962962962,0.172028218694885,0.996440978496447,0.813892354836886,0.905166666666667,0.362137187549546,44.822850513535,0.869199999999999,0.871069766355623,-0.773995253859694,-0.608575625474047
"9144836","2003-03-25",28.8039149665792,0.555555555555555,0.314814814814814,0.224162257495591,0.988788587287245,0.834878079379421,0.911833333333333,0.6180339595627,54.7447874210501,0.871999999999999,0.87892713084154,-0.169808355695311,-0.5208221715183
"9144835","2003-03-26",29.9919094042496,0.562499999999999,0.372685185185184,0.283487654320987,0.987124793969065,0.843875206030934,0.9155,0.554683112503728,53.7047837881747,0.874799999999999,0.884403513396001,0.211501451609819,-0.374357446892676
"9144834","2003-03-27",32.0187598002084,0,0.372685185185184,0.353395061728394,0.986756594066951,0.844576739266382,0.915666666666666,0.108477116925264,45.353876071015,0.873999999999999,0.877149711609868,-0.306486434434505,-0.360783244401042
"9144833","2003-03-28",33.9008351678845,0.2,0.254166666666666,0.333179012345678,0.98572169170505,0.840278308294949,0.913,0.250189163085644,48.2429184987734,0.874399999999999,0.874863083395219,-0.438238807359814,-0.376274356992797
"9144832","2003-03-31",33.6560672211045,0.0666666666666665,0.0888888888888885,0.23858024691358,0.966400710807569,0.847599289192431,0.907,0.328846043617191,46.4787407714105,0.873999999999998,0.870214672275856,-0.720064489805794,-0.445032383555396
"9144831","2003-04-01",33.4287826990944,0.0666666666666665,0.111111111111111,0.151388888888889,0.956531883591491,0.848468116408508,0.9025,0.260943616840694,46.4787407714105,0.878399999999999,0.866186049305742,-0.934348580422273,-0.542895622928771
"9144830","2003-04-02",32.4675256750111,0.266666666666666,0.133333333333333,0.111111111111111,0.944925152112507,0.854074847887492,0.8995,0.578884344172549,49.6799249919376,0.879199999999998,0.866694576064977,-0.815872535112694,-0.597491005365556
"9144829","2003-04-03",31.5749298669338,0.266666666666666,0.199999999999999,0.148148148148148,0.937654469730505,0.855678863602828,0.896666666666667,0.378012490881436,49.6799249919376,0.881999999999998,0.867135299256313,-0.71373515088119,-0.620739834468683
"9144828","2003-04-04",31.0810248344776,0.133333333333333,0.222222222222222,0.185185185185185,0.937249917491668,0.853083415841665,0.895166666666667,0.240593550815207,47.4840374674557,0.881199999999998,0.864850592688805,-0.809868061394992,-0.658565479853944
"9144827","2003-04-07",29.4091461738167,0.599999999999999,0.333333333333332,0.251851851851851,0.940048715272202,0.851617951394465,0.895833333333333,0.961754841220064,54.9838474704737,0.878399999999999,0.872203846996964,-0.232586899139331,-0.573369763711022
"9144826","2003-04-08",27.8566874174888,0.666666666666665,0.466666666666665,0.34074074074074,0.940899888641287,0.851100111358713,0.896,1.02709856043839,55.9516248518542,0.877999999999999,0.879910000730702,0.309476059281311,-0.396800599112555
"9144825","2003-04-09",27.7459976436975,0.133333333333333,0.466666666666665,0.422222222222221,0.941154240739839,0.849512425926828,0.895333333333333,0.259934915683528,47.2079006236115,0.873999999999999,0.875922000633275,0.00333247410551074,-0.316773984468942
"9144824","2003-04-10",26.0324948595367,0.235294117647058,0.345098039215685,0.426143790849672,0.942804351780916,0.849862314885751,0.896333333333333,0.682909699075945,49.3393696684846,0.872399999999999,0.875132400548839,-0.0551219492299526,-0.264443577421144
"9144823","2003-04-11",24.699721442025,0.318181818181818,0.228936423054069,0.34690037631214,0.951029905930254,0.846970094069745,0.899,0.990102750410171,52.4411925502597,0.873999999999999,0.87844808047566,0.172581410401906,-0.177038579856534
"9144822","2003-04-14",23.4621461257642,0.409090909090908,0.320855614973261,0.298296692414339,0.961486815852735,0.843513184147265,0.9025,1.01565195081227,54.4437624298209,0.875199999999999,0.883988336412239,0.528818026172373,-0.0358672586507527
"9144821","2003-04-15",22.3129690463792,0.727272727272726,0.484848484848484,0.344880174291939,0.983422565727841,0.833910767605493,0.908666666666667,1.17776145164417,60.683722902948,0.877999999999999,0.898123224890607,1.42327231635864,0.255960656351125
"9144820","2003-04-16",21.2458760440931,0.714285714285713,0.616883116883115,0.474195738901621,0.996365847212486,0.832300819454181,0.914333333333333,0.981516390661758,60.683722902948,0.883999999999998,0.910373461571859,2.09396431897153,0.623561388875206
"9144819","2003-04-17",19.8127090376541,0.57142857142857,0.670995670995669,0.59090909090909,1.00340480212354,0.834261864543124,0.918833333333333,0.822212684606404,56.8156508352509,0.888399999999999,0.916990333362278,2.3256851749119,0.963986146082544
"9144818","2003-04-21",19.0550878522215,0.57142857142857,0.619047619047617,0.635642135642134,1.01176515375707,0.832568179576265,0.922166666666667,0.859939113340841,56.8156508352509,0.891999999999998,0.922724955580641,2.47731346795161,1.26665161045636
"9144817","2003-04-22",18.3009942416911,0.2,0.447619047619046,0.579220779220778,1.0132069799959,0.837459686670766,0.925333333333333,0.602419785018821,48.4571833242473,0.892799999999998,0.918361628169889,1.9624356637906,1.40580842112321
"9144816","2003-04-23",17.6007644604844,0.2,0.323809523809523,0.463492063492063,1.01365909058297,0.837674242750362,0.925666666666667,0.562505381204539,48.4571833242473,0.893599999999998,0.914580077747237,1.53602045852823,1.43185082860421
"9144815","2003-04-24",16.5554671645957,0.349999999999999,0.249999999999999,0.34047619047619,1.01716154547732,0.838171787856014,0.927666666666667,0.699266523071828,51.9693093079731,0.895999999999999,0.915302734047606,1.44558776938339,1.43459821676005
"9144814","2003-04-25",15.5848339612705,0.349999999999999,0.299999999999999,0.291269841269841,1.01620609637471,0.847793903625292,0.932,0.587087914641011,51.9693093079731,0.898399999999999,0.915929036174592,1.35818777087122,1.41931612758228
"9144813","2003-04-28",14.6835317010399,0.499999999999999,0.399999999999999,0.316666666666666,1.0165213470377,0.85514531962897,0.935833333333333,0.608442376981288,55.4870039062335,0.899999999999999,0.920471831351313,1.53435304715746,1.44232351149732
"9144812","2003-04-29",14.6023739167506,0.399999999999999,0.416666666666666,0.372222222222222,1.01753916395702,0.861460836042977,0.9395,0.631344308168714,52.7151631317118,0.903999999999999,0.921742253837805,1.48066351207532,1.44999151161292
"9144811","2003-04-30",15.0179046925386,0.666666666666665,0.522222222222221,0.446296296296296,1.02437649838735,0.867956834945983,0.946166666666667,0.908090210200841,59.2860785434299,0.906399999999999,0.930843286659431,1.93694236774349,1.54738168283903
"9144810","2003-05-01",14.329732715101,0.312499999999999,0.459722222222221,0.466203703703703,1.02536462240826,0.872635377591744,0.949,0.593847994538,52.7122419212183,0.907199999999999,0.932064181771507,1.84103736046406,1.60611281836404
"9144809","2003-05-02",13.6527650094356,0.0624999999999999,0.347222222222221,0.443055555555555,1.02261992237908,0.880046744287583,0.951333333333334,0.373749044238544,48.115734442343,0.909999999999999,0.927788957535306,1.40231952543912,1.56535415977905
"9144808","2003-05-05",13.0241521398892,0.125,0.166666666666666,0.324537037037036,1.01669235394234,0.892307646057664,0.9545,0.356627606105179,49.3058764764452,0.911999999999999,0.925417096530598,1.12813212307223,1.47790975243769
"9144807","2003-05-06",12.5055100749977,0.374999999999999,0.187499999999999,0.233796296296296,1.01884224535221,0.894157754647787,0.9565,0.661741581111903,53.86458883901,0.916399999999999,0.928694816993185,1.2447025553703,1.43126831302421
"9144806","2003-05-07",14.8157171134765,0.275,0.258333333333332,0.204166666666666,1.05103502172828,0.87729831160505,0.964166666666667,1.26264826187865,58.8463983543738,0.922799999999999,0.938202174727427,1.74693011365181,1.49440067314973
"9144805","2003-05-08",16.9609093634925,0.674999999999999,0.441666666666665,0.295833333333333,1.10285492799775,0.857145072002246,0.98,1.35466657065575,70.007368674223,0.934399999999999,0.967775218097104,3.4421441511157,1.88394936874293
"9144804","2003-05-09",18.7649364950571,0.649999999999999,0.533333333333332,0.411111111111111,1.13498391722109,0.850016082778909,0.9925,1.09948286327731,68.7523608872175,0.945599999999998,0.992071855684156,4.59663518608606,2.42648653221155
"9144803","2003-05-12",19.373042868007,0.5,0.608333333333332,0.527777777777777,1.15374214031129,0.848924526355376,1.00133333333333,0.91117483896931,61.6151856316648,0.955199999999998,1.00512894159294,4.9416874789574,2.92952672156072
"9144802","2003-05-13",19.9377130714605,0.64102564102564,0.597008547008546,0.579558404558404,1.1788117515963,0.8441882484037,1.0115,0.963705224487342,65.4749256360408,0.964399999999998,1.02444508271388,5.60856247998684,3.46533387324595
"9144801","2003-05-14",18.5774010216183,0.275,0.472008547008546,0.559116809116809,1.18870115709017,0.8439655095765,1.01633333333333,0.762036531425873,52.2681401904924,0.967599999999998,1.02251907168536,4.97109490483065,3.76648607956289
"9144800","2003-05-15",18.4309311461339,0,0.30534188034188,0.458119658119658,1.18879638948725,0.839203610512752,1.014,0.307394953835,44.6478427793699,0.969599999999998,1.00618319546065,3.55429646668697,3.72404815698771
"9144799","2003-05-16",18.2949234046128,0.075,0.116666666666666,0.298005698005698,1.18894064655761,0.837059353442387,1.013,0.330435240991546,46.9207058198825,0.971999999999998,0.996025436065893,2.63356385655733,3.50595129690163
"9144798","2003-05-19",18.2661709746265,0.05,0.0416666666666663,0.154558404558405,1.18916160901643,0.832171724316906,1.01066666666667,0.302048546204196,46.2391336754271,0.972799999999998,0.985888711257108,1.79759980677054,3.16428099887541
"9144797","2003-05-20",18.2394722896392,0.05,0.058333333333333,0.0722222222222224,1.18925215616415,0.831747843835848,1.0105,0.302799581518731,46.2391336754271,0.972799999999998,0.97710354975616,1.11795679259457,2.75501615761924
"9144796","2003-05-21",18.2146806535796,0.05,0.0499999999999997,0.0500000000000002,1.18914915880525,0.832184174528082,1.01066666666667,0.302034737917608,46.2391336754271,0.969999999999998,0.969489743122005,0.569387273473976,2.31789038079019
"9144795","2003-05-22",17.4111071204811,0.125,0.0749999999999996,0.0611111111111113,1.18920219888696,0.833464467779709,1.01133333333333,0.402549930369305,49.0141907390361,0.968399999999998,0.966891110705738,0.379036117357168,1.93011952810359
"9144794","2003-05-23",16.3715738483473,0.225,0.133333333333333,0.0861111111111112,1.18988877450459,0.839111225495409,1.0145,0.487171356853621,52.532435341697,0.969599999999998,0.969972295944973,0.555792539928723,1.65525413046861
"9144793","2003-05-27",15.4271357501924,0.225,0.191666666666666,0.133333333333333,1.19096494672487,0.8447017199418,1.01783333333333,0.506257282030194,52.532435341697,0.970799999999998,0.972642656485643,0.687200198062965,1.46164334398748
"9144792","2003-05-28",14.3988646360543,0.2,0.216666666666666,0.180555555555555,1.19125679224162,0.848743207758382,1.02,0.451340129496434,51.5020245695084,0.974399999999998,0.973623635620891,0.699814974717139,1.30927767013342
"9144791","2003-05-29",13.4440414586405,0.2,0.208333333333333,0.205555555555555,1.19077183364404,0.84756149968929,1.01916666666667,0.424730316142698,51.5020245695084,0.977999999999998,0.974473817538105,0.701600363744315,1.18774220885559
"9144790","2003-05-30",13.0287988459492,0.2,0.199999999999999,0.208333333333333,1.19104603563182,0.851287297701509,1.02116666666667,0.447511774260855,51.5020245695084,0.980399999999998,0.975210641866358,0.694906496383063,1.08917506636109
"9144789","2003-06-02",12.2919852708034,0.15,0.183333333333333,0.197222222222222,1.18977298907571,0.856560344257622,1.02316666666667,0.350445851595642,49.0964596719651,0.981999999999998,0.973182556284177,0.517877388960786,0.974915530881028
"9144788","2003-06-03",12.0853990048017,0.125,0.158333333333333,0.180555555555555,1.18849965986359,0.861833673469742,1.02516666666667,0.351530303061534,47.8919508316163,0.981999999999998,0.97009154877962,0.290904274989878,0.838113279702798
"9144787","2003-06-04",11.8935689006571,0.277777777777777,0.184259259259258,0.175308641975308,1.18865040569791,0.860682927635424,1.02466666666667,0.323153196949152,47.8919508316163,0.982799999999998,0.967412675609004,0.109342995602102,0.692359222882659
"9144786","2003-06-05",12.1931915672368,0.187499999999999,0.196759259259258,0.179783950617284,1.18044017088372,0.856893162449608,1.01866666666667,0.370188878570478,47.8919508316163,0.981199999999998,0.965090985527804,-0.0344827939536496,0.546990819515397
"9144785","2003-06-06",14.33300134684,0.428571428571428,0.297949735449734,0.226322751322751,1.15985121656077,0.867815450105893,1.01383333333333,0.772226929478802,59.1557988358389,0.985199999999998,0.975078854124096,0.594251065883444,0.556442868789007
"9144784","2003-06-09",16.9993138390519,0.526315789473684,0.38079573934837,0.291834911352455,1.16423493424594,0.865098399087388,1.01466666666667,1.05270190665844,66.1584751394384,0.993999999999998,0.994401673574217,1.71823714581358,0.788801724193922
"9144783","2003-06-10",19.475175438963,0.657894736842104,0.537593984962405,0.405446486586837,1.1835019379731,0.853831395360229,1.01866666666667,1.070266298317,69.6596870846153,1.0044,1.01781478376432,2.94905586300576,1.22085255195629
"9144782","2003-06-11",22.4171036643621,0.644444444444444,0.609551656920077,0.509313793743618,1.21921065310064,0.830789346899358,1.025,1.19083062398817,73.7537006287952,1.016,1.04743947926241,4.38003806047085,1.8526896536592
"9144781","2003-06-12",25.4431516078061,0.711538461538461,0.671292547608336,0.606146063163607,1.28208354686245,0.794249786470883,1.03816666666667,1.18021805843651,77.4917688000852,1.0288,1.08378088202742,5.98820971820411,2.67979366656818
"9144780","2003-06-13",28.2530532695755,0.788461538461538,0.714814814814814,0.66521967311441,1.34053753458366,0.778795798749674,1.05966666666667,1.06431626809671,79.094958318134,1.0368,1.1206100977571,7.3919389749707,3.62222272824869
"9144779","2003-06-16",31.0630620763544,0.826923076923076,0.775641025641025,0.720582796021392,1.3964253226896,0.768241343977065,1.08233333333333,1.01630309642416,79.8671128832412,1.046,1.15519541805615,8.47469137035459,4.59271645666987
"9144778","2003-06-17",33.2743907097278,0.788461538461538,0.80128205128205,0.763912630579297,1.43950128715912,0.770498712840875,1.105,0.930989871193188,76.8117313916302,1.0568,1.18250269564867,9.03519456230226,5.48121207779635
"9144777","2003-06-18",35.3277672978602,0.846153846153845,0.820512820512819,0.799145299145299,1.47828888606666,0.778377780600005,1.12833333333333,0.89766954854611,78.161315262888,1.0664,1.21016900289551,9.52846799366909,6.2906632609709
"9144776","2003-06-19",36.4059582768567,0.769230769230769,0.80128205128205,0.807692307692307,1.50309998585306,0.796233347480273,1.14966666666667,0.806988600423322,72.1330894764767,1.08,1.22881313584278,9.51523406081975,6.93557742094067
"9144775","2003-06-20",35.6708631180303,0.576923076923077,0.73076923076923,0.784188034188034,1.51445540685808,0.816211259808581,1.16533333333333,0.678543088679594,59.7303551593237,1.094,1.23163805106374,8.74534022074265,7.29752998090106
"9144774","2003-06-23",35.2501340308694,0.596153846153846,0.647435897435897,0.726495726495726,1.52682996793238,0.83350336540095,1.18016666666667,0.682453694316836,60.462466548173,1.1072,1.23541964425524,8.106282559148,7.45928049655045
"9144773","2003-06-24",34.8594570213628,0.634615384615384,0.602564102564102,0.66025641025641,1.53875864044435,0.851574692888982,1.19516666666667,0.681659268638949,61.9523156138557,1.1216,1.24136369168788,7.63965037765004,7.49535447277037
"9144772","2003-06-25",34.4966855125352,0.604651162790697,0.611806797853309,0.620602265951103,1.54845212425717,0.874881209076163,1.21166666666667,0.68062933527047,63.4360970442057,1.1368,1.24918186612949,7.3111772454177,7.45851902729984
"9144771","2003-06-26",34.1598262543382,0.628571428571428,0.622612658659169,0.612327853025527,1.55617615266125,0.903157180672087,1.22966666666667,0.689376835852053,66.2693243618019,1.1536,1.26129095064556,7.21762262702952,7.41033974724577
"9144770","2003-06-27",34.5228436075857,0.433333333333333,0.555518641565152,0.596646032692544,1.56014107576831,0.933858924231691,1.247,0.66446261440995,61.1652356984239,1.1676,1.26645215722615,6.80484651988422,7.28924110177346
"9144769","2003-06-30",34.8599311498869,0.260869565217391,0.440924775707384,0.539685358643902,1.55233101850921,0.97633564815745,1.26433333333333,0.596644295305137,61.1652356984239,1.18,1.27092520292933,6.40202374713583,7.11179763084594
"9144768","2003-07-01",34.1742599764433,0,0.231400966183574,0.409281461152037,1.5348652323876,1.02280143427907,1.27883333333333,0.476239939805143,55.0216915342524,1.1904,1.26813517587209,5.70027595878897,6.82949329643454
"9144767","2003-07-02",33.5375653153885,0,0.0869565217391301,0.253094087876697,1.50613428213739,1.07986571786261,1.293,0.399124627983873,55.0216915342524,1.2012,1.26571715242248,5.08636105774773,6.48086684869718
"9144766","2003-07-03",33.295003121626,0,-2.40548322002117e-16,0.106119162640902,1.46482735572377,1.14883931094289,1.30683333333333,0.330689797023497,53.7689957422845,1.2116,1.26228819876615,4.48509541182309,6.08171256132237
"9144765","2003-07-07",33.7732125015638,0,-2.40548322002117e-16,0.0289855072463772,1.44181570179683,1.18818429820317,1.315,0.270007449760485,50.084951189149,1.2208,1.25531643893066,3.77345146928736,5.62006034291536
"9144764","2003-07-08",32.4351033756794,0,-2.40548322002117e-16,3.70074341541719e-16,1.43974728562064,1.1915860477127,1.31566666666667,0.00704092885482768,40.1980286313552,1.2268,1.23594091373991,2.53054305728335,5.00215688578896
"9144763","2003-07-09",31.1925734730725,0.205882352941176,0.0686274509803917,0.0228758169934643,1.43657772143129,1.19775561190204,1.31716666666667,0.162929030487685,47.9444891812334,1.236,1.22848212524125,1.97548217416286,4.39682194346374
"9144762","2003-07-10",30.0387957063661,0.470588235294117,0.225490196078431,0.0980392156862746,1.43662010264717,1.19804656401949,1.31733333333333,0.413374019660584,55.8610872613345,1.2488,1.23401784187575,2.10287796674593,3.93803314812018
"9144761","2003-07-11",30.0723601004835,0.323529411764705,0.333333333333332,0.209150326797386,1.43074024277256,1.19659309056077,1.31366666666667,0.427396084729558,51.2022935796141,1.2596,1.23214879629232,1.85368553534502,3.52116362556515
"9144760","2003-07-14",31.736314773604,0.525423728813559,0.439847125290793,0.332890218234186,1.46437147041717,1.17662852958282,1.3205,1.17015834610638,64.0997974524864,1.2748,1.25719562345334,2.92002449780533,3.40093580001318
"9144759","2003-07-15",33.2814155415015,0.661016949152542,0.503323363243602,0.42550127395591,1.49649573485442,1.15783759847891,1.32716666666667,1.12846071147495,67.7694022266042,1.29,1.28956954032623,4.19194846056232,3.55913833212301
"9144758","2003-07-16",33.2657655883604,0.491525423728813,0.559322033898304,0.5008308408109,1.50544863129196,1.15455136870804,1.33,0.841980439278295,59.5722816443409,1.2992,1.30429360161607,4.49621233743922,3.74655313318625
"9144757","2003-07-17",31.5766457707697,0.23728813559322,0.463276836158192,0.508640744433367,1.49743377277959,1.15356622722041,1.3255,0.474311814396533,49.8349935848893,1.2996,1.29705445473392,3.76272911249369,3.74978832904774
"9144756","2003-07-18",30.0081773687212,0.322033898305084,0.350282485875706,0.457627118644068,1.4940659222401,1.15226741109323,1.32316666666667,0.4907352824445,52.6153162435194,1.2988,1.29744719410273,3.45235887242021,3.69030243772224
"9144755","2003-07-21",29.8791350215739,0.406779661016949,0.322033898305085,0.378531073446328,1.50435581361669,1.15464418638331,1.3295,0.749252984112236,55.2842600622533,1.2984,1.30445423488904,3.47560346445892,3.64736264306957
"9144754","2003-07-22",29.3514464520315,0.338983050847457,0.35593220338983,0.342749529190207,1.506410924242,1.15692240909133,1.33166666666667,0.552457613164856,52.7256839665804,1.2956,1.30519367023716,3.20831276717704,3.55955266789107
"9144753","2003-07-23",28.9911179100906,0.406779661016949,0.384180790960452,0.354048964218456,1.51090749700055,1.15875916966611,1.33483333333333,0.637726055287888,54.9699973174031,1.2952,1.31116784753888,3.20557930505294,3.48875799532344
"9144752","2003-07-24",29.5166117620115,0.508474576271186,0.418079096045197,0.386064030131827,1.52795724665752,1.15570942000914,1.34183333333333,0.853259282086319,58.1773432151346,1.296,1.32434546786703,3.52636959830912,3.49628031592058
"9144751","2003-07-25",30.2501778418463,0.779661016949152,0.564971751412429,0.455743879472693,1.57082148315044,1.13717851684956,1.354,1.05960014464595,65.279404386181,1.3048,1.35709940548476,4.67329509476908,3.73168327169028
"9144750","2003-07-28",28.2846001822699,0.153846153846154,0.480660582355497,0.487903809937708,1.57214055142395,1.13819278190938,1.35516666666667,0.541863717117359,48.2007694211304,1.3052,1.34415281808679,3.68011220006601,3.72136905736542
"9144749","2003-07-29",26.4594209269489,0.479166666666666,0.470891279153991,0.505507870973973,1.58408895881038,1.14091104118962,1.3625,0.735044803734574,55.8285054828792,1.3128,1.35826577567522,3.98027810779433,3.77315086745121
"9144748","2003-07-30",24.9653420256026,0.583333333333333,0.405448717948718,0.452333526486069,1.60055159312259,1.14878174021074,1.37466666666667,0.799562559256778,57.5980412843797,1.3216,1.37716367225185,4.45085145565423,3.90869098509181
"9144747","2003-07-31",24.2119811690253,0.644444444444444,0.568981481481481,0.48177382619473,1.6241675588848,1.15716577444853,1.39066666666667,0.884009953087886,59.0126671325821,1.3312,1.39887518261827,4.98250254050403,4.12345329617425
"9144746","2003-08-01",23.194482601486,0.624999999999999,0.617592592592592,0.530674264007598,1.63821425532949,1.17178574467051,1.405,0.789433422089205,56.9659596753796,1.3376,1.4123584916025,5.10152178837164,4.31906699461373
"9144745","2003-08-04",22.2496625030566,0.699999999999999,0.656481481481481,0.614351851851852,1.65227272480006,1.18806060853327,1.42016666666667,0.801227237362693,58.1386141816162,1.3468,1.4280440260555,5.29600140278572,4.51445387624813
"9144744","2003-08-05",22.4070785307505,0.648148148148148,0.657716049382715,0.643930041152263,1.67431695510255,1.21301637823078,1.44366666666667,0.976189880698397,60.821297866644,1.3588,1.4509714892481,5.7616936927807,4.76390183955465
"9144743","2003-08-06",22.3756510626266,0.60377358490566,0.650640577684602,0.654946036182933,1.68834322431244,1.23899010902089,1.46366666666667,0.884997887213386,59.6451879362964,1.372,1.46817529068169,5.93535731933261,4.99819293551024
"9144742","2003-08-07",22.3464684136544,0.641509433962264,0.63114372233869,0.64650011646867,1.70061452214554,1.25905214452112,1.47983333333333,0.817433444897989,60.4684177945975,1.386,1.4857519185908,6.0996256131105,5.21847947103029
"9144741","2003-08-08",21.9335334826512,0.566037735849056,0.60377358490566,0.628519294976318,1.70284232594516,1.2858243407215,1.49433333333333,0.721413312147227,57.9233793046379,1.3988,1.49565166277869,5.93677439803157,5.36213845643055
"9144740","2003-08-11",21.4519852317718,0.547169811320754,0.584905660377358,0.606607655873903,1.70815666116351,1.28617667216982,1.49716666666667,0.672599021832819,57.2743702373932,1.4124,1.50289810774153,5.68484520955517,5.42667980705547
"9144739","2003-08-12",23.6961258564298,0.306122448979592,0.473109998716467,0.553929747999829,1.75506759648709,1.26393240351291,1.5095,1.06433884321795,57.783772625799,1.4304,1.51051169337599,5.47278404682534,5.43590065500945
"9144738","2003-08-13",25.7799707221837,0.428571428571428,0.427287896290591,0.495101185128139,1.79724086725061,1.25509246608273,1.52616666666667,0.974347367091161,63.4199283652052,1.4504,1.5331101342592,5.86490099898003,5.52170072380356
"9144737","2003-08-14",27.4534715075507,0.397959183673469,0.377551020408163,0.425982971805074,1.80798451655937,1.28234881677397,1.54516666666667,0.78822243249812,61.2194471757094,1.4656,1.5486954496913,5.93606244657681,5.60457306835821
"9144736","2003-08-15",29.3208717061683,0.40506329113924,0.410531301128046,0.405123405942267,1.83607027876186,1.30359638790481,1.56983333333333,0.957299417269215,66.2620552072747,1.4876,1.5782027230658,6.52009702851242,5.78767786038905
"9144735","2003-08-18",31.3133713084739,0.405405405405405,0.402809293406038,0.396963871647416,1.87831779289558,1.30634887377109,1.59233333333333,0.979629791341199,67.4032003110482,1.5028,1.60777569332369,7.02575040986995,6.03529237028523
"9144734","2003-08-19",33.1635495106148,0.445945945945946,0.418804880830197,0.410715158454761,1.90600984919408,1.33065681747259,1.61833333333333,0.937412601987453,68.5488286703114,1.516,1.63740560088053,7.46184261431317,6.32060241909082
"9144733","2003-08-20",35.013794040392,0.418918918918919,0.423423423423423,0.41501253255322,1.92974233942721,1.35592432723945,1.64283333333333,0.901695302524902,66.861732490505,1.5324,1.66041818742979,7.59950138056669,6.57638221138599
"9144732","2003-08-21",36.7318782466137,0.591549295774647,0.485471386879837,0.442566563711153,1.97348472863895,1.36051527136105,1.667,0.972562969047485,72.0478035899644,1.5604,1.69902909577249,8.25793957095247,6.91269368329929
"9144731","2003-08-22",38.5445349279119,0.594202898550724,0.53489037108143,0.481261727128231,2.02172221761639,1.35161111571694,1.68666666666667,0.952661256429759,72.3802979659406,1.5868,1.73382521633616,8.68806603893722,7.26776815442687
"9144730","2003-08-25",40.1130196377818,0.579710144927536,0.588487446417635,0.536283068126301,2.04004033390981,1.39262633275685,1.71633333333333,0.886666542409526,71.4648252947557,1.6108,1.76264852082467,8.85166261266586,7.58454704607467
"9144729","2003-08-26",41.9586202857935,0.637681159420289,0.603864734299516,0.575747517266194,2.07740135613917,1.41293197719417,1.74516666666667,0.948728980017221,72.939207895458,1.638,1.79296205138138,9.03360082309179,7.8743578014781
"9144728","2003-08-27",43.7871363715359,0.666666666666666,0.628019323671497,0.606790501462883,2.11638499772872,1.43028166893795,1.77333333333333,0.937251923159646,73.6717069233728,1.6644,1.82190044453053,9.13719902516996,8.12692604621647
"9144727","2003-08-28",45.4850441654395,0.666666666666666,0.657004830917873,0.62962962962963,2.15120409973058,1.44546256693609,1.79833333333333,0.884937904378339,73.6717069233728,1.6884,1.84698038525979,9.09419254944592,8.32037934686236
"9144726","2003-08-29",47.0616728312071,0.720588235294117,0.684640522875816,0.656554892488396,2.18027923701196,1.47172076298804,1.826,0.877291844122814,75.2271087560294,1.7076,1.87404966722515,9.10955117145809,8.47821371178151
"9144725","2003-09-02",48.5790477863044,0.909090909090908,0.765448603683896,0.702364652492529,2.21812455612472,1.49454211054194,1.85633333333333,0.928884552448461,78.6266289139902,1.7432,1.91084304492847,9.41317787803322,8.66520654503185
"9144724","2003-09-03",49.6971211201915,0.872727272727272,0.834135472370765,0.761408199643493,2.25323619165868,1.50843047500799,1.88083333333333,0.865867224039849,76.3694031423087,1.7704,1.94006397227134,9.4343916301197,8.81904356204942
"9144723","2003-09-04",50.7353320730867,0.860465116279069,0.880761099365749,0.826781725140138,2.28002661063375,1.53364005603292,1.90683333333333,0.834723785943527,76.7291298270653,1.796,1.96672210930183,9.36489208037132,8.9282132657138
"9144722","2003-09-05",51.6993851007751,0.824999999999998,0.852730796335446,0.855875789357321,2.2969921671172,1.5700078328828,1.9335,0.802390743488091,75.4915282199289,1.8196,1.98849249472825,9.14873838801446,8.97231829017393
"9144721","2003-09-08",51.3293175764729,0.615384615384614,0.76694991055456,0.833480602085252,2.29229910612915,1.62603422720419,1.95916666666667,0.711377393268234,66.2810041586357,1.8416,1.99669349543115,8.54986963349367,8.88782855883788
"9144720","2003-09-09",50.9856834467638,0.692307692307691,0.710897435897434,0.776859380929147,2.27447833348293,1.6988549998504,1.98666666666667,0.731632954300029,67.8643964849892,1.8636,2.00780102937366,8.09943039206298,8.7301489254829
"9144719","2003-09-10",50.6665946120338,0.519999999999999,0.609230769230768,0.695692705227588,2.27650116091013,1.72616550575654,2.00133333333333,0.642943067435294,67.8643964849892,1.8828,2.01742755879051,7.65090141209015,8.51429942280435
"9144718","2003-09-11",50.7208402353607,0.399999999999998,0.537435897435896,0.619188034188033,2.27417850963344,1.75815482369989,2.01616666666667,0.623702332031234,64.3593412972939,1.9016,2.02177055095177,7.09244512428426,8.22992856310033
"9144717","2003-09-12",50.7712111713071,0.439999999999999,0.453333333333332,0.533333333333333,2.248046682417,1.821953317583,2.035,0.589964633333982,65.0081009175795,1.92,2.02686781082487,6.61261133019373,7.90646511651901
"9144716","2003-09-15",51.0478368863323,0.333333333333333,0.39111111111111,0.46062678062678,2.23667848662606,1.86065484670727,2.04866666666667,0.601057476089022,65.0081009175795,1.94,2.03128543604822,6.16043003225257,7.55725809966573
"9144715","2003-09-16",51.3047036217129,0.315789473684209,0.363040935672513,0.402495126705653,2.22804874131046,1.8906179253562,2.05933333333333,0.561247122934582,65.7315401251338,1.9608,2.03644737790846,5.77421926260193,7.20065033225297
"9144714","2003-09-17",51.6630757634688,0.263157894736842,0.304093567251461,0.352748538011696,2.2145395491255,1.92512711754117,2.06983333333333,0.535128645341913,64.2999140344243,1.9808,2.03958772752066,5.36592668787055,6.83370560337648
"9144713","2003-09-18",53.3984208021621,0.0416666666666667,0.206871345029239,0.291335282651072,2.21658072746137,1.95808593920529,2.08733333333333,1.02612279310355,65.1180789912402,1.9964,2.04364269718458,5.02336756115807,6.4716379949328
"9144712","2003-09-19",55.12343316318,0.5,0.268274853801169,0.259746588693957,2.28904685916759,1.93095314083241,2.11,1.33776951294968,78.4282129926904,2.0232,2.08049033755997,5.65911121893632,6.3091326397335
"9144711","2003-09-22",56.1501339829893,0.425925925925926,0.32253086419753,0.265892354342647,2.32031000433587,1.9333566623308,2.12683333333333,1.01642746460817,73.5897855064683,2.0436,2.1070916258853,5.91956416881552,6.23121894554991
"9144710","2003-09-23",56.0262193194794,0.277777777777778,0.401234567901234,0.330680095299978,2.3291470360094,1.95418629732393,2.14166666666667,0.824478416308871,64.9583754185849,2.0596,2.1194794091006,5.74505188147416,6.13398553273476
"9144709","2003-09-24",55.9111557033632,0.277777777777778,0.32716049382716,0.350308641975309,2.34158875525229,1.96374457808104,2.15266666666667,0.792889697269328,64.9583754185849,2.0744,2.13021548788718,5.53933355308585,6.01505513680498
"9144708","2003-09-25",55.8043109169695,0.333333333333333,0.296296296296296,0.341563786008231,2.35433181291028,1.97066818708972,2.1625,0.780193358883278,66.6591304730205,2.0912,2.14352008950223,5.42341633553931,5.89672737655184
"9144707","2003-09-26",55.7050979010325,0.333333333333333,0.314814814814814,0.312757201646091,2.36246033066582,1.98087300266751,2.17166666666667,0.714018288015656,66.6591304730205,2.1024,2.15505074423526,5.26695505871859,5.77077291298519
"9144706","2003-09-29",56.621626918897,0.272727272727273,0.313131313131313,0.308080808080808,2.38323174933952,1.98410158399381,2.18366666666667,0.874982097725021,63.1068797444118,2.112,2.16104397833723,4.97124648988145,5.61086762836445
"9144705","2003-09-30",57.4726895783426,0.563636363636363,0.389898989898989,0.339281705948373,2.42572481011534,1.96894185655133,2.19733333333333,1.03125158190181,71.7526713293312,2.1284,2.18757144789226,5.26535735279476,5.54176557325051
"9144704","2003-10-01",58.8569730385648,0.428571428571428,0.421645021645021,0.374891774891775,2.50016582790481,1.93716750542852,2.21866666666667,1.14180179390953,74.1948719862324,2.1456,2.21856192150663,5.63898255012696,5.5612089686258
"9144703","2003-10-02",60.3239232230144,0.525773195876288,0.505993662694693,0.439179224746235,2.60224576782216,1.89175423217784,2.247,1.17042787906173,79.067377088339,2.168,2.26542033197241,6.37886121963891,5.72473941882842
"9144702","2003-10-03",61.6860912514318,0.618556701030928,0.524300441826214,0.483979708721977,2.69944561711945,1.85722104954722,2.27833333333333,1.09564477929296,81.3435779170373,2.194,2.31803095437609,7.16294752296349,6.01238103965544
"9144701","2003-10-06",62.9929797680346,0.595959595959596,0.58009649762227,0.53679686738106,2.77866580264489,1.84633419735511,2.3125,1.00500629889833,80.2987663446851,2.218,2.36229349379261,7.62613999260144,6.33513283024464
"9144700","2003-10-07",63.7002797445963,0.551020408163265,0.588512235051262,0.564303058166583,2.83961372530001,1.84905294136666,2.34433333333333,0.91626252524961,76.0887863250757,2.2364,2.3953210279536,7.74485626171453,6.61707751653862
"9144699","2003-10-08",64.3570582942608,0.729411764705882,0.625463922942914,0.598024218538816,2.91965073773167,1.85068259560166,2.38516666666667,0.978498825026526,81.5560409210652,2.264,2.45194489089312,8.4125453396612,6.97617108116313
"9144698","2003-10-09",65.1473274856235,0.723404255319148,0.667945476062765,0.627307211352314,3.00117696783722,1.85782303216278,2.4295,0.969816607007003,82.7683443257466,2.2936,2.5090189054407,8.98963083614461,7.37886303215943
"9144697","2003-10-10",65.9005082866619,0.831578947368421,0.76146498913115,0.684958129378943,3.08412943245555,1.87187056754445,2.478,0.966347039973834,84.7476789883006,2.328,2.57314971804861,9.6378496033372,7.83066034639498
"9144696","2003-10-13",66.7841915048755,0.857142857142857,0.804042019943475,0.744484161712464,3.17597249445947,1.88636083887387,2.53116666666667,0.979860220441578,86.4267214092697,2.37,2.64339642230879,10.3176132788438,8.32805093288475
"9144695","2003-10-14",66.9163001614534,0.809523809523809,0.832748538011695,0.79941851569544,3.23952653672183,1.9258067966115,2.58266666666667,0.901404741995462,82.0075430062769,2.4088,2.69761023266762,10.537096827906,8.76986011188901
"9144694","2003-10-15",67.0899643620008,0.809523809523809,0.825396825396824,0.820729127783999,3.28811652025906,1.98088347974095,2.6345,0.868845226307594,82.0075430062769,2.4476,2.74459553497861,10.5580768959708,9.12750346870537
"9144693","2003-10-16",67.4011902611756,0.765765765765765,0.794937794937794,0.817694386115438,3.34008745315884,2.0202458801745,2.68016666666667,0.845874845393596,82.0075430062769,2.4876,2.78531613031479,10.4308763021724,9.38817803539878
"9144692","2003-10-17",67.7149545836049,0.729166666666667,0.76815208065208,0.796162233662233,3.39449177936792,2.03950822063208,2.717,0.817101018603895,82.2344542907527,2.5276,2.82194064627282,10.2224168906178,9.55502580644259
"9144691","2003-10-20",65.9937778969651,0.544444444444445,0.679792292292292,0.747627389294056,3.41655596405216,2.08677736928117,2.75166666666667,0.701787977629121,68.3167192173924,2.5616,2.83368189343644,9.51417429798402,9.54685550475087
"9144690","2003-10-21",64.3955424022282,0.506666666666667,0.593425925925925,0.6804567662901,3.42276033579059,2.15490633087608,2.78883333333333,0.671812631808518,69.78526327612,2.5968,2.84919097431158,8.95985067945211,9.42945453969112
"9144689","2003-10-22",62.4162503357771,0.422535211267606,0.491215440792905,0.588144553003708,3.41141524533917,2.23391808799417,2.82266666666667,0.599646383519,66.4674602251861,2.6308,2.85729884440337,8.31004468104153,9.2055725679612
"9144688","2003-10-23",60.9054907859262,0.394366197183099,0.441189358372456,0.508610241697096,3.38944767306202,2.32355232693798,2.8565,0.584592419879253,64.8083600821885,2.6636,2.86165899848292,7.65020733342689,8.89449952105434
"9144687","2003-10-24",56.8123160099668,0,0.272300469483568,0.401568422882977,3.34077142091547,2.42556191241786,2.88316666666667,0.394559661909094,47.0875868017904,2.6752,2.82810446535187,6.26658876647739,8.36891737013895
"9144686","2003-10-27",53.0115108608618,0.267605633802817,0.220657276995304,0.311382368283777,3.29148826068981,2.52484507264352,2.90816666666667,0.402388315059527,55.8995878198084,2.696,2.82435720330495,5.64580680778974,7.82429525766911
"9144685","2003-10-28",49.4821917938356,0.267605633802817,0.178403755868544,0.223787167449139,3.24825857162354,2.60740809504313,2.92783333333333,0.35253970551094,55.8995878198084,2.72,2.82110957619762,5.09574139264155,7.2785844846636
"9144684","2003-10-29",47.126997145411,0.225352112676056,0.253521126760563,0.217527386541471,3.22224147348692,2.66109185984641,2.94166666666667,0.348525245435782,54.2452813944765,2.7428,2.81429496603794,4.52238897665789,6.72734538306246
"9144683","2003-10-30",44.4207017044226,0.140845070422535,0.211267605633802,0.214397496087637,3.21576212304377,2.67557121028956,2.94566666666667,0.236512906876503,50.9947983232092,2.762,2.80038897056622,3.85165764487558,6.15220783542508
"9144682","2003-10-31",41.9077130806477,0.422535211267606,0.262910798122065,0.242566510172144,3.21267437863426,2.69399228803241,2.95333333333333,0.46144073535141,59.6699673343752,2.7892,2.81500377449072,3.8516341659167,5.6920931015234
"9144681","2003-11-03",39.0185034529484,0.295774647887324,0.286384976525821,0.253521126760564,3.20824909932218,2.70708423401115,2.95766666666667,0.325074196667277,54.9553850895676,2.814,2.81566993789196,3.55068618346921,5.26381171791257
"9144680","2003-11-04",37.2033961539959,0.126760563380282,0.28169014084507,0.27699530516432,3.20752755358878,2.70847244641122,2.958,0.109929517067523,49.3558789333487,2.8276,2.80024727950636,2.93354423800709,4.79775822193147
"9144679","2003-11-05",35.0127969955288,0.295774647887324,0.239436619718309,0.269170579029734,3.20791411338,2.70475255328667,2.95633333333333,0.315168710458028,54.3635522247557,2.8436,2.80288097557218,2.7589795877089,4.39000249508696
"9144678","2003-11-06",33.4349681033026,0.301587301587301,0.241374170951635,0.254166977171672,3.20594684392375,2.70171982274292,2.95383333333333,0.426289815687329,53.4155527244758,2.8528,2.80249684549589,2.53358455164179,4.01871890639792
"9144677","2003-11-07",33.5284530780846,0.386363636363636,0.327908528612753,0.269573106427567,3.21910918907342,2.69722414425991,2.95816666666667,0.829255139692182,59.1667721858478,2.8644,2.82216393276311,2.75364516354746,3.76570415782783
"9144676","2003-11-10",35.7340756532288,0.155440414507772,0.281130450819569,0.283471050127987,3.30325588316721,2.64341078349945,2.97333333333333,1.22744345641376,57.1408664665135,2.8748,2.83387540839469,2.77829676510908,3.56822267928408
"9144675","2003-11-11",37.7821537587198,0.528497409326425,0.356767153399277,0.321935377610534,3.52783785820036,2.49649547513298,3.01216666666667,1.34792403992852,74.2392970961886,2.9156,2.94002535394207,4.7435924401716,3.80329663146158
"9144674","2003-11-12",39.6839405709615,0.616580310880829,0.433506044905008,0.357134549707952,3.70521452728532,2.40045213938135,3.05283333333333,1.17228077295804,76.6118199311199,2.9548,3.05468864008312,6.59043715263372,4.36072473569601
"9144673","2003-11-13",40.0514809847061,0.46195652173913,0.535678080648794,0.441983759651027,3.78925250342494,2.37174749657507,3.0805,0.929980844550591,66.8598204643582,2.9816,3.12073015473871,7.24633876412704,4.93784754138222
"9144672","2003-11-14",40.3927685117547,0.5,0.526178944206652,0.498454356586819,3.86862397540915,2.34870935792419,3.10866666666667,0.895636259047482,68.0848253742745,3.0068,3.18729946744021,7.81937693181103,5.51415341946798
"9144671","2003-11-17",41.7029188782482,0.489130434782609,0.483695652173912,0.515184225676454,3.9854093907084,2.31992394262494,3.15266666666667,0.948718020438615,67.3191612334783,3.0268,3.24232620511485,8.0997165275736,6.0312660410891
"9144670","2003-11-18",42.9194870757064,0.625,0.538043478260869,0.515972691547145,4.10426325310936,2.29807008022397,3.20116666666667,0.929356068687349,71.6160620140291,3.0588,3.3233493777662,8.79941441081822,6.58489571503493
"9144669","2003-11-19",44.0491575447747,0.641304347826087,0.585144927536231,0.535628019323672,4.20973677913882,2.29726322086118,3.2535,0.883360420066123,72.0902859250645,3.092,3.39756946073071,9.2745858809693,7.1228337482218
"9144668","2003-11-20",45.9284950832333,0.539823008849557,0.602042452225214,0.575076952674105,4.36038269165059,2.27861730834941,3.3195,0.954982427061347,72.7441595164465,3.1268,3.46722686596662,9.59683273451357,7.61763354548016
"9144667","2003-11-21",47.6735942260877,0.650442477876106,0.610523278183916,0.599236885981788,4.50124450800557,2.29475549199443,3.398,0.934476065690883,76.4566944572205,3.1712,3.5609299505044,10.26184343514,8.14647552341212
"9144666","2003-11-24",49.2940434301668,0.680555555555555,0.623607014093739,0.612057581500957,4.6117551393952,2.3322448606048,3.472,0.869085123748499,77.7615435433206,3.2256,3.65547262377048,10.8302732349713,8.68323506572395
"9144665","2003-11-25",50.8924264150827,0.671296296296296,0.667431443242652,0.633853911840103,4.70602621962481,2.38797378037519,3.547,0.839221546509913,76.8442279470612,3.2776,3.73474294060108,11.0618226393013,9.15895258043942
"9144664","2003-11-26",51.5586296400528,0.580487804878049,0.644113218909966,0.645050558748786,4.76101718487343,2.46731614845991,3.61416666666667,0.755409630127453,70.1594634650545,3.3252,3.78344388185427,10.7740768759004,9.48197743953161
"9144663","2003-11-28",51.555260953024,0.521951219512195,0.591245106895512,0.634263256349377,4.77517676877973,2.57815656455361,3.67666666666667,0.671444334440858,65.2678845303519,3.3688,3.8096513642737,10.1656780904532,9.61871756971592
"9144662","2003-12-01",51.6506093290845,0.312056737588653,0.471498587326298,0.568952304377259,4.79022093648378,2.67777906351622,3.734,0.663791489095006,65.4838521120688,3.424,3.83369784903721,9.5891938173658,9.6128128192459
"9144661","2003-12-02",51.7731454956197,0.375886524822695,0.40329816064118,0.488680618287664,4.78983305331537,2.80583361335129,3.79783333333333,0.6758233023189,67.4458173903703,3.4752,3.86653813583225,9.20771231628215,9.53179271865315
"9144660","2003-12-03",50.76370074149,0.226950354609929,0.304964539007091,0.393253762324857,4.73151233203687,2.98582100129646,3.85866666666667,0.569504460036398,59.0163045524188,3.518,3.86699971772128,8.37061862850002,9.29955790062252
"9144659","2003-12-04",49.0196485620218,0.073529411764706,0.225455430399109,0.311239376682461,4.65058414795323,3.15874918538011,3.90466666666667,0.41866839404001,53.2177677494818,3.5552,3.84473308869178,7.27172344638607,8.89399100977523
"9144658","2003-12-05",47.4001715382299,0.125,0.141826588791544,0.224082186065916,4.54516048602073,3.3541728473126,3.94966666666667,0.388327976145692,55.1709369630606,3.5976,3.83476867686621,6.47413144513436,8.41001909684706
"9144657","2003-12-08",46.716678743721,0.158730158730159,0.119086523498287,0.162122847562981,4.45562344919888,3.53204321746779,3.99383333333333,0.52111348784875,58.6257096909843,3.6372,3.84346618661738,6.04567043661826,7.9371493648013
"9144656","2003-12-09",46.1044883174717,0.246031746031746,0.1765873015873,0.145833471292378,4.41633048918191,3.63500284415142,4.02566666666667,0.582338483403875,61.3405804857336,3.6848,3.8656706950684,5.86659499835751,7.52303849151254
"9144655","2003-12-10",44.9777185790316,0.158730158730159,0.187830687830687,0.161168170972092,4.41617180534172,3.64316152799161,4.02966666666667,0.418500436739384,57.2920479108501,3.7328,3.87024793572594,5.43049421069626,7.10452963534928
"9144654","2003-12-11",44.0655480882529,0.203883495145631,0.202881799969177,0.189099929795722,4.41695590958432,3.64837742374901,4.03266666666667,0.444486259434786,57.5662389648523,3.7764,3.87554821096248,5.04718655542726,6.69306101936488
"9144653","2003-12-12",43.1640336259438,0.25,0.204204551291929,0.198305679697265,4.39919959081907,3.6904670758476,4.04483333333333,0.342676894816248,57.1709590971624,3.8204,3.87880844950082,4.6684706644726,6.28814294838642
"9144652","2003-12-15",40.5715325374771,0,0.151294498381876,0.186126949880995,4.39966525821317,3.68966807512017,4.04466666666667,0.0239417732228869,44.8890992391706,3.8436,3.83230065623404,3.55408615263575,5.74133158923629
"9144651","2003-12-16",37.9990864100214,0,0.0833333333333322,0.14627746100238,4.45380077951507,3.5928658871516,4.02333333333333,-0.138840410440474,39.4608395023456,3.8596,3.76266056873617,2.17030618565313,5.02712650851966
"9144650","2003-12-17",36.0132502110639,0,-1.07321559047098e-15,0.0782092772384031,4.51382300968931,3.46984365697735,3.99183333333333,-0.117987956362074,36.8437036986016,3.842,3.68630582623802,0.786575925702482,4.17901639195622
"9144649","2003-12-18",34.9465483660777,0,-1.07321559047098e-15,0.0277777777777774,4.59770632357658,3.29762700975676,3.94766666666667,-0.149447556282208,31.9061569452426,3.8072,3.58546504940628,-0.906060292014399,3.1620010551621
"9144648","2003-12-19",33.956039510019,0.0740740740740738,0.0246913580246902,0.00823045267489679,4.61836601420746,3.16063398579254,3.8895,-0.0393080836136362,35.4871658184463,3.7864,3.51140304281878,-2.03207385869523,2.12318607239063
"9144647","2003-12-22",32.8982761869811,0.0909090909090907,0.0549943883277204,0.026561915450804,4.59536605780205,3.06063394219795,3.828,0.0430255702590345,36.2097139467943,3.7636,3.44988263710961,-2.86764407039469,1.12502004383357
"9144646","2003-12-23",31.36869539731,0.106060606060606,0.0903479236812557,0.0566778900112229,4.55419815776558,2.98846850890109,3.77133333333333,0.122327306784934,36.9699578388627,3.7424,3.39923161882833,-3.45961478232879,0.208093078601097
"9144645","2003-12-24",29.9483703783297,0.21969696969697,0.138888888888888,0.094743733632622,4.48586479970261,2.94980186696406,3.71783333333333,0.204113685505253,42.5044592166696,3.7172,3.37533406965122,-3.53828254642149,-0.54118204640342
"9144644","2003-12-26",28.2404881439315,0.318181818181818,0.214646464646464,0.147961092405536,4.42336585841776,2.93730080824891,3.68033333333333,0.345004541821932,46.859510092288,3.696,3.37195619369772,-3.25237327033006,-1.08342029118875
"9144643","2003-12-29",27.8903860541417,0.507575757575758,0.348484848484847,0.234006734006734,4.38926756509941,2.94106576823392,3.66516666666667,0.558578392539594,54.0652956694002,3.6832,3.40236203453802,-2.39920590033266,-1.34657741301753
"9144642","2003-12-30",27.697733785126,0.795081967213114,0.540279847656896,0.367803720262736,4.37221086548318,2.94678913451683,3.6595,0.715491780427975,60.91446322582,3.6724,3.46871376326629,-1.01077877974097,-1.27941768636222
"9144641","2003-12-31",27.3812370483626,0.770491803278688,0.691049842689186,0.526604846276977,4.33985023317476,2.95914976682524,3.6495,0.715228917429393,59.9517795060669,3.6564,3.52221859483078,0.00256717738091883,-1.02302071361359
"9144640","2004-01-02",28.0792319403599,0.738853503184713,0.768142424558838,0.666490704968307,4.38346566508006,2.94020100158661,3.66183333333333,0.891358111662027,64.3955679724767,3.65,3.59792278218668,1.27328559421356,-0.563759452048161
"9144639","2004-01-05",28.8341286159429,0.833333333333334,0.780892879932244,0.74669504906009,4.47516857992964,2.9071647534037,3.69116666666667,0.932928365256193,67.7262640044499,3.6572,3.68886641122845,2.64034889863713,0.077062218088898
"9144638","2004-01-06",29.5351041004127,0.845679012345679,0.805955282954574,0.784996862481886,4.55861666517701,2.880383334823,3.7195,0.895554850047758,68.064920968566,3.67,3.77035088973133,3.68847478553411,0.799344731577941
"9144637","2004-01-07",30.1860099074204,0.845679012345679,0.84156378600823,0.809470649631683,4.61110289028978,2.86156377637689,3.73633333333334,0.850759043788499,68.064920968566,3.6824,3.84097077110048,4.43946219127274,1.5273682235169
"9144636","2004-01-08",31.7940055260034,0.752475247524752,0.814611090738703,0.820710053233836,4.70735144654477,2.81798188678857,3.76266666666667,0.952002624679842,70.7359343359994,3.6972,3.92217466828709,5.25869608450276,2.27363379571407
"9144635","2004-01-09",33.233609773557,0.734375,0.777509753290143,0.811228210012359,4.79417165501475,2.78949501165192,3.79183333333333,0.878198982452775,70.3137116983318,3.72,3.99121804584881,5.79333246438816,2.97757352944889
"9144634","2004-01-12",34.5703851462853,0.742105263157895,0.742985170227548,0.778368671418799,4.86473686488644,2.77059646844689,3.81766666666667,0.829013279707241,70.6905232124337,3.7504,4.0537223064023,6.16490404363692,3.6150396322865
"9144633","2004-01-13",35.4532234666581,0.707446808510638,0.727975690556177,0.74949020469129,4.92615946879824,2.76117386453509,3.84366666666667,0.781603104180531,67.9058059301371,3.7756,4.09989266554866,6.25378073609375,4.14278785304795
"9144632","2004-01-14",34.9658582039899,0.543352601156069,0.6643015576082,0.711754139463975,4.96824287657638,2.77575712342363,3.872,0.683049460073445,58.0543706200771,3.786,4.10790697680884,5.78298011362322,4.470826305163
"9144631","2004-01-15",34.569655998294,0.51875,0.589849803222235,0.660709017128871,5.00787066714648,2.81812933285352,3.913,0.673688703490696,58.5934651521093,3.7928,4.11751937990099,5.38641420775197,4.65394388568079
"9144630","2004-01-16",34.2315839714623,0.437037037037037,0.499713212731034,0.58462152452049,5.03596820859318,2.88569845807349,3.96083333333333,0.659282341165438,58.8780466333837,3.8044,4.12718346258086,5.03299345737538,4.72975380001971
"9144629","2004-01-20",32.3469154917981,0,0.318595679012344,0.469386231655205,5.00655673391256,3.00544326608744,4.006,0.500333147858622,47.6032437721293,3.8028,4.09289233423675,4.08086062933566,4.5999751658829
"9144628","2004-01-21",30.5968661892528,0.0277777777777776,0.154938271604937,0.324415721116106,4.95998652465837,3.1356801420083,4.04783333333333,0.440890776703478,48.5970451808994,3.8028,4.06717335633851,3.34555858020673,4.34909184874767
"9144627","2004-01-22",29.6915687552975,0.0925925925925927,0.0401234567901223,0.171219135802469,4.90270409794476,3.28562923538857,4.09416666666667,0.47474864381431,50.9354746581404,3.8204,4.05421690882671,2.86835389388944,4.05294425777602
"9144626","2004-01-23",29.804713180855,0.185185185185185,0.101851851851851,0.0989711934156374,4.83895112971475,3.45438220361858,4.14666666666667,0.560187204669033,54.1447839934145,3.8508,4.05632132098315,2.65869726830663,3.77409485988214
"9144625","2004-01-26",29.5737834075704,0.12037037037037,0.132716049382715,0.09156378600823,4.75392160972829,3.63141172360504,4.19266666666667,0.491685299658636,51.6004161108951,3.8832,4.04881181151873,2.32641441296275,3.48455877049827
"9144624","2004-01-27",29.3593486180919,0.203703703703703,0.169753086419752,0.13477366255144,4.6758039370689,3.78286272959777,4.22933333333333,0.448484850273317,54.5571867806824,3.9296,4.0543035699829,2.21698063963338,3.23104314432529
"9144623","2004-01-28",29.6410389525833,0.240740740740741,0.18827160493827,0.16358024691358,4.64374513007171,3.86658820326163,4.25516666666667,0.514797526218035,55.8481881683202,3.9736,4.06439642731851,2.18418771051792,3.02167205756381
"9144622","2004-01-29",29.2342348186917,0.144444444444444,0.196296296296295,0.18477366255144,4.63532071810147,3.88667928189853,4.261,0.262681227520907,50.797274397508,4.0116,4.05581023700938,1.87789405760272,2.7929164575716
"9144621","2004-01-30",29.0099735158211,0.260273972602739,0.215153052595974,0.19990698461018,4.6212509408909,3.92008239244243,4.27066666666667,0.313644426927302,52.9139099023151,4.0512,4.0563688720748,1.73469352527227,2.58127187111173
"9144620","2004-02-02",28.9576098669413,0.521739130434783,0.308819182493988,0.240089510462086,4.62283825393366,3.922828412733,4.27283333333333,0.495952437856484,58.3773812613025,4.0916,4.07951968913149,1.93593671217391,2.45220483932417
"9144619","2004-02-03",28.3610929053974,0.38235294117647,0.388122014737997,0.30403141660932,4.61278644022477,3.91621355977523,4.2645,0.412189135719451,54.3802106214237,4.1228,4.08625039724729,1.87437316415819,2.33663850429097
"9144618","2004-02-04",27.7520635605659,0.36764705882353,0.42391304347826,0.373618080236749,4.60007077781765,3.90926255551568,4.25466666666667,0.401564576383582,53.9821557102859,4.1436,4.09075034428099,1.78495219729016,2.22630124289081
"9144617","2004-02-05",26.6347480798573,0.220588235294117,0.323529411764705,0.378521489993655,4.59212458259212,3.88920875074121,4.24066666666667,0.257201845607508,50.0377249233125,4.1484,4.08131696504352,1.49930158067202,2.08090131044705
"9144616","2004-02-06",24.8004634801256,0,0.196078431372548,0.314506962205172,4.53697964955814,3.87635368377519,4.20666666666667,0.0912967185902232,43.5295844032603,4.1468,4.04780803637105,0.884906909348127,1.84170243022727
"9144615","2004-02-09",23.0548215636846,0.305555555555555,0.175381263616556,0.231663035584604,4.47715829062437,3.89017504270896,4.18366666666667,0.340427019000442,51.4101702867913,4.1452,4.04810029818824,0.826193240266715,1.63860059223516
"9144614","2004-02-10",21.4338683555607,0.305555555555555,0.203703703703702,0.191721132897603,4.41835263027803,3.90731403638864,4.16283333333333,0.357479779014309,51.4101702867913,4.136,4.04835359176314,0.770762450202334,1.46503296382859
"9144613","2004-02-11",19.9286975194457,0.305555555555555,0.305555555555554,0.228213507625272,4.36412212083422,3.92454454583244,4.14433333333333,0.36123040967285,51.4101702867913,4.126,4.04857311286139,0.718538085344478,1.31573398813177
"9144612","2004-02-12",18.6450760912404,0.305555555555555,0.305555555555554,0.271604938271604,4.34784770066411,3.92248563266922,4.13516666666667,0.393815951009509,51.4101702867913,4.116,4.04876336447987,0.669423196714503,1.18647182984832
"9144611","2004-02-13",17.4531419079068,0.338028169014085,0.316379760041731,0.309163623717614,4.32545632471869,3.92354367528131,4.1245,0.389279424117921,52.225401162759,4.1008,4.05159491588256,0.662716989679013,1.08172086181446
"9144610","2004-02-17",16.2134799884512,0.309859154929577,0.317814293166405,0.313249869587897,4.2973227378989,3.9276772621011,4.1125,0.366989670141233,51.2985185206851,4.0852,4.05138226043155,0.61045813690741,0.987468316833046
"9144609","2004-02-18",15.3187124259078,0.346153846153846,0.331347056699168,0.321847036635768,4.29571402810286,3.93261930523047,4.11416666666667,0.295737415074654,49.4097853371801,4.0672,4.04586462570734,0.483702728800672,0.886715199226572
"9144608","2004-02-19",16.1420090041022,0.308823529411765,0.321612176831728,0.323591175565768,4.29311776278024,3.96088223721976,4.127,0.709690599911432,50.8707897158329,4.0528,4.04508267561303,0.438067842145196,0.796985727810296
"9144607","2004-02-20",16.7684807785084,0.279411764705882,0.311463046757163,0.321474093429354,4.29702941411098,3.96930391922235,4.13316666666667,0.632733036271047,49.8374707201781,4.0472,4.04173831886463,0.357842670658326,0.709157116379902
"9144606","2004-02-23",16.4311504876907,0.0735294117647056,0.220588235294116,0.284554486294336,4.29147465699142,3.94952534300858,4.1205,0.079372358850373,43.2194530367005,4.0352,4.02017320968268,0.0135074077443509,0.570027174652792
"9144605","2004-02-24",16.1179152176457,0.102941176470588,0.151960784313724,0.228004022121668,4.29328185336589,3.92371814663411,4.1085,0.0530766044985563,44.3562296302674,4.0236,4.00415011505832,-0.217908158589453,0.412440108004343
"9144604","2004-02-25",15.7593393806595,0.0882352941176472,0.0882352941176458,0.153594771241829,4.29309569751629,3.89823763581704,4.09566666666667,0.0719981016147493,43.8831566984248,4.0244,3.98893009971721,-0.41756639188959,0.246438808025557
"9144603","2004-02-26",16.0522680848335,0.0735294117647056,0.0882352941176458,0.109477124183006,4.26972886302363,3.89093780364304,4.08033333333333,0.182322667461828,43.3848505277675,4.0236,3.97440608642158,-0.590109436297992,0.0791291591608469
"9144602","2004-02-27",16.324273310138,0.206349206349206,0.122704637410519,0.0997250752152707,4.26831585001428,3.88701748331906,4.07766666666667,0.374988536982727,51.1506354579186,4.0252,3.97915194156537,-0.457719007685942,-0.0282404742085108
"9144601","2004-03-01",16.683867518308,0.190476190476191,0.1567849361967,0.122574955908289,4.26164870920486,3.88268462412848,4.07216666666667,0.388731760271776,50.5759396988542,4.0224,3.98193168268999,-0.368881964908696,-0.0963687723485478
"9144600","2004-03-02",17.337736802524,0.126984126984127,0.174603174603174,0.151364249403465,4.22699891990346,3.89266774676321,4.05983333333333,0.390826812058327,48.2411422197504,4.0208,3.97900745833132,-0.375299007875374,-0.152154819453913
"9144599","2004-03-03",17.5077730660479,0.047619047619048,0.121693121693121,0.151027077497665,4.20792560268091,3.88540773065243,4.04666666666667,0.169268974163241,45.4186413156398,4.0136,3.96980646388715,-0.476567167405595,-0.217037289044249
"9144598","2004-03-04",17.1600116674639,0,0.0582010582010572,0.118165784832451,4.19385311629932,3.86948021703402,4.03166666666667,0.0529836175327141,42.2259162698157,4.0024,3.95383226870219,-0.671869748065279,-0.308003780848455
"9144597","2004-03-05",16.9667933213557,0.0151515151515148,0.0209235209235198,0.0669392336059,4.19401390187338,3.85231943145995,4.02316666666667,0.139541528086056,42.9457772070821,3.9968,3.9413212995419,-0.797910906253074,-0.405985205929379
"9144596","2004-03-08",15.8193816093822,0,0.00505050505050376,0.0280583613916943,4.20604854959812,3.82895145040188,4.0175,-0.014898330113172,36.9896768391766,3.984,3.91447845960298,-1.13264141996984,-0.551316448737471
"9144595","2004-03-09",14.7007038482716,0,0.00505050505050376,0.0103415103415098,4.20789103843856,3.80010896156144,4.004,0.048778599076477,36.5349469933401,3.964,3.88988133165592,-1.40530869772304,-0.722114898534585
"9144594","2004-03-10",15.7271388212219,0,-1.18076844598155e-15,0.00336700336700285,4.25785112636431,3.69581554030236,3.97683333333333,-0.265372651366692,24.7425045439083,3.9336,3.82056382076846,-2.35453839412318,-1.0485995976523
"9144593","2004-03-11",16.68025701039,0.1375,0.0458333333333321,0.016961279461279,4.26992886449906,3.63740446883427,3.95366666666667,-0.0275158854797672,31.9682370012306,3.908,3.77515531133267,-2.85640107563678,-1.4101598932492
"9144592","2004-03-12",16.3678831950763,0.564102564102564,0.23386752136752,0.0932336182336177,4.2547121950571,3.63295447160956,3.94383333333333,0.418778652688081,48.0751780800668,3.8996,3.77980126982164,-2.52297418320911,-1.63272275124118
"9144591","2004-03-15",16.1854553376764,0.538461538461538,0.413354700854699,0.231018518518518,4.23930642713696,3.62402690619637,3.93166666666667,0.345598631570296,47.343595558029,3.898,3.78116110051209,-2.27510910227847,-1.76120002144864
"9144590","2004-03-16",16.8099052191183,0.333333333333333,0.478632478632477,0.3752849002849,4.2298382145621,3.5981617854379,3.914,0.177049846101053,41.8560813636326,3.8812,3.76100628711048,-2.3940508684503,-1.88777019084897
"9144589","2004-03-17",17.1632970505997,0.41025641025641,0.427350427350426,0.439779202279202,4.21707692722394,3.58292307277606,3.9,0.279233384740854,44.4560444078487,3.8668,3.75153878216242,-2.33406783566489,-1.97702971981216
"9144588","2004-03-18",18.2787759404072,0.179487179487179,0.307692307692306,0.404558404558404,4.17737322143542,3.56729344523125,3.87233333333333,0.124639253861511,38.844319958237,3.8452,3.71933361120743,-2.64678008655377,-2.11097979316048
"9144587","2004-03-19",20.5698981474191,0,0.196581196581195,0.31054131054131,4.20131316671705,3.45202016661629,3.82666666666667,-0.251819826499886,29.4901710274859,3.8068,3.63542246304644,-3.78430274793046,-2.44564438411447
"9144586","2004-03-22",22.6973687682158,0.0412371134020619,0.0735747642964125,0.192616089523305,4.24224717733655,3.33441948933012,3.78833333333333,-0.137051877766955,31.1896886213444,3.7692,3.56803280130691,-4.57402865288182,-2.87132123786794
"9144585","2004-03-23",24.6728772018127,0.0721649484536086,0.0378006872852223,0.102652216054277,4.26160760704939,3.24339239295061,3.7525,-0.0164265138178554,32.5037082826265,3.7336,3.51362842779932,-5.09462028862279,-3.31598104801891
"9144584","2004-03-24",24.4215356574064,0.185567010309279,0.0996563573883152,0.0703439363233175,4.25051693136407,3.2021497353026,3.72633333333333,0.191901843921237,37.2364413869197,3.704,3.48114463742608,-5.20683313410251,-3.69415146523563
"9144583","2004-03-25",24.1881470804577,0.278350515463918,0.1786941580756,0.105383734249713,4.2268377415083,3.17449559182503,3.70066666666667,0.258633634434913,40.8885067261641,3.6768,3.4649920191026,-5.03393042165188,-3.96210725651888
"9144582","2004-03-26",23.224575307543,0.268041237113402,0.243986254295532,0.174112256586483,4.18482353091509,3.16184313575158,3.67333333333333,0.314268190379511,40.6057837843966,3.65,3.44965974988892,-4.86656581675025,-4.14299896856515
"9144581","2004-03-29",22.3298300898365,0.288659793814433,0.278350515463917,0.233676975945017,4.13664278793583,3.15369054539751,3.64516666666667,0.318404198825516,41.4773461955175,3.6296,3.43903844990373,-4.63556066254942,-4.24151130736201
"9144580","2004-03-30",21.2627567868886,0.288659793814433,0.281786941580755,0.268041237113402,4.08216663674447,3.15383336325554,3.618,0.35134648951948,41.4773461955175,3.6084,3.4298333232499,-4.4029691132792,-4.27380286854545
"9144579","2004-03-31",19.9753193546033,0.556701030927835,0.378006872852233,0.312714776632302,4.04555063957177,3.16344936042823,3.6045,0.574254511980295,52.0793859728148,3.598,3.45652221348325,-3.56752902807836,-4.13254810045203
"9144578","2004-04-01",18.7798417389098,0.666666666666667,0.504009163802977,0.387934326078656,4.0176226856344,3.17071064769894,3.59416666666667,0.601348581067012,52.7879186676145,3.5888,3.48231925168548,-2.82760048449323,-3.87155857726027
"9144577","2004-04-02",18.1859495793608,0.573170731707317,0.598846143100605,0.493620726585273,3.97901431723035,3.17965234943632,3.57933333333334,0.530023945305066,49.2584035181714,3.5708,3.49267668479409,-2.42207559743889,-3.58166198129599
"9144576","2004-04-05",19.1582434631401,0.146341463414634,0.462059620596205,0.521638309166596,3.95216694607423,3.15683305392578,3.5545,0.213537502195605,38.4824939234811,3.5392,3.45498646015487,-2.87942462457927,-3.44121450995265
"9144575","2004-04-06",20.0965420084826,0.134146341463415,0.284552845528454,0.448486203075089,3.92222329827216,3.13344336839451,3.52783333333334,0.194253545847598,38.2251938309443,3.5088,3.42098826546756,-3.23642265236578,-3.40025613843528
"9144574","2004-04-07",20.9678192291578,0.318181818181818,0.199556541019954,0.315389669048205,3.91987409964663,3.11579256702005,3.51783333333334,0.287127723096012,42.3745057148856,3.4844,3.40485649673855,-3.25122522081632,-3.37044995491149
"9144573","2004-04-08",21.9726940527281,0.193548387096774,0.215292182247335,0.233133856265249,3.91173020383181,3.09193646283486,3.50183333333334,0.253799860574825,40.8954176782668,3.4604,3.38420896384008,-3.34577160145035,-3.36551428421926
"9144572","2004-04-12",23.2780374494387,0,0.170576735092863,0.195141819453385,3.85380020024774,3.0825331330856,3.46816666666667,0.178235105279689,38.0358695691727,3.432,3.35298110199473,-3.62269578797237,-3.41695058496988
"9144571","2004-04-13",24.0753398496688,0.25,0.14784946236559,0.177906126568597,3.79318555504589,3.09314777828745,3.44316666666667,0.347865353076863,44.3245878845584,3.4144,3.3459169550621,-3.44552940259772,-3.42266634849545
"9144570","2004-04-14",24.4849214139632,0.283333333333333,0.177777777777776,0.165401325078744,3.75499303790106,3.09667362876561,3.42583333333334,0.405061283120785,45.124284755307,3.398,3.34246136105382,-3.22029492673243,-3.38219206414285
"9144569","2004-04-15",25.5480128179217,0,0.177777777777776,0.167801672640382,3.69890088819094,3.10343244514239,3.40116666666667,0.274127409151327,39.8806995122783,3.3892,3.31679984624665,-3.41531320406737,-3.38881629212775
"9144568","2004-04-16",27.3035073747034,0,0.0944444444444431,0.15,3.69539092255375,3.04127574411292,3.36833333333333,-0.0834854154835953,33.682107772393,3.366,3.26122653341376,-4.14347851324597,-3.53974873635139
"9144567","2004-04-19",28.1020626436837,0.223529411764706,0.0745098039215673,0.11557734204793,3.70055290656275,3.02478042677059,3.36266666666667,0.18529842065768,41.1664493609832,3.3372,3.23839632895859,-4.21452465035822,-3.67470391915276
"9144566","2004-04-20",28.6233038692389,0.270588235294118,0.16470588235294,0.111220043572984,3.70164033051734,3.02135966948266,3.3615,0.242998230954527,42.6342485607721,3.3108,3.22394348509745,-4.12714049485546,-3.7651912342933
"9144565","2004-04-21",29.2153811600117,0.238095238095238,0.244070961718019,0.161095549330843,3.70435465797708,3.01264534202292,3.3585,0.222667703168469,41.7921132715502,3.2896,3.20741768708445,-4.08844219380228,-3.8298414261951
"9144564","2004-04-22",28.2387086804058,0.253164556962026,0.253949343450459,0.220908729173807,3.69926758374609,3.00139908292058,3.35033333333334,0.341899536656517,41.7921132715502,3.266,3.19309532880653,-4.01412267484539,-3.86669767592516
"9144563","2004-04-23",26.4327688493176,0.512820512820513,0.334693435959257,0.27757124704258,3.69727074788435,3.00139591878232,3.34933333333333,0.611131097288178,49.5039645168923,3.2576,3.20734928496566,-3.41208682947576,-3.77577550663528
"9144562","2004-04-26",25.1849257748372,0.397435897435897,0.387806989072811,0.325483256160843,3.68389492552435,2.99877174114232,3.34133333333333,0.473727352379358,46.5172866527701,3.2624,3.2077027136369,-3.12496929494804,-3.64561426429783
"9144561","2004-04-27",24.026214348534,0.448717948717949,0.452991452991452,0.391830626007841,3.67068292243379,2.99398374423288,3.33233333333333,0.432515557669098,48.0183554015012,3.2672,3.21334235181865,-2.76494843037902,-3.46948109751407
"9144560","2004-04-28",23.4306672239455,0.32051282051282,0.388888888888888,0.409895776984384,3.65424668194839,2.98241998471828,3.31833333333333,0.323863306085908,44.644836990448,3.2668,3.2048967049095,-2.69959128975096,-3.31550313596145
"9144559","2004-04-29",23.2380280969981,0.217948717948718,0.329059829059828,0.39031339031339,3.59530314918726,2.98703018414607,3.29116666666667,0.22956220405281,42.0968341392049,3.2588,3.18691047758823,-2.81846690899392,-3.21609589056794
"9144558","2004-04-30",23.3613658597562,0.128205128205128,0.222222222222221,0.313390313390313,3.52054504112863,3.00245495887137,3.2615,0.162542597666403,39.948405870832,3.2444,3.16198908057647,-3.05866591637907,-3.18460989573017
"9144557","2004-05-03",23.5195484261144,0.115384615384616,0.153846153846153,0.235042735042735,3.45443372798993,3.01523293867674,3.23483333333333,0.124697092209026,39.6371905778147,3.23,3.13905720316627,-3.24215380603482,-3.1961186777911
"9144556","2004-05-04",23.2179637502925,0.115384615384616,0.119658119658119,0.165242165242165,3.44699305544791,2.99900694455209,3.223,0.20311579585794,39.6371905778147,3.2148,3.11918290941077,-3.35316584201834,-3.22752811063655
"9144555","2004-05-05",22.9379208370293,0.205128205128205,0.145299145299144,0.13960113960114,3.44057789178284,2.99008877488383,3.21533333333333,0.317975624884219,43.2277723252788,3.2024,3.11129185482267,-3.22531841815661,-3.22708617214056
"9144554","2004-05-06",22.7330575192053,0.0869565217391299,0.135823114083982,0.133593459680416,3.42654688169483,2.97678645163851,3.20166666666667,0.214662907723418,42.8357700425547,3.1792,3.10311960751298,-3.11494608896795,-3.20465815550604
"9144553","2004-05-07",21.8894539671633,0.101449275362319,0.131178000743217,0.137433420042115,3.41575979184037,2.96824020815963,3.192,0.309319331611167,43.38862868,3.1556,3.09737032651125,-2.9680453293784,-3.15733559028051
"9144552","2004-05-10",21.2339876620589,0.0724637681159418,0.0869565217391288,0.117985878855443,3.41492313804759,2.95241019528575,3.18366666666667,0.21820608401775,42.5032549924167,3.1348,3.08972094964308,-2.87129857978379,-3.10012818818117
"9144551","2004-05-11",19.7345814735493,0.0869565217391299,0.0869565217391288,0.101697014740492,3.39462845596098,2.94903821070569,3.17183333333333,0.338790606171865,43.1281438448991,3.1284,3.084424823024,-2.73765301213161,-3.02763315297126
"9144550","2004-05-12",19.7755702470614,0,0.0531400966183559,0.0756843800322055,3.38145838938714,2.9168749439462,3.14916666666667,-0.0147980820532077,33.3652495428541,3.1124,3.04650151328747,-3.25395063094447,-3.0728966485659
"9144549","2004-05-13",20.4960844746534,0.491228070175439,0.192728197304855,0.110941605220781,3.45167799283699,2.87532200716301,3.1635,1.17637596038405,56.9006377316176,3.1148,3.08830131151581,-2.16602630456528,-2.89152257976578
"9144548","2004-05-14",21.1651334002745,0.640350877192982,0.377192982456139,0.207687092126451,3.52656311013434,2.86143688986567,3.194,1.10539887677862,61.3621226342513,3.126,3.14719446998037,-0.864388711201336,-2.48609580605289
"9144547","2004-05-17",22.4596220578274,0.630252100840336,0.587277016069584,0.385732731943527,3.61852010719839,2.82414655946828,3.22133333333333,1.09837507768426,61.8623054617713,3.142,3.20090187398298,0.198730858055485,-1.94913047323121
"9144546","2004-05-18",23.6616472398408,0.739495798319328,0.670032925450881,0.544834307992202,3.71528462249077,2.7863820441759,3.25083333333333,1.06608017418496,65.0311096863712,3.1572,3.26478162411859,1.33244753098654,-1.29281487238766
"9144545","2004-05-19",25.3032503498031,0.785714285714286,0.718487394957982,0.658599112159483,3.85783520046862,2.72716479953139,3.2925,1.1257349616772,69.62996987836,3.1804,3.34947740756944,2.707872192932,-0.49267745932373
"9144544","2004-05-20",25.8570602895822,0.657142857142857,0.727450980392155,0.705323766933673,3.93230664697339,2.71136001969328,3.32183333333333,0.913476987489572,62.3992396082281,3.2032,3.39888041989352,3.30171614768096,0.266201262077207
"9144543","2004-05-21",26.3976736342322,0.692857142857143,0.711904761904761,0.719281045751634,3.99728531185156,2.69004802148178,3.34366666666667,0.897530479351354,63.5321063221695,3.238,3.44836303057438,3.83147776459882,0.97925656258153
"9144542","2004-05-24",26.8996717399787,0.792857142857143,0.714285714285713,0.717880485527544,4.07697311776535,2.67169354890132,3.37433333333333,0.900157624000682,66.5692864514801,3.2708,3.5099146264978,4.50612421330012,1.68463009272525
"9144541","2004-05-25",26.0523811398126,0.614285714285714,0.699999999999999,0.708730158730158,4.12298334081854,2.67568332584813,3.39933333333333,0.767624769796781,57.3793565255339,3.292,3.52992600963142,4.4071035824236,2.22912479066492
"9144540","2004-05-26",25.2656112968012,0.65,0.685714285714284,0.7,4.16655206265863,2.69178127067471,3.42916666666667,0.749191265515655,58.6100444438382,3.3164,3.5539358750139,4.38826478868259,2.66095279026845
"9144539","2004-05-27",24.4312985453644,0.635714285714286,0.633333333333332,0.673015873015873,4.20106066507877,2.72293933492124,3.462,0.717393069687375,57.8899723968629,3.34,3.57207775834538,4.27571774414346,2.98390578104346
"9144538","2004-05-28",23.6017968260248,0.628571428571429,0.638095238095237,0.652380952380952,4.22373310147046,2.76693356519621,3.49533333333333,0.67710055060824,57.5095217341553,3.3552,3.586467390566,4.11460390378091,3.21004540559095
"9144537","2004-06-01",22.8315452294951,0.628571428571429,0.63095238095238,0.634126984126984,4.23836898515597,2.82029768151069,3.52933333333333,0.655610416838295,57.5095217341553,3.374,3.5989384051572,3.94006149678101,3.35604862382896
"9144536","2004-06-02",22.3054507735591,0.380952380952381,0.546031746031745,0.605026455026455,4.24896371786139,2.87703628213861,3.563,0.646023272162197,57.5095217341553,3.3912,3.60974661780291,3.75728767204357,3.43629643347188
"9144535","2004-06-03",21.8169344930471,0.313432835820896,0.440985548448234,0.53932322514412,4.26034226707521,2.93265773292479,3.5965,0.655784998629728,59.5039261310944,3.4148,3.62711373542918,3.70185003812769,3.48940715440304
"9144534","2004-06-04",21.3633122325717,0.353846153846154,0.349410456873142,0.445475917117708,4.25862227547477,3.00904439119189,3.63383333333333,0.648983644003516,60.8241084634906,3.4432,3.64749857070529,3.70134721644975,3.53179516681238
"9144533","2004-06-07",21.3179843364651,0.111111111111111,0.259463366926052,0.349953124082477,4.24803950766708,3.08929382566625,3.66866666666667,0.61621762113852,57.7812358909756,3.472,3.65716542794459,3.52598113928317,3.53063236130654
"9144532","2004-06-08",21.3296092709698,0.222222222222222,0.229059829059827,0.279311217619675,4.21822438923536,3.1984422774313,3.70833333333333,0.635649892003512,59.9395210968532,3.5036,3.67354337088531,3.47757325613216,3.52002054027167
"9144531","2004-06-09",20.9187011066,0.179487179487179,0.170940170940169,0.219821122308684,4.17109001651374,3.31590998348626,3.7435,0.569965774483198,57.3102286345997,3.5332,3.68107092143393,3.29034797833947,3.47408602788523
"9144530","2004-06-10",20.1265616776998,0.0512820512820514,0.150997150997149,0.18366571699905,3.97813849966887,3.5955281669978,3.78683333333333,0.473428143992635,54.7250163496854,3.558,3.68092813190941,2.99772418746538,3.37881365980126
"9144529","2004-06-14",19.3910036365782,0.236842105263158,0.155870445344128,0.159269255760483,3.95917497354983,3.64149169311684,3.80033333333333,0.57239915166027,57.6081150906961,3.586,3.69013771432149,2.88554003080073,3.28015893400115
"9144528","2004-06-15",18.2801667333911,0.105263157894737,0.131129104813314,0.145998900384865,3.93865926619781,3.67967406713552,3.80916666666667,0.361639454829558,54.9179898788528,3.6116,3.69145268574529,2.65635161028364,3.15539746925765
"9144527","2004-06-16",17.770516149384,0.225806451612903,0.189303904923598,0.158767818360347,3.93477075852453,3.69689590814214,3.81583333333333,0.559555125915555,57.0765688563407,3.64,3.69925899431259,2.55423085604096,3.03516414661431
"9144526","2004-06-17",16.8589200771576,0.0645161290322581,0.131861912846631,0.150764974194515,3.93477075852453,3.69689590814214,3.81583333333333,0.335347593057002,54.2777720656878,3.666,3.69935779507091,2.33703721023366,2.89553875933818
"9144525","2004-06-18",16.1700728225755,0.0967741935483865,0.129032258064514,0.150066025278249,3.8893280421614,3.72133862450527,3.80533333333333,0.408724409267727,54.7556233936617,3.7024,3.70077675572812,2.16180460263482,2.74879192799751
"9144524","2004-06-21",15.5304289433207,0.161290322580645,0.107526881720428,0.122807017543859,3.88779133341348,3.71587533325319,3.80183333333333,0.23727479336097,55.7516639803508,3.7172,3.7046731882977,2.04288006801148,2.6076095560003
"9144523","2004-06-22",14.8346735622541,0.129032258064516,0.129032258064514,0.121863799283153,3.88078357972682,3.71054975360652,3.79566666666667,0.17299879268807,55.0985227953017,3.7248,3.70671676319134,1.90474538840713,2.46703672248167
"9144522","2004-06-23",13.9782891788348,0.0645161290322581,0.118279569892472,0.118279569892472,3.84712889826804,3.72287110173196,3.785,0.0037199404323617,53.742454956753,3.7308,3.70582119476583,1.73173343019553,2.31997606402444
"9144521","2004-06-24",13.8420017347627,0.0645161290322581,0.0860215053763428,0.11111111111111,3.84732210610151,3.71867789389849,3.783,0.21756729112697,53.742454956753,3.7316,3.70504503546372,1.57648479787138,2.17127781079383
"9144520","2004-06-25",14.2215752054559,0.225806451612903,0.118279569892472,0.10752688172043,3.84764663771711,3.71868669561622,3.78316666666667,0.630531489539312,56.8235014757744,3.7256,3.71103903073522,1.54445303844875,2.04591285632481
"9144519","2004-06-28",15.0351545900437,0.0645161290322581,0.118279569892472,0.10752688172043,3.84783139531972,3.71883527134694,3.78333333333333,0.525840569706089,53.0203555110753,3.7248,3.70956715997053,1.39406289017139,1.91554286309413
"9144518","2004-06-29",14.9725258624443,0,0.0967741935483856,0.11111111111111,3.86273446114533,3.69426553885467,3.7785,-0.223179870072004,48.1605472529256,3.7192,3.69895820530779,1.10960299360845,1.75435488919699
"9144517","2004-06-30",16.095020846245,0,0.0215053763440847,0.0788530465949815,3.8722875599679,3.6757124400321,3.774,-0.0799309700903462,43.2782641075814,3.7048,3.67909711126675,0.70057111404096,1.54359813416578
"9144516","2004-07-01",17.7694949537652,0.4,0.133333333333332,0.083870967741935,3.87697711885085,3.67668954781582,3.77683333333333,0.715523441837128,54.4637739663288,3.7076,3.68588416309785,0.762163637866942,1.38731123490602
"9144515","2004-07-02",19.3243637678911,0.6,0.333333333333332,0.162724014336917,3.89002032331436,3.67131301001897,3.78066666666667,0.954183867181302,58.8348709317262,3.712,3.70376627468481,0.995614270455736,1.30897184201596
"9144514","2004-07-06",21.9063890473075,0.540540540540541,0.513513513513512,0.326726726726726,3.95726197371504,3.62840469295162,3.79283333333333,1.32254526757642,64.1830670736914,3.7224,3.73659743806016,1.44355366769502,1.33588820715177
"9144513","2004-07-07",24.3039839496228,0.540540540540541,0.560360360360359,0.469069069069069,3.99206671368123,3.61393328631876,3.803,1.03861058538852,64.1830670736914,3.7332,3.76505111298548,1.77320422040272,1.42335140980196
"9144512","2004-07-08",25.9743772986906,0.472972972972973,0.518018018018017,0.53063063063063,4.01326649203223,3.6060668413011,3.80966666666667,0.918304222578526,60.6672354456513,3.742,3.78304429792075,1.90238397421512,1.51915792268459
"9144511","2004-07-09",27.5254568371108,0.472972972972973,0.495495495495494,0.524624624624624,4.03011710430155,3.60421622903178,3.81716666666667,0.81971445604665,60.6672354456513,3.7508,3.79863839153131,1.98023178912319,1.61137269597231
"9144510","2004-07-12",28.7263110219097,0.445945945945946,0.463963963963963,0.492492492492492,4.04006171957722,3.60793828042278,3.824,0.706731052377386,59.1637721973804,3.7564,3.80948660599381,1.97556213276109,1.68421058333007
"9144509","2004-07-13",27.4179181090615,0,0.306306306306305,0.421921921921922,4.04787360270591,3.57945973062743,3.81366666666667,0.079431755242739,35.4866699131856,3.7404,3.75222172519463,0.895937135943048,1.52655589385266
"9144508","2004-07-14",26.817360407628,0,0.148648648648647,0.306306306306306,4.09498800271402,3.49301199728597,3.794,-0.187735053003672,31.9108984262145,3.7216,3.68525882850201,-0.252578046583318,1.17072910576547
"9144507","2004-07-15",25.8725290812034,0.240384615384615,0.0801282051282037,0.178361053361053,4.09702508247018,3.46464158419648,3.78083333333333,0.161334194754762,43.6666730319812,3.7104,3.66055765136841,-0.617332955845873,0.813116693443199
"9144506","2004-07-16",25.237561412097,0.192307692307692,0.144230769230768,0.124335874335874,4.10794811080247,3.42438522253086,3.76616666666666,0.0862365582068435,42.1010706747446,3.6992,3.63248329785262,-1.00847614150659,0.448798126453242
"9144505","2004-07-19",24.8885437872635,0.144230769230769,0.192307692307691,0.138888888888888,4.11658022132619,3.3824197786738,3.7495,0.101131692310503,40.535920253079,3.688,3.60148552480561,-1.41771529308181,0.0754954425462314
"9144504","2004-07-20",23.7485199129677,0.144230769230769,0.160256410256409,0.16559829059829,4.11970563090272,3.35329436909727,3.7365,0.187069664440536,40.535920253079,3.674,3.57462078816486,-1.72639124877273,-0.284881895717561
"9144503","2004-07-21",22.6242111727794,0.240384615384615,0.17628205128205,0.176282051282051,4.11810546061548,3.33756120605118,3.72783333333333,0.29352014222867,45.2564952571627,3.666,3.56467134974288,-1.72694888578133,-0.573295293730315
"9144502","2004-07-22",21.3093743019369,0.307692307692308,0.230769230769229,0.189102564102564,4.1157617315597,3.33023826844029,3.723,0.37736415542474,48.3475980368444,3.6588,3.56538183644383,-1.55100007421498,-0.768836249827248
"9144501","2004-07-23",20.1525132470866,0.298076923076923,0.282051282051281,0.229700854700854,4.11187958799335,3.31912041200665,3.7155,0.350101598401019,47.9312217478655,3.6532,3.56466425825132,-1.41784683842416,-0.898638367546631
"9144500","2004-07-26",19.699093174045,0.235955056179775,0.280574762316334,0.264465091712282,4.10509624816097,3.29690375183902,3.701,0.263670164138827,43.8630901330194,3.6432,3.55070902381781,-1.52205213250513,-1.02332112053833
"9144499","2004-07-27",19.5674493683891,0.179775280898877,0.23793575338519,0.266853932584269,4.09965578531329,3.27001088135337,3.68483333333333,0.233018308263243,41.9460877840521,3.6304,3.5319478206421,-1.70048668705582,-1.15875423384183
"9144498","2004-07-28",19.4452086917086,0.190476190476191,0.20206884251828,0.240193119406602,4.1010277551294,3.24930557820393,3.67516666666667,0.251288226287587,41.9460877840521,3.618,3.51568811122315,-1.82278215519702,-1.29155981811287
"9144497","2004-07-29",20.3820591035573,0,0.123417157125021,0.187807251009498,4.11524460531906,3.19742206134761,3.65633333333333,0.0936033578059484,34.8752603640225,3.5984,3.4749296963934,-2.35790991089675,-1.50482983666964
"9144496","2004-07-30",21.5153582073199,0,0.0634920634920622,0.129659354378455,4.11957220946453,3.13009445720214,3.62483333333333,0.0605425868958543,33.0740198887912,3.5764,3.43160573687428,-2.89850367248715,-1.78356460383315
"9144495","2004-08-02",22.5677073750995,0,-1.36927506370436e-15,0.0623030735390282,4.10635655861777,3.07297677471556,3.58966666666667,0.100340546202245,33.0740198887912,3.5524,3.39405830529104,-3.29895670615641,-2.0866430242978
"9144494","2004-08-03",22.5313719986211,0,-1.36927506370436e-15,0.0211640211640207,4.04031651993419,3.05401681339915,3.54716666666667,0.161529521785909,33.0740198887912,3.5304,3.3615171979189,-3.58315103758656,-2.38594462695555
"9144493","2004-08-04",21.5906607493771,0.186440677966101,0.0621468926553658,0.0207156308851219,3.96585436723808,3.06781229942859,3.51683333333333,0.369902159908485,40.1518546608256,3.5156,3.34798157152972,-3.50785304686755,-2.61032631093795
"9144492","2004-08-05",21.8852561882261,0.725,0.303813559322032,0.1219868173258,3.92611428528042,3.08988571471958,3.508,0.853172976540685,59.7423056645188,3.5228,3.39891736199242,-2.29446982576245,-2.54715501390285
"9144491","2004-08-06",22.1967213501157,0.864197530864198,0.591879402943432,0.319279951640278,3.90937451739907,3.09995881593426,3.50466666666667,0.971945379004494,63.0664709963873,3.5276,3.45906171372676,-1.049619169875,-2.24764784509728
"9144490","2004-08-09",21.9018993574567,0.753086419753086,0.780761316872427,0.558818093045965,3.88753924532448,3.11246075467552,3.5,0.912861411922385,59.1233619631593,3.5252,3.4991868185632,-0.280834059609492,-1.85428508799972
"9144489","2004-08-10",21.4365146920437,0.716049382716049,0.777777777777776,0.716806165864546,3.91298856596942,3.10401143403058,3.5085,0.84384985147849,57.8255158505134,3.5164,3.52996190942144,0.250852990697759,-1.43325747226023
"9144488","2004-08-11",21.2411929714473,0.864197530864198,0.777777777777776,0.778772290809327,3.96479902582231,3.10253430751102,3.53366666666667,0.905521250308693,61.4690164765149,3.5124,3.57263365483191,0.928492028501182,-0.960907572107945
"9144487","2004-08-12",20.0511164354043,0.642857142857143,0.741034685479129,0.765530080344895,3.99014209014021,3.09952457652645,3.54483333333333,0.775277167716903,54.6853639263598,3.504,3.58828250085432,1.08791432350133,-0.551143192986091
"9144486","2004-08-13",19.9270105584718,0.226190476190476,0.577748383303938,0.698853615520282,3.9913779192737,3.10228874739297,3.54683333333333,0.473568455512409,43.4017685703555,3.4816,3.55517816740708,0.421049858891798,-0.356704582610513
"9144485","2004-08-16",19.8117693870344,0.416666666666667,0.428571428571427,0.582451499118165,3.9983569766966,3.11130968997007,3.55483333333333,0.569706918964283,48.6209139360575,3.4664,3.54782107841947,0.249834783905145,-0.235396709307382
"9144484","2004-08-17",19.9867137106012,0.333333333333334,0.325396825396824,0.443905545757397,4.00125137241772,3.11574862758228,3.5585,0.512986972730544,46.5964407998635,3.4684,3.53211160129687,-0.0451563947243661,-0.197348646390779
"9144483","2004-08-18",20.1491620110561,0.44047619047619,0.396825396825395,0.383597883597883,4.00041615691043,3.11491717642291,3.55766666666667,0.491341981373659,49.5074612753675,3.4792,3.53049672112396,-0.073182093748736,-0.17251533586237
"9144482","2004-08-19",19.0430635030547,0.476190476190476,0.416666666666665,0.379629629629629,4.00153632169069,3.11513034497598,3.55833333333333,0.592132351103212,50.4765190046454,3.4812,3.53309715830743,-0.0265736798156224,-0.14332700465302
"9144481","2004-08-20",18.4346897502185,0.522222222222222,0.479629629629628,0.431040564373897,4.0186204499479,3.11471288338543,3.56666666666667,0.71757386921163,52.7549717424255,3.488,3.54468420386644,0.167871804716313,-0.0810872427791538
"9144480","2004-08-23",17.8697712654421,0.746835443037975,0.581749380483556,0.492681892259951,4.06101718151776,3.11198281848224,3.5865,0.83736045725742,59.3694558708879,3.506,3.58539297668425,0.830943932702088,0.101318992317095
"9144479","2004-08-24",17.3452041010068,0.71830985915493,0.662455841471708,0.574611617194965,4.09267535428906,3.12065797904427,3.60666666666667,0.767484930436065,59.3694558708879,3.524,3.62067391312635,1.33390664018518,0.347836521890711
"9144478","2004-08-25",16.3898863323223,0.605633802816902,0.690259701669934,0.6448216412084,4.11304260209788,3.13495739790212,3.624,0.690167481526254,56.1956934186777,3.5348,3.64058405804283,1.53279173558116,0.584827564628802
"9144477","2004-08-26",16.0565623850547,0.605633802816902,0.64319248826291,0.665302677134851,4.12407190668372,3.18026142664961,3.65216666666667,0.706079508666793,56.1956934186777,3.5428,3.65783951697046,1.66924766462762,0.801711584628565
"9144476","2004-08-27",16.78740697294,0.560439560439561,0.590569055357786,0.641340415096877,4.1341176812866,3.24954898538007,3.69183333333333,0.829539131724826,58.7529461418983,3.5544,3.68346091470773,1.92860566326878,1.02709040035661
"9144475","2004-08-30",18.2332850485075,0.591304347826087,0.585792570360848,0.606518037993849,4.16556529787906,3.31810136878761,3.74183333333333,1.01309951775707,63.6140428522644,3.5768,3.7283327927467,2.47012612303361,1.31569754489201
"9144474","2004-08-31",18.9191221001455,0.495652173913044,0.549132027392895,0.575164551037177,4.14286804748915,3.41946528584419,3.78116666666667,0.80250552656963,58.786281798484,3.5968,3.75255508704714,2.62497746689578,1.57755352929276
"9144473","2004-09-01",19.5559707909522,0.521739130434782,0.536231884057969,0.557052160603905,4.13470956981776,3.48462376351558,3.80966666666667,0.746634108573055,59.6848970715092,3.618,3.77754774210752,2.77656944635973,1.81735671270616
"9144472","2004-09-02",20.8415515728592,0.5,0.505797101449274,0.530387004300047,4.16468532892981,3.47998133773686,3.82233333333333,0.842240349621823,60.3062629644283,3.648,3.80187470982652,2.9023703534548,2.03435944085589
"9144471","2004-09-03",22.0353051560587,0.622641509433962,0.548126879956247,0.530051955154497,4.19808340003048,3.46924993330285,3.83366666666667,0.883718200979893,64.171742391368,3.6856,3.84029141518298,3.23423659786823,2.27433487225835
"9144470","2004-09-07",22.4924578904073,0.484536082474227,0.535725863969395,0.529883281791639,4.22198761041571,3.46867905625096,3.84533333333333,0.776115276867693,59.3813327815061,3.7192,3.86025255982525,3.24532790771825,2.46853347935033
"9144469","2004-09-08",23.3203196803581,0.510638297872341,0.539271963260175,0.54104156906194,4.25590015655409,3.46809984344591,3.862,0.827494157728995,60.6468074712893,3.7544,3.88288555184855,3.29674087699534,2.63417495887934
"9144468","2004-09-09",24.9140607154101,0.520408163265306,0.505194181203957,0.526730669477843,4.31749170487248,3.44684162846086,3.88216666666667,0.964595376442331,63.6922591511056,3.7892,3.91583414493541,3.49986382666481,2.80731273243643
"9144467","2004-09-10",26.3939631051012,0.530120481927711,0.520388981021785,0.521618375161973,4.36314387278411,3.44552279388256,3.90433333333333,0.858535791695014,65.9616775005891,3.8084,3.95505625894402,3.77467131744287,3.00078444943772
"9144466","2004-09-13",27.7681581812429,0.530120481927711,0.526883042373575,0.51748873486644,4.38489749849507,3.4947691681716,3.93983333333333,0.829727737003208,65.9616775005891,3.8228,3.98904875775149,3.93992477895888,3.18861251534195
"9144465","2004-09-14",27.7779082357846,0.301204819277108,0.453815261044175,0.500362428146513,4.38676901649877,3.5398976501679,3.96333333333333,0.645634081203718,56.2733067119632,3.8332,3.99317559005129,3.64265396370533,3.27942080501463
"9144464","2004-09-15",27.6626051938117,0.27710843373494,0.369477911646585,0.450058738354779,4.37231147893389,3.60335518773277,3.98783333333333,0.593850154413773,55.3516885769275,3.844,3.99408551137778,3.32836866348358,3.28921037670842
"9144463","2004-09-16",27.115752679041,0.106666666666667,0.228326639892904,0.350539937527889,4.33753980110821,3.68146019889179,4.0095,0.460116628259332,52.1334532566953,3.8472,3.98554077652741,2.90475968437742,3.21232023824222
"9144462","2004-09-17",26.6079610581826,0.130434782608696,0.171403294336766,0.256402615292086,4.30950984156841,3.74782349176493,4.02866666666667,0.490504783790456,54.9539666123794,3.8596,3.98746867299042,2.67988863739141,3.10583391807206
"9144461","2004-09-20",26.6799019958889,0.202898550724637,0.146666666666665,0.182132200298779,4.29981629475474,3.79118370524526,4.0455,0.607150035455966,56.9072141360804,3.888,3.99580618325837,2.57284264010369,2.99923566247839
"9144460","2004-09-21",27.4199463455599,0.0447761194029848,0.126036484245438,0.148035481749624,4.30252556622102,3.80814110044565,4.05533333333333,0.59709042925675,52.4948193568482,3.9064,3.99103202549058,2.27982325800831,2.85535318158437
"9144459","2004-09-22",28.1071303845402,0.358208955223881,0.2019612084505,0.158221453120869,4.31303305366785,3.83230027966549,4.07266666666667,0.79260885521813,60.2412438843022,3.936,4.01489442209184,2.44250358851896,2.77278326297129
"9144458","2004-09-23",29.3620529034596,0.328358208955224,0.243781094527362,0.190592929074434,4.31780384612057,3.87319615387943,4.0955,0.884983592622659,59.2503062920689,3.9612,4.03290849914626,2.49991946264922,2.71821050290688
"9144457","2004-09-24",30.527338099599,0.358208955223881,0.348258706467661,0.264667003148508,4.30849708224406,3.91816958442261,4.11333333333333,0.730575607668738,59.9596150158434,3.986,4.05118736592676,2.55402061439636,2.68537252520477
"9144456","2004-09-27",31.6093886388714,0.358208955223881,0.348258706467661,0.313432835820895,4.31237481123379,3.93529185543288,4.12383333333333,0.684309576794271,59.9596150158434,4.008,4.06702905046986,2.56556955955916,2.66141193207565
"9144455","2004-09-28",30.9016000944787,0.0149253731343281,0.243781094527362,0.313432835820895,4.30809488396218,3.92390511603782,4.116,0.250123485800641,48.6623938930546,4.0116,4.05009184374055,2.0935139864702,2.54783234295456
"9144454","2004-09-29",30.2871377319165,0.280701754385964,0.217945360914723,0.269995053969916,4.3067415536066,3.93759177972673,4.12216666666667,0.503160415498577,54.662006340402,4.0212,4.05541293124181,1.9950361762235,2.43727310960835
"9144453","2004-09-30",30.2903198771793,0.175438596491228,0.157021908003839,0.206249454481976,4.30102690844989,3.95930642488344,4.13016666666667,0.499512271945399,52.0420925010422,4.0316,4.05202454040957,1.77700372612306,2.30521923291129
"9144452","2004-10-01",29.4381250719257,0,0.15204678362573,0.175671350848098,4.37922338511699,3.84044328154968,4.10983333333333,-0.353471259032652,31.6326336760264,4.012,3.94908793502162,0.0882469048794965,1.86182476730493
"9144451","2004-10-04",27.577207195344,0.710144927536232,0.295194508009152,0.201421066546241,4.42024352209209,3.82742314457458,4.12383333333333,0.954606505141671,55.9447911096953,4.0284,3.99054287701874,0.727473550824809,1.63495452400891
"9144450","2004-10-05",27.9390867480966,0.532786885245902,0.41431060426071,0.287183965298531,4.6365845144693,3.70174881886404,4.16916666666667,1.34595970933834,60.8415500763763,4.0508,4.06913716008291,1.84369218836766,1.67670205688066
"9144449","2004-10-06",28.2751177613669,0.807377049180328,0.683436287320819,0.464313799863561,4.91485211498705,3.54381455167961,4.22933333333333,1.29793583288913,68.6888462041035,4.1044,4.22658553873852,3.94720592140712,2.13080282978595
"9144448","2004-10-07",28.5154425748345,0.799180327868853,0.713114754098359,0.603620548559964,5.103737264561,3.454262735439,4.279,1.10685993164916,68.2491711684759,4.156,4.36037413357338,5.4326544714342,2.7911731581156
"9144447","2004-10-08",28.8551416770278,0.827868852459016,0.811475409836064,0.736008817085082,5.28090224926636,3.38843108406698,4.33466666666667,1.03475055187611,68.9971678696131,4.2096,4.48565758243027,6.59938437280256,3.55281540105299
"9144446","2004-10-11",29.0897103810833,0.819672131147541,0.815573770491802,0.780054644808743,5.42538375554046,3.3522829111262,4.38883333333333,0.94755822459543,68.5006260907551,4.2572,4.5915699047729,7.3538407162538,4.31302046409315
"9144445","2004-10-12",28.3043242497938,0.713114754098361,0.786885245901638,0.804644808743169,5.51578183832813,3.36621816167187,4.441,0.820530165020172,62.2307677868642,4.2984,4.64869391746984,7.38706154376885,4.92782868002829
"9144444","2004-10-13",27.3228558756276,0.684426229508197,0.739071038251365,0.780510018214936,5.57908016840867,3.40025316492466,4.48966666666667,0.749522640300183,60.6219658655857,4.3352,4.6888680618072,7.19982930415584,5.3822288048538
"9144443","2004-10-14",26.0174200770772,0.639344262295082,0.678961748633879,0.734972677595628,5.6121325177708,3.45820081556254,4.53516666666667,0.666285062009843,58.0809327339637,4.3636,4.70901898689957,6.78095402657786,5.66197384919861
"9144442","2004-10-15",24.1959302722544,0.565573770491803,0.629781420765026,0.682604735883424,5.62573479358253,3.51726520641747,4.5715,0.584658560449052,54.0858268952407,4.3816,4.70248312197963,6.07195712295217,5.74397050394932
"9144441","2004-10-18",22.5045468820618,0.565573770491803,0.590163934426228,0.632969034608379,5.63451924300292,3.56881409033041,4.60166666666667,0.549216446275082,54.0858268952407,4.3996,4.69681870571568,5.44815808300394,5.68480801976025
"9144440","2004-10-19",21.2373291982407,0.520491803278688,0.55054644808743,0.590163934426229,5.63457069915686,3.62009596750981,4.62733333333333,0.4947049886012,51.5716530393885,4.4208,4.67724287828692,4.71165738675794,5.49017789315979
"9144439","2004-10-20",20.6950524622679,0.438524590163934,0.508196721311474,0.549635701275045,5.63225900773905,3.64707432559428,4.63966666666667,0.409496245723317,47.2692368706213,4.4348,4.63361049451533,3.73908294380809,5.13995890328945
"9144438","2004-10-21",20.0486498992048,0.226027397260274,0.395014596900964,0.484585922099957,5.64676411320165,3.68690255346501,4.66683333333333,0.573049377368219,52.4009842234904,4.4612,4.62779576191329,3.34678019525421,4.7813231616824
"9144437","2004-10-22",19.4484189477891,0.211678832116788,0.292076939846998,0.398429419353146,5.65280008066668,3.73819991933331,4.6955,0.542393533807154,53.4180804370088,4.4868,4.62942299365818,3.08765678726333,4.44258988679858
"9144436","2004-10-25",18.8910616357602,0.258928571428571,0.232211600268543,0.306434379005503,5.65257197030687,3.79409469635979,4.72333333333333,0.51434866438266,53.4180804370088,4.5104,4.63083326117042,2.84941332708493,4.12395457485585
"9144435","2004-10-26",18.7497356131181,0.293577981651376,0.254728461732244,0.259672333949263,5.63470815707501,3.89129184292499,4.763,0.528870518719376,54.1005637440893,4.5388,4.63605549301437,2.68184792677306,3.83553324523929
"9144434","2004-10-27",19.127593840994,0.642201834862385,0.39823612931411,0.2950587304383,5.64690663211661,3.97976003455005,4.81333333333333,0.6899453036277,61.7459451177933,4.574,4.69124809394579,3.16846598504024,3.70211979319948
"9144433","2004-10-28",19.5047146243444,0.788461538461539,0.574747118325099,0.409237236457152,5.65599187975809,4.07900812024191,4.8675,0.719300504045417,63.7967381665865,4.6148,4.75508168141968,3.70482530881486,3.70266089632256
"9144432","2004-10-29",18.2593391249421,0.4,0.610221124441307,0.527734790693506,5.48676935760119,4.37356397573214,4.93016666666667,0.475895433340181,53.0724962363242,4.638,4.75440412389706,3.37232579666344,3.63659387639074
"9144431","2004-11-01",17.1029190183542,0.452631578947369,0.547031039136301,0.57733309396757,5.45436657691199,4.45163342308801,4.953,0.39728074751772,53.6715591855788,4.6624,4.75781690737745,3.12372268070862,3.53401963725431
"9144430","2004-11-02",17.1867871017697,0.317307692307692,0.389979757085019,0.51574397355421,5.45243465798159,4.44923200868507,4.95083333333333,0.465942407856852,51.3197971940137,4.692,4.74744131972712,2.72575118857266,3.37236594751798
"9144429","2004-11-03",17.2646646077985,0.846153846153847,0.538697705802968,0.491902834008097,5.44113637294376,4.4545302937229,4.94783333333333,0.819783150180016,61.3506658606037,4.7376,4.81178247709684,3.30010532307234,3.35791382262885
"9144428","2004-11-04",16.336311075137,0.576923076923077,0.580128205128204,0.502935222672065,5.40973624311613,4.46426375688387,4.937,0.633619259336436,55.1233384160753,4.7744,4.8302114801506,3.24128138077808,3.3345873342587
"9144427","2004-11-05",16.0189920053795,0.575221238938053,0.666099387338324,0.594975099423167,5.37433383084549,4.48099950248784,4.92766666666667,0.760074337186243,55.9825574401687,4.8432,4.85284994946385,3.23882269244478,3.31543440589592
"9144426","2004-11-08",16.6252097641698,0.700000000000001,0.617381438620376,0.621203010362303,5.43548116076651,4.44318550590015,4.93933333333333,1.11540798215922,62.2152359664259,4.8888,4.92580328953534,3.84690144154594,3.42172781302592
"9144425","2004-11-09",16.4413951463062,0.457364341085271,0.57752852667444,0.620336450877714,5.48550031328312,4.42149968671688,4.9535,0.932173930965923,57.401108622904,4.9128,4.95969618426396,3.91357197311692,3.52009664504412
"9144424","2004-11-10",17.1744872441264,0.536144578313253,0.56450297313284,0.586470979475886,5.63530010694817,4.34703322638516,4.99116666666667,1.11749627503607,62.3874666090221,4.924,5.03573669302877,4.47144484627586,3.71036628529047
"9144423","2004-11-11",19.3813681217289,0.658181818181818,0.550563579193446,0.56419835966691,6.08773174708546,4.08160158624787,5.08466666666667,1.33676857037322,71.748618854588,4.9728,5.22430513395826,6.25106777639393,4.21850658351116
"9144422","2004-11-12",20.8818766991194,0.584558823529412,0.59296174000816,0.569342764111483,6.33474655688828,4.00925344311172,5.172,1.06962829036953,67.9853724097984,5.0112,5.36239778276383,7.21435827558239,4.81767692192541
"9144421","2004-11-15",22.2752060924106,0.682656826568266,0.641799156093164,0.595108158431591,6.56808506109821,3.96758160556845,5.26783333333333,1.01996341854167,70.3641880820279,5.0612,5.51807807839532,8.22815363971179,5.49977226548268
"9144420","2004-11-16",23.6997195713969,0.690036900369004,0.652417516822226,0.629059470974517,6.76860830231793,3.97205836434873,5.37033333333333,0.96354735731081,70.5388159088965,5.1224,5.65566766794261,8.90277341098844,6.18037249458383
"9144419","2004-11-17",25.4938318621023,0.782287822878229,0.718327183271831,0.670847952062408,6.99025568423591,4.00074431576409,5.4955,0.990994397550548,72.7039792052003,5.1964,5.80824531221693,9.62636743609253,6.86957148288557
"9144418","2004-11-18",27.1597932749003,0.808118081180812,0.760147601476013,0.710297433856691,7.18482768420045,4.01817231579955,5.6015,0.919527812611597,73.2957633713028,5.2776,5.94981260392134,10.1272161131996,7.52110040894838
"9144417","2004-11-19",28.7067574439269,0.789667896678967,0.793357933579335,0.757277572775727,7.3421584293716,4.07450823729507,5.70833333333333,0.868766523088032,72.0934533215627,5.364,6.06583759006516,10.2989385400446,8.07666803516763
"9144416","2004-11-22",30.1432241723088,0.766393442622951,0.788059806827575,0.780521780627642,7.46795327885483,4.16471338781183,5.81633333333333,0.831089083064246,72.0934533215627,5.4504,6.16639257805647,10.2883341367817,8.51900125549044
"9144415","2004-11-23",31.4353824892322,0.762295081967213,0.772785473756376,0.784734404721096,7.56761111860495,4.27272221472839,5.92016666666667,0.794344775082489,71.8201886372304,5.5408,6.25220690098228,10.1292472895474,8.84105046230183
"9144414","2004-11-24",32.8277638607766,0.836820083682008,0.788502869424056,0.78311605000267,7.69350761188346,4.33982572144987,6.01666666666667,0.811100863892145,73.8484477506025,5.6468,6.35191264751797,10.1084232452505,9.09452501889156
"9144413","2004-11-26",33.8931044386104,0.800904977375566,0.800006714341594,0.787098352507343,7.78988817349073,4.4204451598426,6.10516666666667,0.760626656426477,72.3722034411547,5.7412,6.43165762784891,9.8961023411362,9.25484048334049
"9144412","2004-11-29",35.0290928263461,0.778280542986426,0.805335201347999,0.797948261704551,7.83975047481554,4.57824952518446,6.209,0.736394228273094,70.8470163740143,5.8316,6.49410327746906,9.54340048033795,9.31255248273998
"9144411","2004-11-30",35.742837881519,0.698924731182796,0.759370083848261,0.788237333179286,7.84662677012188,4.77970656321145,6.31316666666667,0.702211542794396,68.665285059842,5.9192,6.53888950713985,9.06573539587772,9.26318906536753
"9144410","2004-12-01",37.2398680619253,0.447552447552448,0.641585907240555,0.735430397478939,7.85921510419609,4.99178489580391,6.4255,0.757315184576734,69.6711066354638,6.0084,6.58703757285454,8.66725377554431,9.14400200740289
"9144409","2004-12-02",38.6299675151598,0.545454545454545,0.563977241396595,0.654977744161805,7.89717831688645,5.15282168311355,6.525,0.765393106847061,71.6323573956769,6.088,6.6474325631406,8.41718185947453,8.99863797781721
"9144408","2004-12-03",40.4681055918551,0.503067484662576,0.498691492556522,0.568084880397892,7.92955530776629,5.37611135890037,6.65283333333333,0.878769491727524,75.4223265247469,6.1752,6.74110822138852,8.48113793472631,8.89513796919903
"9144407","2004-12-06",42.6105570103275,0.446009389671362,0.498177139929493,0.520281957960871,7.98003167394516,5.59896832605484,6.7895,0.963588393946492,77.0220260195055,6.2852,6.84229379187005,8.59133062288355,8.83437649993594
"9144406","2004-12-07",42.9573736518906,0.138297872340425,0.362458248891453,0.453108960459157,7.96419189549334,5.80614143784,6.88516666666667,0.767911560925857,63.8863653956743,6.3764,6.87132128628738,8.0590887340285,8.67931894675445
"9144405","2004-12-08",43.2447522880271,0.128342245989305,0.237549836000363,0.366061741607104,7.83381785653819,6.12518214346182,6.9795,0.687576554526619,63.6208020522065,6.4712,6.89514511478239,7.53676267171746,8.45080769174705
"9144404","2004-12-09",43.5116038787253,0.171122994652407,0.145921037660711,0.248643040850843,7.72586116592125,6.38847216741209,7.05716666666667,0.711481725697322,64.8785875705116,6.5472,6.92645909947807,7.1316289685651,8.18697194711066
"9144403","2004-12-10",44.0028522440014,0.368983957219252,0.222816399286986,0.202095757649354,7.80246384900071,6.40020281766596,7.10133333333334,0.888895734208809,70.0382072062479,6.6492,7.00293121954766,7.15006695825078,7.97959094933868
"9144402","2004-12-13",45.1677423859411,0.545454545454546,0.361853832442067,0.243530423129922,7.94627056773649,6.41506276559685,7.18066666666667,1.08951284430847,73.7431778822943,6.7624,7.11320705694131,7.44031463167099,7.87173568580514
"9144401","2004-12-14",46.4663051514035,0.711442786069652,0.541960429581148,0.375543553770068,8.1743338260654,6.37033284060127,7.27233333333334,1.15465596167407,77.6256367431023,6.8768,7.26611278268247,8.03254193461922,7.90389693556796
"9144400","2004-12-15",47.8787313032822,0.740088105726872,0.665661812417022,0.52315869148008,8.42793899433222,6.32072767233446,7.37433333333334,1.13227324161784,79.5215482253386,7.01,7.43196441165814,8.63748263822282,8.05061407609893
"9144399","2004-12-16",49.1902698728838,0.779735682819383,0.743755524871968,0.65045925562338,8.65650809228311,6.27082524105023,7.46366666666667,1.03918874114745,80.172897317186,7.1328,7.58770249010372,9.06949371792096,8.25439000446334
"9144398","2004-12-17",49.0725186318141,0.621145374449339,0.713656387665197,0.707691241651396,8.784206657087,6.29746000957968,7.54083333333334,0.874987938934078,70.5118643399579,7.2044,7.67467549142322,8.90519546902249,8.38455109737517
"9144397","2004-12-20",48.9631781936778,0.75,0.716960352422906,0.724790754986691,8.92640312178717,6.32959687821283,7.628,0.89612761607149,73.4758821647207,7.296,7.79138542590013,8.97755262580584,8.5031514030613
"9144396","2004-12-21",46.3577733230985,0.315533980582525,0.562226451677287,0.664281063921797,8.94955978262815,6.41810688403853,7.68383333333334,0.635429473534482,56.5068812169525,7.3424,7.77786736911344,8.0490214421231,8.41232541087366
"9144395","2004-12-22",43.9384688004176,0.326829268292683,0.464121082958401,0.581102629019532,8.94278925530275,6.51721074469726,7.73,0.534356065148568,56.8809813135038,7.3892,7.77015171989832,7.26187601840189,8.18223553237931
"9144394","2004-12-23",40.861037815951,0.121951219512195,0.254771489462466,0.427039674699385,8.93182633080907,6.57950700252427,7.75566666666667,0.422487847997114,50.3513174270566,7.4092,7.70746482391188,6.13305922769576,7.7724002714426
"9144393","2004-12-27",38.7990208451258,0.517073170731707,0.321951219512194,0.346947930644354,8.96078341016799,6.67954992316535,7.82016666666667,0.698649839768085,59.9096832096101,7.4588,7.76113618072363,6.0132765097987,7.42057551911382
"9144392","2004-12-28",37.4707256368258,0.702439024390244,0.447154471544714,0.341292393506459,9.02985395068435,6.77714604931566,7.90350000000001,0.829899258672256,63.4634335190237,7.5256,7.85831802329381,6.23068318021638,7.18259705133433
"9144391","2004-12-29",36.5670067802594,0.775609756097561,0.665040650406503,0.478048780487804,9.10996288306049,6.89103711693952,8.00050000000001,0.893358510077232,65.4591957119096,7.6016,7.9732089535213,6.54620158389858,7.05531795784718
"9144390","2004-12-30",36.2618808685505,0.740088105726872,0.739378962071558,0.617191361340926,9.25306804168876,6.94926529164458,8.10116666666667,0.966836841817022,67.6128871843547,7.6884,8.10744775971846,6.95648546920291,7.03555146011833
"9144389","2004-12-31",36.4786395965283,0.817843866171004,0.777847242665144,0.727422285047736,9.49174715405495,6.9515861792784,8.22166666666667,1.06754933288961,71.447409256487,7.7884,8.293121391756,7.67464081938689,7.16336933197204
"9144388","2005-01-03",34.7802299407952,0.472924187725632,0.676952053207834,0.731392752648179,9.58856745548887,7.00243254451114,8.29550000000001,0.809793067355394,58.648637808487,7.8548,8.3353718728552,7.27736144457156,7.18616775449195
"9144387","2005-01-04",33.2031352604715,0.667870036101083,0.652879363332571,0.702559553068517,9.71490694672554,7.0164263866078,8.36566666666667,0.845008970514642,62.9816266088427,7.9448,8.44398895647451,7.38784632871139,7.22650346933583
"9144386","2005-01-05",34.4456460603317,0,0.38026474127557,0.570032052605326,10.1690349841968,6.32996501580316,8.2495,-0.3099617942887,30.3349425880459,7.8316,7.85145709561124,2.3768956824175,6.25658191195217
"9144385","2005-01-06",35.5994060887732,0.337726523887974,0.335198853329684,0.456114319312609,10.2590129284344,6.1423204048989,8.20066666666667,0.043970475666949,43.000577705861,7.7976,7.61126281619641,0.344624570642638,5.07419044369026
"9144384","2005-01-07",36.6929304703223,0.329489291598023,0.222405271828664,0.312622955477973,10.3574026001459,5.92559739985411,8.1415,0.0521388590810228,42.7962072649807,7.756,7.39642777403689,-1.35427760126317,3.78849683469958
"9144383","2005-01-10",37.1810347589719,0.370675453047776,0.345963756177923,0.301189293778758,10.4095770314932,5.75375630184016,8.08166666666667,0.149542634604775,44.2236175528126,7.712,7.24357073749864,-2.43377945816495,2.54404157612667
"9144382","2005-01-11",37.411801527756,0.411861614497529,0.370675453047774,0.313014827018121,10.4188520626391,5.60314793736086,8.011,0.221536048495814,45.6832465596113,7.672,7.14442797249882,-2.99259238652153,1.43671478359703
"9144381","2005-01-12",37.3552660623271,0.405271828665568,0.395936298736956,0.370858502654218,10.3870725293788,5.46026080395455,7.92366666666667,0.252984268970577,45.478177631331,7.648,7.05317090949898,-3.45255352214588,0.458861122448448
"9144380","2005-01-13",37.3027688444287,0.476112026359143,0.431081823174079,0.399231191652937,10.3058794728976,5.3691205271024,7.8375,0.326978251106591,48.171596394612,7.6416,7.03141478823245,-3.28933526168941,-0.290778154379123
"9144379","2005-01-14",37.2379634359634,0.477759472817133,0.45304777594728,0.426688632619439,10.2069071243074,5.29242620902589,7.74966666666667,0.346101074279988,48.235640710132,7.6324,7.01389281646812,-3.11314568769172,-0.855251661041643
"9144378","2005-01-18",36.2982439480269,0.507413509060956,0.487095002745743,0.457074867289035,10.1323039321004,5.2496960678996,7.691,0.41991984388777,49.4465748693134,7.6156,7.0227071076057,-2.73407174894396,-1.23101567862211
"9144377","2005-01-19",35.2744002253446,0.581548599670511,0.522240527182865,0.48746110195863,10.0405947634726,5.23907190319404,7.63983333333333,0.498646262823453,52.4418669419533,7.6036,7.09034615992494,-1.89518908563251,-1.36385036002419
"9144376","2005-01-20",34.6875382895196,0.518945634266886,0.535969247666116,0.515101592531575,10.0026961436823,5.20797052298434,7.60533333333333,0.443966206219,49.7606590944536,7.5592,7.09830000526828,-1.64684368299464,-1.42044902461828
"9144375","2005-01-21",34.2092016007772,0.507413509060956,0.535969247666116,0.531393007505033,9.97755934945248,5.17777398388085,7.57766666666667,0.433816485015089,49.2610217631721,7.502,7.09586000456585,-1.51227393636799,-1.43881400696822
"9144374","2005-01-24",34.2505754940841,0.456171735241503,0.494176959523113,0.522038484951783,9.96198331716819,5.13335001616514,7.54766666666667,0.381056750941508,45.5331658648628,7.42,7.02307867062373,-1.99012997631608,-1.54907720083779
"9144373","2005-01-25",34.2889941092977,0.734375,0.565986748100818,0.532044318430016,9.88505057015744,5.07594942984257,7.4805,0.385529544100219,47.7043364969588,7.3632,6.99600151454057,-2.03867293580341,-1.64699634783092
"9144372","2005-01-26",35.9192928541915,0,0.396848911747166,0.4856708731237,9.92243976246439,4.63556023753561,7.279,-0.00357367153532796,34.0583062524878,7.1932,6.63653464593516,-5.02352185656968,-2.32230144957867
"9144371","2005-01-27",37.5412305672442,0,0.244791666666665,0.40254244217155,9.89693311716157,4.19673354950509,7.04683333333333,0.00583601505527331,33.0483052286184,7.0476,6.29166335981047,-7.78386387148877,-3.41461393396069
"9144370","2005-01-28",39.0473155865075,0.0422163588390502,0.0140721196130152,0.218570899342283,9.71788024219585,3.88678642447082,6.80233333333333,0.0685772266226138,34.3893333211244,6.9072,6.01410824516908,-9.81215259139957,-4.69412166544847
"9144369","2005-01-31",40.544032074337,0,0.0140721196130152,0.0909786352975659,9.3511214209056,3.70054524576106,6.52583333333333,0.076591850840981,33.4425307442312,6.7752,5.74556047914653,-11.7088425944532,-6.09706585124942
"9144368","2005-02-01",41.8564606166195,0.00260416666666661,0.0149401751685707,0.0143614714648678,9.0249007750008,3.53243255833253,6.27866666666667,0.113045856709106,33.5363701220652,6.6112,5.51415241526033,-13.1798664498292,-7.51362597096537
"9144367","2005-02-02",42.0923249663555,0.114583333333333,0.0390624999999985,0.0226915982605289,8.50528603070013,3.58371396929987,6.0445,0.209205382180368,37.6097787959408,6.4492,5.37093209322562,-13.6500238996413,-8.74090555670056
"9144366","2005-02-03",42.2927832097217,0.169270833333333,0.0954861111111096,0.0498295954265603,8.51974254862527,3.5309241180414,6.02533333333333,0.245697967500856,39.5580435056788,6.2864,5.27480781412887,-13.5971068339788,-9.7121458121562
"9144365","2005-02-04",42.5679045493662,0.138020833333333,0.140624999999999,0.0917245370370363,8.50255169987082,3.37944830012917,5.941,0.245401716194307,38.8122023230855,6.1084,5.17550010557835,-13.6156585232336,-10.4928483543717
"9144364","2005-02-07",42.9877469659264,0.0807291666666666,0.129340277777776,0.121817129629629,8.49401320332072,3.21965346334595,5.85683333333333,0.237693280662229,37.4192608203135,5.9008,5.06010009150124,-13.8540164086533,-11.165081965228
"9144363","2005-02-08",43.3776006384466,0.107329842931937,0.108693280977311,0.126219519585029,8.44403695338655,3.07762971328012,5.76083333333333,0.270641086622244,38.4997085670162,5.7328,4.97342007930108,-13.7658848704233,-11.6852425462671
"9144362","2005-02-09",43.7396076200725,0.112565445026178,0.100208151541592,0.112747236765561,8.35524908412189,2.94908424921145,5.65216666666667,0.286262528930244,38.7275553843322,5.544,4.9009640687276,-13.5366851573816,-12.05553106849
"9144361","2005-02-10",44.2298230217852,0.0654450261780105,0.0951134380453737,0.101338290188093,8.24871159240728,2.81995507425938,5.53433333333333,0.281840771570027,37.385124852962,5.554,4.81416885956392,-13.5229831310936,-12.3490214810107
"9144360","2005-02-11",44.7372308297253,0.0603174603174604,0.0794426438405481,0.0915880778091721,8.08060656655255,2.71739343344744,5.399,0.290734899867099,36.9256483621861,5.4796,4.7309463449554,-13.4900945120531,-12.5772360872192
"9144359","2005-02-14",45.2449349627448,0.12,0.0819208288318222,0.085492303572582,7.88354071829749,2.63879261503584,5.26116666666667,0.30466173401867,36.602672047203,5.4056,4.65348683229468,-13.4091291055229,-12.7436146908799
"9144358","2005-02-15",45.3030278810662,0.319587628865979,0.166635029727812,0.109332834133395,7.58803044788226,2.64330288545107,5.11566666666667,0.35324435825745,38.9046204625884,5.328,4.60768858798872,-12.9441885226979,-12.7837294572435
"9144357","2005-02-16",45.412631646118,0.268041237113402,0.235876288659792,0.161477382406476,7.1547978330348,2.7472021669652,4.951,0.361375669119657,38.4349581085172,5.2384,4.56133010959022,-12.5331371840193,-12.7336110025987
"9144356","2005-02-17",45.5610863883576,0.22680412371134,0.271477663230239,0.224662993872615,6.72560371164332,2.87106295502335,4.79833333333333,0.366391346591546,38.0393255305092,5.1488,4.51581942831153,-12.1525347672958,-12.6173957555381
"9144355","2005-02-18",45.6989372204373,0.229166666666667,0.241337342497135,0.249563764795723,6.22010110196306,3.07823223137027,4.64916666666667,0.381439991501072,38.2105652659397,5.0424,4.47771017120332,-11.7117260693302,-12.4362618182965
"9144354","2005-02-22",46.0765114514708,0,0.151990263459334,0.22160175639557,5.67428084806724,3.33505248526609,4.50466666666667,0.31988362485961,36.063846576076,4.9276,4.41801548170955,-11.6022474156793,-12.2694589377731
"9144353","2005-02-23",46.4520259554199,0,0.0763888888888876,0.156572164948453,4.74611799229885,3.97688200770115,4.3615,0.116719265301241,35.8469619772301,4.8048,4.36361341748161,-11.4405660596848,-12.1036803621554
"9144352","2005-02-24",46.9656329022604,0,-1.55431223447522e-15,0.0761263841160742,4.73635162891886,3.91798170441447,4.32716666666667,0.0146856515930885,34.3988612471478,4.6588,4.29913162848406,-11.4409709273509,-11.9711384751945
"9144351","2005-02-25",46.7932920343202,0,-1.55431223447522e-15,0.0254629629629622,4.755102704186,3.86923062914733,4.31216666666667,0.0685983592495793,33.5019533158476,4.5248,4.23258074468619,-11.4838433976454,-11.8736794596847
"9144350","2005-02-28",45.8364761722326,0.247422680412371,0.0824742268041223,0.0274914089347071,4.75364219632934,3.85802447033732,4.30583333333333,0.337170112760104,38.6684228149614,4.4032,4.20690331206136,-10.9562082958455,-11.6901852269169
"9144349","2005-03-01",43.1196731454031,0.341666666666667,0.196363115693011,0.092945780832378,4.76896871388253,3.87669795278413,4.32283333333333,0.668670774121002,42.0999413422574,4.3096,4.20731620378651,-10.1030047056503,-11.3727491226635
"9144348","2005-03-02",40.5969274776328,0.508333333333334,0.365807560137456,0.21488163421153,4.7885041930478,3.89416247361886,4.34133333333333,0.703501632593204,45.9326273291879,4.2132,4.23434070994831,-8.94332452549621,-10.8868642032301
"9144347","2005-03-03",38.254377928989,0.525,0.458333333333332,0.3401680030546,4.77000446996426,3.89999553003574,4.335,0.674327710562524,46.3153279991734,4.2184,4.26042861528854,-7.89358388179641,-10.2882081389433
"9144346","2005-03-04",36.1571331271777,0.5,0.51111111111111,0.4450840015273,4.71384034525123,3.9254929880821,4.31966666666666,0.66532475456168,45.7917431453527,4.2324,4.27903813325007,-7.03530306699496,-9.63762712455367
"9144345","2005-03-07",34.1441262820523,0.508333333333334,0.51111111111111,0.493518518518518,4.6839646989551,3.9380353010449,4.311,0.704219506242969,46.0108380842127,4.2404,4.29649971548339,-6.26304897183197,-8.96271149400933
"9144344","2005-03-08",32.5603070159619,0.425,0.477777777777776,0.499999999999999,4.67087203802634,3.93879462864033,4.30483333333333,0.56169657209413,44.0916906558706,4.2528,4.29829975341894,-5.77025207821974,-8.32421961085141
"9144343","2005-03-09",31.2050625961535,0.391666666666666,0.441666666666665,0.476851851851851,4.64526817865177,3.94273182134823,4.294,0.527519334953054,43.3134469516451,4.2632,4.29452645296308,-5.39245125979808,-7.73786594064075
"9144342","2005-03-10",30.789617845422,0.125,0.313888888888887,0.41111111111111,4.62461382582673,3.9197195075066,4.27216666666667,0.19900925407898,37.5963081618119,4.2436,4.248589592568,-5.63160904247803,-7.3166145610082
"9144341","2005-03-11",30.4038477197428,0.3,0.272222222222221,0.342592592592592,4.61642398707617,3.91157601292383,4.264,0.390283669430513,42.9209087781321,4.224,4.23677764689227,-5.3696566569899,-6.92722298020454
"9144340","2005-03-14",30.4139786520218,0.175,0.199999999999999,0.262037037037036,4.61581107973342,3.89185558693324,4.25383333333333,0.250675280738815,40.2773196113213,4.2032,4.20654062730663,-5.38806903355435,-6.61939219087451
"9144339","2005-03-15",30.4478819455407,0.166666666666667,0.213888888888888,0.228703703703703,4.6167137488863,3.87328625111369,4.245,0.25115259987789,40.0999975281124,4.1908,4.17900187699908,-5.36574058391287,-6.36866186948218
"9144338","2005-03-16",30.505474777642,0.158333333333334,0.166666666666665,0.193518518518518,4.60319417231454,3.85180582768545,4.2275,0.250461926458874,39.9107731494246,4.174,4.15380162673254,-5.31114912751268,-6.15715932108828
"9144337","2005-03-17",32.1352782974068,0,0.108333333333332,0.162962962962962,4.68784121875375,3.67682544791291,4.18233333333333,-0.237542072213685,28.0708078569298,4.1232,4.0212947431682,-6.83567841555082,-6.29286313998079
"9144336","2005-03-18",33.819926297574,0,0.0527777777777764,0.109259259259259,4.79851247097789,3.45315419568878,4.12583333333333,-0.222855775938952,26.7331050551655,4.0744,3.88912211074577,-8.28672636935885,-6.6916357858564
"9144335","2005-03-21",35.397643673194,0,-1.43403807347416e-15,0.053703703703703,4.874348776737,3.25731788992967,4.06583333333333,-0.111717855692714,26.6279852941928,4.0276,3.77323916264634,-9.42422633628322,-7.23815389594176
"9144334","2005-03-22",36.6142558796325,0.0569620253164556,0.0189873417721504,0.0239217065166425,4.92017639526045,3.11849027140622,4.01933333333333,0.0193391409667846,29.3216799858896,3.986,3.68480727429349,-10.0760732541983,-7.80573776759308
"9144333","2005-03-23",37.8997317923892,0,0.0189873417721504,0.0126582278481005,4.96058753326839,2.97807913339828,3.96933333333333,0.0446845689401337,28.0877866529358,3.934,3.59483297105436,-10.7364293300351,-8.39187608008148
"9144332","2005-03-24",39.1407041976516,0,0.0189873417721504,0.0189873417721511,4.99585460088854,2.85381206577813,3.92483333333333,0.0869207455828015,27.7110416015689,3.8828,3.51285524158045,-11.2462926138873,-8.96275938684265
"9144331","2005-03-28",40.2930357168237,0.0137931034482759,0.00459770114942386,0.0141907948979089,5.0183171596917,2.7426828403083,3.8805,0.13211722571775,28.4005399186244,3.834,3.44447454270305,-11.5136773484504,-9.4729429791642
"9144330","2005-03-29",39.4476245666637,0.0563380281690141,0.0233770438724286,0.015654028931335,4.99933479782734,2.66633186883932,3.83283333333333,0.231604851890059,30.5409453753844,3.7872,3.39321127034265,-11.4840683696226,-9.87516805725588
"9144329","2005-03-30",38.6625999272293,0.153846153846154,0.0746590951544799,0.0342112800587781,4.92437923453218,2.62228743213449,3.77333333333333,0.287150104313977,34.7426945046834,3.7532,3.36478310096363,-11.0671681280533,-10.1135680714154
"9144328","2005-03-31",36.4721038323912,0.333333333333333,0.181172505116166,0.093069548047692,4.82592791159678,2.62307208840322,3.7245,0.419271460500978,41.7050801969078,3.7288,3.36947868750181,-10.1016106981241,-10.1111765967571
"9144327","2005-04-01",34.4380717443272,0.557377049180328,0.348185512119937,0.201339037463528,4.72962606963283,2.6407072637005,3.68516666666667,0.507100962129887,48.6745120770658,3.72,3.40821486250157,-8.61866848839506,-9.81267497508469
"9144326","2005-04-04",32.0185318603006,0.616666666666667,0.502459016393441,0.343939011209849,4.63767833382792,2.66632166617208,3.652,0.568311670270607,50.1554833790154,3.7168,3.44978621416803,-7.21937506546841,-9.29401499316143
"9144325","2005-04-05",30.5126210618301,0.448275862068966,0.540773192638652,0.463805907050677,4.52437938840669,2.69862061159331,3.6115,0.522912847997559,45.0253700318742,3.6952,3.45648138561229,-6.54566700036811,-8.74434539460277
"9144324","2005-04-06",29.1142753203932,0.514851485148515,0.526598004628048,0.523276737886714,4.42016312753226,2.72483687246774,3.5725,0.498525357586759,45.0253700318742,3.6668,3.46228386753065,-5.94264817867631,-8.18400595141748
"9144323","2005-04-07",27.603793652109,0.530612244897959,0.497913197371812,0.521761464879504,4.31303581051695,2.75929752281639,3.53616666666667,0.532502256267842,45.0253700318742,3.6304,3.46731268519323,-5.40202370574615,-7.62760950228321
"9144322","2005-04-08",26.2012035315593,0.530612244897959,0.52535865831481,0.516623286771557,4.25134926342922,2.77265073657078,3.512,0.543732150598712,45.0253700318742,3.5932,3.47167099383413,-4.91655274391649,-7.08539815060987
"9144321","2005-04-11",25.0580381196595,0.489795918367347,0.517006802721087,0.513426219469237,4.1523553802484,2.80797795308493,3.48016666666667,0.551944738079006,43.9265867504838,3.5556,3.47011486132292,-4.57155156837521,-6.58262883416294
"9144320","2005-04-12",24.5681167080112,0.336734693877551,0.452380952380951,0.498248804472283,4.06105822446394,2.83060844220273,3.44583333333333,0.451914602676483,39.9858532079512,3.5116,3.44876621314653,-4.59464327233912,-6.18503172179817
"9144319","2005-04-13",24.1131896829092,0.346938775510204,0.391156462585033,0.453514739229024,3.95879452090998,2.86453881242335,3.41166666666667,0.468014788747683,40.3699214678488,3.472,3.43159738472699,-4.54136037992429,-5.8562974534234
"9144318","2005-04-14",23.7701747717987,0.3125,0.33205782312925,0.391865079365079,3.84234178303564,2.91199155029769,3.37716666666666,0.470799527198789,39.8210356477675,3.4332,3.41405106676339,-4.4975652996624,-5.5845510226712
"9144317","2005-04-15",24.1875788642192,0.0444444444444445,0.234627739984881,0.319280675233055,3.83634604502657,2.8923206216401,3.36433333333333,0.304736897156774,34.7350337759587,3.3992,3.37217759119494,-4.88597924287932,-5.44483666671282
"9144316","2005-04-18",24.8681393698276,0,0.11898148148148,0.228555681531871,3.84048275431982,2.88051724568017,3.3605,0.204329654785673,32.710397632421,3.3532,3.32388724570228,-5.36225806108522,-5.4283209455873
"9144315","2005-04-19",25.5000884107498,0.0526315789473687,0.0323586744639363,0.1286559653101,3.83899022336356,2.88434310996977,3.36166666666666,0.225902207218297,34.9779236154838,3.3152,3.28870227960864,-5.56865226278883,-5.45638720902761
"9144314","2005-04-20",26.7318134748375,0,0.0175438596491214,0.0562946718648466,3.85449842662887,2.84816824003779,3.35133333333333,0.0978788353378702,30.3517491395883,3.2692,3.23020864232749,-6.19342491978194,-5.60379475117848
"9144313","2005-04-21",28.0920040264001,0,0.0175438596491214,0.0224821312540604,3.87689947832542,2.80343385500791,3.34016666666666,0.0371688458938384,28.7896119561845,3.2204,3.16884749001716,-6.83717940794683,-5.85047168253215
"9144312","2005-04-22",29.6365220940534,0,-1.47104550762833e-15,0.0116959064327479,3.91131920365456,2.73768079634543,3.3245,-0.00938460228480375,26.7508766399557,3.2004,3.10100115801487,-7.57330806470483,-6.19503895896668
"9144311","2005-04-25",31.4378102537975,0,-1.47104550762833e-15,0.00584795321637356,3.95926593599851,2.64540073066815,3.30233333333333,-0.0345550901903499,24.079780390481,3.1792,3.02086767027956,-8.519439981642,-6.65991916350175
"9144310","2005-04-26",32.9603200259774,0.158730158730159,0.0529100529100515,0.0176366843033503,3.97956834070631,2.57843165929368,3.279,0.115312333799886,33.0754167420781,3.1664,2.97808531424228,-8.67233962620139,-7.06240325604168
"9144309","2005-04-27",34.5823403857195,0.089430894308943,0.0827203510130325,0.0452101346410282,4.00033303834802,2.49366696165197,3.247,0.0993361262965195,31.2793230888141,3.1464,2.92900727234331,-8.95607239273151,-7.44113708337964
"9144308","2005-04-28",35.4682891831684,0.0975609756097562,0.115240676216285,0.0836236933797903,3.98262621998407,2.42437378001593,3.2035,0.161907583251337,31.7229730310942,3.1308,2.88780630269754,-9.07156963867478,-7.76722359443867
"9144307","2005-04-29",36.2127102067761,0.144230769230769,0.110407546383155,0.102789524537491,3.92708753006151,2.37991246993849,3.1535,0.206885140739058,33.1179546486778,3.1176,2.8560987956712,-8.99270449106098,-8.01231977376313
"9144306","2005-05-02",36.9039583001261,0.191919191919192,0.144570312253238,0.123406178284226,3.83786947180761,2.36279719485905,3.10033333333333,0.244419303452787,35.0241579571245,3.1052,2.83395228958171,-8.72795412436552,-8.15544664388361
"9144305","2005-05-03",38.0409856407871,0.0210526315789474,0.119067530909635,0.124681796515343,3.77315274900776,2.31818058432556,3.04566666666666,0.166202090695841,30.9825807743405,3.0836,2.79209198430414,-8.91242609856642,-8.30684253482017
"9144304","2005-05-04",36.736116038105,0,0.0709906078327116,0.111542816998529,3.70423886940348,2.29609446392985,3.00016666666666,0.258429131739334,30.5361407931619,3.0564,2.75314638639693,-9.03287426489982,-8.4520488808361
"9144303","2005-05-05",35.133005117569,0.352112676056338,0.124388435878427,0.104815524873592,3.61602349293775,2.31064317372891,2.96333333333333,0.413179836048073,41.8212240310104,3.0304,2.75272686821067,-8.31329122786049,-8.42429735024098
"9144302","2005-05-06",33.8525472848312,0.294117647058824,0.215410107705052,0.136929717138731,3.51614487427289,2.32818845906043,2.92216666666666,0.357879185489196,40.4073179479713,2.992,2.74569661911591,-7.79986850190018,-8.29941158057282
"9144301","2005-05-09",32.0923067367607,0.3125,0.319576774371719,0.219791772651734,3.4053640229671,2.36263597703289,2.884,0.406655111356359,40.4073179479713,2.9512,2.73960373656712,-7.31043278030279,-8.10161582051881
"9144300","2005-05-10",29.9739104562719,0.727272727272727,0.444630124777182,0.326539002284652,3.33147478625454,2.39285854707878,2.86216666666666,0.593577470394574,48.4866100785263,2.9272,2.76098990502484,-6.26504546028331,-7.73430174847171
"9144299","2005-05-11",28.3028956271195,0.764705882352941,0.601492869875221,0.455233256341375,3.26569585885487,2.42830414114512,2.847,0.770283701816819,52.6358281579171,2.908,2.79552458435486,-5.03136315338659,-7.19371402945469
"9144298","2005-05-12",27.5958163384248,0.147058823529412,0.546345811051692,0.530822935234699,3.16783872498229,2.4671612750177,2.8175,0.417936562675306,40.3773475340124,2.872,2.76945463977421,-5.20543175977931,-6.79605757551961
"9144297","2005-05-13",27.174560900148,0.0441176470588232,0.318627450980391,0.488822043969102,3.11046798019126,2.4641986864754,2.78733333333333,0.174026495278167,38.7572485286909,2.8332,2.73752735447099,-5.49401828139173,-6.53564971669404
"9144296","2005-05-16",27.4825546686802,0,0.0637254901960769,0.309566250742721,3.07969627963286,2.43430372036714,2.757,0.0553094068414359,33.9387270624299,2.7868,2.67919037387485,-6.3496782103188,-6.49845541541899
"9144295","2005-05-17",26.6971278212558,0.397727272727273,0.147281639928697,0.176544860368389,3.02303007321528,2.45863659345138,2.74083333333333,0.563489984590763,45.120184063686,2.7604,2.67529832402487,-5.92727941394812,-6.38422021512482
"9144294","2005-05-18",25.9678028915045,0.715909090909091,0.37121212121212,0.194073083778965,3.02501860495195,2.4576480617147,2.74133333333333,0.879528574227185,52.1044574088076,2.7448,2.70925854748822,-4.70000103039192,-6.04737637817824
"9144293","2005-05-19",25.5968624030934,0.613636363636363,0.575757575757574,0.364750445632798,3.03402278743554,2.45497721256446,2.7445,0.780058554463138,49.9059396377773,2.7264,2.72669074115646,-3.95056367986061,-5.62801383851471
"9144292","2005-05-20",24.2493124683835,0.418032786885246,0.582526080476899,0.509831925815532,3.07829990210473,2.44270009789526,2.7605,0.950230891783539,49.16130719567,2.7148,2.7377986423356,-3.40568949973501,-5.18354897075877
"9144291","2005-05-23",22.9980161004386,0.573770491803279,0.535146547441628,0.564476734558701,3.12824228311252,2.44342438355414,2.78583333333333,0.968494374256619,53.8571265554931,2.7144,2.77275882335752,-2.39202354823544,-4.62524388625411
"9144290","2005-05-24",21.4009774163177,0.483606557377049,0.491803278688523,0.536491968869017,3.14915935664913,2.4461739766842,2.79766666666666,0.75462833950961,50.924431137098,2.7076,2.78839098024318,-1.88875763732541,-4.07794663646837
"9144289","2005-05-25",19.9061072853414,0.467213114754099,0.508196721311474,0.511715515813876,3.16131343464444,2.46335323202222,2.81233333333333,0.678138141496063,50.3871940937037,2.7084,2.79927218287743,-1.53035312711612,-3.56842793459792
"9144288","2005-05-26",18.5348842050257,0.540983606557377,0.49726775956284,0.499089253187613,3.181278508656,2.47605482467733,2.82866666666666,0.747675554061446,52.8002990318286,2.716,2.82070255849377,-0.978081732970315,-3.0503586942724
"9144287","2005-05-27",17.4236740685017,0.491803278688525,0.499999999999999,0.501821493624772,3.1943092076256,2.4896907923744,2.842,0.676927914411982,51.0187187760464,2.7256,2.8312755506946,-0.704505774272357,-2.58118811027239
"9144286","2005-05-31",16.3918360845865,0.475409836065574,0.502732240437157,0.5,3.20530183990413,2.50236482676253,2.85383333333333,0.651032972630342,50.4081519372121,2.7408,2.83777214393532,-0.538515054126198,-2.17265349904315
"9144285","2005-06-01",15.976128035108,0.377049180327869,0.448087431693988,0.483606557377049,3.19246068138229,2.5425393186177,2.8675,0.447429537442304,46.7899548089233,2.7432,2.82740252474394,-0.739148318079474,-1.88595246285042
"9144284","2005-06-02",15.4806949747729,0.40983606557377,0.420765027322403,0.45719489981785,3.18857634970252,2.56709031696414,2.87783333333333,0.482032312749717,48.1265503492057,2.7508,2.82374885477808,-0.776064436998136,-1.66397485767996
"9144283","2005-06-03",15.2542734741273,0.368852459016394,0.385245901639343,0.418032786885245,3.18812626947198,2.56587373052801,2.877,0.429824847736629,46.5524107210232,2.756,2.81391567414101,-0.937738176796588,-1.51872752150329
"9144282","2005-06-06",15.0440249378136,0.114942528735632,0.297877017775264,0.367962648912338,3.18768912961209,2.5743108703879,2.881,0.422288300979313,46.5524107210232,2.76,2.80539358425554,-1.05467514891199,-1.42591704698503
"9144281","2005-06-07",14.8487941540936,0.168831168831169,0.217542052194397,0.300221657203002,3.19164839126354,2.58368494206979,2.88766666666666,0.553183021736284,51.3506135380445,2.7676,2.8153411063548,-0.765855896896162,-1.29390481696725
"9144280","2005-06-08",14.5960935921318,0.194805194805195,0.15952629745733,0.224981789142331,3.19049006939638,2.58350993060361,2.887,0.581825851444585,52.0636096068008,2.7828,2.82662895884083,-0.474843752551135,-1.13009260408403
"9144279","2005-06-09",14.4806230099524,0.168831168831169,0.177489177489176,0.184852509046969,3.17112930467099,2.58753736199567,2.87933333333333,0.56968339295475,51.2546483744178,2.798,2.83374509766205,-0.29821916400149,-0.963717916067522
"9144278","2005-06-10",14.5567284086723,0.175438596491228,0.179691653375862,0.172235709440791,3.17301472830381,2.59965193836285,2.88633333333333,0.523835984661783,49.9996692304258,2.802,2.83591241797378,-0.240861576210449,-0.819146648096107
"9144277","2005-06-13",14.1880619765473,0.254901960784314,0.199723908702235,0.185634913189092,3.16092334806239,2.65474331860427,2.90783333333333,0.695253324077484,51.2842382139948,2.8092,2.84179076224394,-0.109025203417723,-0.677122359160431
"9144276","2005-06-14",13.7764845849071,0.235294117647059,0.221878224974199,0.200431262350767,3.08412837362262,2.77587162637737,2.93,0.445932516268969,50.8155921502664,2.816,2.84555199394475,-0.0326426385637291,-0.54822641504109
"9144275","2005-06-15",12.909333545788,0.0980392156862742,0.196078431372548,0.205893521682995,3.07766628352439,2.78766704980893,2.93266666666666,0.145976076035441,47.5406128159985,2.812,2.83947839475212,-0.168605466538196,-0.472302225340512
"9144274","2005-06-16",12.6068699258125,0.0588235294117643,0.130718954248365,0.182891870198371,3.07659055228634,2.77740944771365,2.927,0.220347757970335,46.6162018312278,2.8024,2.8315479421185,-0.329793306920723,-0.443800441656554
"9144273","2005-06-17",12.326010850121,0.274509803921569,0.143790849673201,0.156862745098039,3.07688206050259,2.7781179394974,2.9275,0.463739510297015,52.1295475604555,2.814,2.83934154983603,-0.143113954708485,-0.38366314426694
"9144272","2005-06-20",11.4703860254675,0.11764705882353,0.15032679738562,0.141612200435729,3.05996433706658,2.77570232960008,2.91783333333333,0.273096656233261,48.2284148031492,2.8252,2.83542934319123,-0.220049085626473,-0.350940332538847
"9144271","2005-06-21",10.6994503395846,0.0980392156862742,0.163398692810456,0.152505446623093,3.02079686180222,2.78853647153111,2.90466666666666,0.235928570249378,47.7474079427145,2.8452,2.83070543076573,-0.306118168806513,-0.34197589979238
"9144270","2005-06-22",10.2101290706204,0.0392156862745099,0.0849673202614365,0.132897603485838,3.01335004655492,2.78064995344507,2.897,0.183426569872978,46.2569118007167,2.85,2.8226113733303,-0.454977848122873,-0.364576289458478
"9144269","2005-06-23",9.75575932086787,0.0392156862745099,0.0588235294117633,0.10239651416122,3.01198675727017,2.76867990939649,2.89033333333333,0.142426833604091,46.2569118007167,2.8436,2.81559652355293,-0.566938399138228,-0.405048711394428
"9144268","2005-06-24",9.1330448659563,0,0.0261437908496719,0.0566448801742915,2.99539533207626,2.76593800125707,2.88066666666666,0.192026982034633,45.7053474571093,2.8404,2.80818365374587,-0.677020956342089,-0.459443160383961
"9144267","2005-06-27",8.64324276196997,0,0.0130718954248352,0.0326797385620911,2.98415354745176,2.76184645254823,2.873,0.231602508266515,45.7053474571093,2.8384,2.80175916657975,-0.75601927467156,-0.51875838324148
"9144266","2005-06-28",8.1884265225541,0.04,0.013333333333332,0.0175163398692806,2.97214775523277,2.75918557810056,2.86566666666666,0.254259962787467,47.1666071711928,2.8296,2.79885794436912,-0.752599594944026,-0.56552662558199
"9144265","2005-06-29",7.96294104455189,0.0600000000000005,0.0333333333333321,0.0199128540305007,2.97225802126315,2.75840864540351,2.86533333333333,0.319187376576481,47.9213256123841,2.8256,2.7976768851199,-0.71290565994,-0.595002432453592
"9144264","2005-06-30",8.72443841878656,0.100000000000001,0.0666666666666656,0.0377777777777775,2.97287174803675,2.75879491862991,2.86583333333333,0.55060488500018,49.4758243592669,2.8232,2.79931996710392,-0.616662257539768,-0.599334397470827
"9144263","2005-07-01",9.5118644362703,0.538461538461538,0.232820512820512,0.110940170940171,2.98176654611205,2.76056678722128,2.87116666666666,0.811181773789042,55.8607083597278,2.8208,2.81274397149006,-0.278431961834003,-0.535153910343462
"9144262","2005-07-05",10.5650938023784,0.466666666666667,0.368376068376067,0.222621082621083,2.99185028944399,2.76248304388933,2.87716666666666,0.83207298837496,55.8607083597278,2.8208,2.82437810862472,-0.0113266345839635,-0.430388455191562
"9144261","2005-07-06",11.8517534562207,0.500000000000001,0.501709401709401,0.367635327635328,3.00354064369142,2.75745935630857,2.8805,0.931429255738163,57.9166563580093,2.8228,2.83846102747476,0.28152304236071,-0.288006155681108
"9144260","2005-07-07",12.6419437600763,0.411764705882353,0.459477124183006,0.443187531422825,3.00502687880724,2.75697312119275,2.881,0.764727562679082,55.1502320378593,2.8284,2.84666622381146,0.422567729232215,-0.145891378698443
"9144259","2005-07-08",13.3756918993709,0.470588235294118,0.460784313725489,0.473990279872633,3.00806389106463,2.7562694422687,2.88216666666666,0.742923015019467,56.6372809172328,2.8332,2.8564440606366,0.583599111566646,6.71935457445538e-06
"9144258","2005-07-11",15.2360319969808,0.487179487179488,0.456510809451985,0.458924082453494,3.02681082250474,2.74918917749525,2.888,0.96346050093562,58.8417204877872,2.8412,2.86891818588505,0.78577893842664,0.157161163168988
"9144257","2005-07-12",17.0847236808776,0.731707317073171,0.563158346515591,0.493484489897689,3.05086490913218,2.73413509086781,2.8925,1.14460829038919,65.7226227516681,2.8536,2.89439576110038,1.23739985096911,0.373208900729012
"9144256","2005-07-13",20.5462955462056,0.465909090909091,0.561598631720582,0.52708926256272,3.16011672909495,2.66621660423838,2.91316666666666,1.33721379928804,70.9523992292395,2.8652,2.93114299295366,1.87177413069215,0.67292194672164
"9144255","2005-07-14",23.9545671965083,0.649484536082474,0.615700314688244,0.580152430974807,3.29999980336631,2.59366686330035,2.94683333333333,1.28787207623084,78.1369668343864,2.8848,2.99232392722651,2.92466807562053,1.12327117250142
"9144254","2005-07-15",26.6824953663072,0.608247422680413,0.574547016557325,0.583948654322051,3.37536272770711,2.57397060562621,2.97466666666666,1.03074309269339,74.5276120873276,2.9036,3.04001407026297,3.58744801144979,1.61610654029109
"9144253","2005-07-18",29.4344553704265,0.6,0.619243986254295,0.603163772499955,3.44610806468439,2.55455860198227,3.00033333333333,0.981932505869535,74.5276120873276,2.9236,3.08134552756124,4.05040808845003,2.10296684992288
"9144252","2005-07-19",32.126340009806,0.702127659574468,0.636791694084959,0.61019423229886,3.52676790106616,2.54023209893383,3.0335,0.989760904391241,77.5362177987789,2.9464,3.13049945721974,4.60840975140751,2.60405543021981
"9144251","2005-07-20",34.6259471749441,0.717391304347826,0.673172987974097,0.643069556104451,3.59612452543264,2.53887547456735,3.0675,0.931150383119538,78.0935101587809,2.9704,3.17576619625711,5.02662610333482,3.08856956484281
"9144250","2005-07-21",36.0124871281723,0.590361445783133,0.669960136568475,0.659974939542511,3.63646235429509,2.55920431237157,3.09783333333333,0.808344569025973,70.5536330687817,2.994,3.20433070342283,5.08605850393042,3.48806735266033
"9144249","2005-07-22",37.6410368452675,0.626506024096386,0.644752924742447,0.662628683095007,3.67820875130301,2.58579124869698,3.132,0.824662197209941,71.658691324845,3.0196,3.23308660963312,5.14202574231455,3.81885903059118
"9144248","2005-07-25",35.2239982162644,0,0.405622489959838,0.573445183756921,3.67267458300992,2.61999208365674,3.14633333333333,0.452818949021019,38.4811212720497,3.0152,3.17267506168204,3.54294126715766,3.76367547790447
"9144247","2005-07-26",32.9796052036186,0.610526315789474,0.412344113295285,0.487573175999191,3.68751462918009,2.66215203748657,3.17483333333333,0.703342702073458,57.627677586272,3.0372,3.19765172012443,3.69509847599736,3.74996007752305
"9144246","2005-07-27",31.1325234731107,0.557894736842105,0.389473684210525,0.402480095821884,3.69227158006784,2.71172841993215,3.202,0.65773570502013,56.0093389474732,3.0576,3.21263149077451,3.64397723791434,3.72876350960131
"9144245","2005-07-28",29.4173761519247,0.568421052631579,0.578947368421052,0.460255055308955,3.69128132585007,2.76571867414992,3.2285,0.638474328486831,56.2738199626425,3.0796,3.22694729200457,3.58503702289283,3.70001821225961
"9144244","2005-07-29",27.8773942421034,0.557894736842105,0.561403508771929,0.509941520467836,3.68819559027406,2.81613774305927,3.25216666666666,0.61218674729641,55.9118085693987,3.1012,3.23802098640396,3.47163248948432,3.65434106770456
"9144243","2005-08-01",26.8686489444749,0.473684210526316,0.533333333333332,0.557894736842105,3.68140762179023,2.85759237820976,3.2695,0.520838005609195,52.9757313496755,3.12,3.2369515215501,3.14581944728338,3.55263674362032
"9144242","2005-08-02",25.9319568823912,0.494736842105263,0.50877192982456,0.534502923976608,3.67120582738117,2.90012750595216,3.28566666666666,0.488328033936531,53.6312931053797,3.1396,3.23869131867675,2.90402176833535,3.42291374856333
"9144241","2005-08-03",25.2826239559906,0.452631578947368,0.473684210526315,0.505263157894737,3.65983364112021,2.93783302554645,3.29883333333333,0.432363861913715,52.0678716610828,3.1568,3.23486580951985,2.58306508971806,3.25494401679427
"9144240","2005-08-04",25.385647771967,0.305263157894737,0.417543859649122,0.466666666666667,3.6393931526449,2.97994018068843,3.30966666666666,0.278098909920466,46.9131510802616,3.168,3.21288370158387,1.95602009330327,2.99515923209607
"9144239","2005-08-05",25.7961253852105,0.231578947368421,0.329824561403508,0.407017543859649,3.61986443857287,3.01346889476045,3.31666666666666,0.115212651685466,44.5388852947379,3.1756,3.18449920803936,1.26573845935527,2.64927507754791
"9144238","2005-08-08",26.1772831689367,0.252631578947369,0.263157894736841,0.336842105263158,3.61042067650201,3.03024599016464,3.32033333333333,0.102993135072096,45.3892968193371,3.1804,3.16256598030078,0.757827928733512,2.27098564778503
"9144237","2005-08-09",26.8519865490124,0.178947368421053,0.221052631578947,0.271345029239766,3.61813011959741,3.01620321373591,3.31716666666666,0.0284588036032446,42.909334676401,3.1824,3.13422384959401,0.170977839233055,1.85098408607464
"9144236","2005-08-10",27.5689448110898,0.157894736842106,0.196491228070175,0.226900584795322,3.63511263847136,2.96422069486196,3.29966666666666,0.0185513806258344,42.1998883605782,3.1824,3.10699400298147,-0.346046490536966,1.41157797075232
"9144235","2005-08-11",29.3757825751836,0,0.112280701754385,0.176608187134503,3.66280606219637,2.86019393780363,3.2615,-0.149753453942112,32.843271711804,3.1708,3.04072813591728,-1.58815534794894,0.811631307012066
"9144234","2005-08-12",31.0535604989849,0.0238095238095238,0.0605680868838754,0.123113338902812,3.69356551613451,2.75776781719882,3.22566666666666,-0.0795412127537192,33.8307519974453,3.1592,2.98596438446164,-2.51472225637681,0.14636059433429
"9144233","2005-08-15",32.7871536140088,0,0.00793650793650685,0.0602617655249232,3.7112923515932,2.65937431507346,3.18533333333333,-0.0342621577811948,32.2964878436054,3.144,2.93050246653342,-3.3949292408455,-0.561897372701668
"9144232","2005-08-16",34.566679442651,0,0.00793650793650685,0.0254803675856305,3.70750097408839,2.56683235924493,3.13716666666666,-0.0118343099265988,30.7925865229803,3.122,2.87443547099563,-4.23400654970291,-1.29631920810192
"9144231","2005-08-17",36.6195081463709,0,-1.0870933782788e-15,0.00529100529100497,3.70019400875611,2.46580599124388,3.083,-0.0209058990185998,27.1605071201037,3.0892,2.80451074152955,-5.32259072767449,-2.10157351201643
"9144230","2005-08-18",38.7403511781536,0,-1.0870933782788e-15,0.00264550264550232,3.70965111391583,2.34334888608416,3.0265,-0.0317271575798847,25.1627956836552,3.0436,2.73057597599227,-6.44571929771358,-2.97040266915586
"9144229","2005-08-19",38.6344888756728,0.118181818181818,0.0393939393939383,0.0131313131313128,3.66587920336902,2.28512079663098,2.9755,0.131482719315526,32.1495525887159,3.0048,2.68383251252664,-6.90636805748793,-3.75759574682228
"9144228","2005-08-22",37.4974698629125,0.253623188405797,0.123935002195871,0.0544429805299367,3.65606221967856,2.2796044469881,2.96783333333333,0.482200688981465,42.0154070046621,2.9748,2.67265484418975,-6.54483115947729,-4.31504282935328
"9144227","2005-08-23",36.4416664939209,0.311594202898551,0.227799736495388,0.1303762260284,3.6031699717221,2.2668300282779,2.935,0.344101544404648,45.1392943633889,2.944,2.67363419829779,-5.94856828501237,-4.6417479204851
"9144226","2005-08-24",35.3287095465659,0.289855072463768,0.285024154589371,0.212252964426877,3.54854463901625,2.25478869431708,2.90166666666666,0.33639366641451,44.1781118653751,2.9112,2.67048297185808,-5.50310923470656,-4.81402018332939
"9144225","2005-08-25",34.6410024179694,0.326086956521739,0.309178743961352,0.274000878348704,3.48629055738216,2.25770944261783,2.872,0.411551084937922,46.2330553371951,2.8836,2.67441857561034,-4.94181506536315,-4.83957915973614
"9144224","2005-08-26",34.0024172271298,0.369565217391304,0.328502415458936,0.30756843800322,3.41833865348667,2.26966134651332,2.844,0.452989408189598,48.6747554018614,2.8572,2.68582943219563,-4.26637696316415,-4.72493872042175
"9144223","2005-08-29",33.1516843019922,0.333333333333333,0.342995169082125,0.326892109500805,3.35536100713625,2.27930565953041,2.81733333333333,0.440523505466152,46.7686992731876,2.8544,2.68905217456954,-3.83656992972878,-4.54726496228315
"9144222","2005-08-30",32.0497484982487,0.289855072463768,0.330917874396134,0.334138486312399,3.28555678438393,2.29344321561606,2.7895,0.429947536060504,44.5159469155943,2.826,2.68384521796027,-3.63408190125583,-4.36462835007769
"9144221","2005-08-31",30.7649622106135,0.253623188405797,0.292270531400965,0.322061191626409,3.21144640554717,2.31122026111949,2.76133333333333,0.417057878035598,42.6713642354637,2.7976,2.67266585556557,-3.58384313943617,-4.20847130794938
"9144220","2005-09-01",29.5719463720951,0.282608695652174,0.275362318840579,0.29951690821256,3.14946210102407,2.32787123230926,2.73866666666666,0.465108343144678,44.6474017814602,2.7704,2.66831040815683,-3.38564651491976,-4.04390634934346
"9144219","2005-09-02",28.4641459506138,0.297101449275362,0.277777777777777,0.281803542673108,3.09836848108988,2.33963151891011,2.719,0.461778585405036,45.6560266261788,2.7444,2.66720235373592,-3.13236473506664,-3.8615980264881
"9144218","2005-09-06",27.1307901309158,0.260869565217391,0.280193236714975,0.277777777777778,3.03706548156671,2.35826785176662,2.69766666666666,0.449420369450257,43.5209441742955,2.7196,2.65957537323779,-3.04816583237658,-3.69891158766579
"9144217","2005-09-07",25.4179059692967,0.202898550724638,0.253623188405796,0.270531400966183,2.98044557988434,2.37155442011566,2.676,0.375182947262907,40.275582973724,2.6908,2.64229865680609,-3.18967244075435,-3.59706375828351
"9144216","2005-09-08",23.7092122220244,0.104,0.189256038647342,0.241024154589372,2.9306835336224,2.3773164663776,2.654,0.287964733937765,39.4829019020022,2.6628,2.62465883589861,-3.32854221120971,-3.54335944886875
"9144215","2005-09-09",22.7832034939833,0,0.102299516908211,0.181726247987117,2.92153763833538,2.36946236166461,2.6455,0.363243287300799,39.0688620902422,2.64,2.6080376577788,-3.43374858180903,-3.5214372754568
"9144214","2005-09-12",22.0805277620931,0.205128205128205,0.103042735042734,0.131532763532763,2.91852696984344,2.36747303015655,2.643,0.482457857624326,44.1175992694209,2.6232,2.60429930340829,-3.23462836636302,-3.46407549363805
"9144213","2005-09-13",21.0861514240294,0.0769230769230764,0.0940170940170928,0.0997864486560135,2.91760709347359,2.36372623985974,2.64066666666666,0.38445168381896,41.7870926985236,2.6036,2.59439272962052,-3.19582366991803,-3.41042512889404
"9144212","2005-09-14",20.2221385672819,0.128205128205128,0.136752136752135,0.111270655270655,2.9176260576077,2.36770727572563,2.64266666666666,0.410289782857591,43.0822743197632,2.5876,2.58847369900445,-3.06878859142159,-3.34209782139955
"9144211","2005-09-15",19.2710730935646,0.0833333333333328,0.0961538461538446,0.108974358974358,2.91046151927574,2.38787181405758,2.64916666666666,0.348510856842051,42.0741560616075,2.5716,2.58067720580386,-2.99683520776163,-3.27304529867197
"9144210","2005-09-16",18.38794086797,0.138888888888888,0.116809116809115,0.116571699905033,2.87308172885452,2.4532516044788,2.66316666666666,0.301904003934137,43.4979967130035,2.5692,2.57658691169667,-2.84535357876827,-3.18750695469123
"9144209","2005-09-19",17.1670051099801,0,0.0740740740740727,0.0956790123456783,2.8651313694081,2.46853529725856,2.66683333333333,0.180195185378674,40.7980621092315,2.564,2.56637532347045,-2.84998161401691,-3.12000188655636
"9144208","2005-09-20",16.4485009760646,0,0.0462962962962951,0.0790598290598285,2.81659640982624,2.46873692350709,2.64266666666666,-0.0251162433416378,36.8562181797514,2.558,2.54685861367439,-3.07297264115584,-3.11059603747626
"9144207","2005-09-21",16.2623715295599,0,-1.08246744900953e-15,0.040123456790123,2.82826176496897,2.42273823503102,2.6255,-0.0971704445947176,33.7806807033464,2.5516,2.52061079851781,-3.43860676584908,-3.17619818315082
"9144206","2005-09-22",16.4146197659217,0,-1.08246744900953e-15,0.0154320987654318,2.84153290182575,2.37546709817424,2.6085,-0.0546427091940884,31.7430937433595,2.5496,2.4911960253821,-3.85380625780197,-3.31171979808105
"9144205","2005-09-23",16.5559931282577,0.0212765957446813,0.00709219858155936,0.00236406619385322,2.83562813320711,2.33970520012622,2.58766666666666,0.0140373958856916,32.6184869933702,2.552,2.46703655533115,-4.11253039109487,-3.47188191668382
"9144204","2005-09-26",15.8473390948753,0.136363636363636,0.0525467440361048,0.0198796475392219,2.80984341144572,2.32748992188761,2.56866666666666,0.171057284540392,36.9711089388495,2.5512,2.45276501462033,-4.11235768256599,-3.59997706986025
"9144203","2005-09-27",15.5633632190465,0.0227272727272732,0.0601225016118626,0.0399204814098431,2.79124047477562,2.30642619189104,2.54883333333333,0.10362828932494,34.5664698575615,2.5396,2.43372967933762,-4.23248162712717,-3.72647798131364
"9144202","2005-09-28",14.6154788940445,0.227272727272727,0.128787878787878,0.0804857081452826,2.76784571634839,2.30348761698493,2.53566666666666,0.329872677771122,41.8926213702587,2.5284,2.42923238875927,-3.98651564321718,-3.77848551369435
"9144201","2005-09-29",14.6335467963,0.295454545454546,0.181818181818181,0.123576187405975,2.74895964544952,2.30570702121714,2.52733333333333,0.483455634704859,44.1378303624121,2.5196,2.4293347369247,-3.65020672062302,-3.75282975508008
"9144200","2005-09-30",14.6503241341087,0.45,0.324242424242423,0.211616161616162,2.724,2.31333333333333,2.51866666666666,0.543831168831176,47.7607278022803,2.5108,2.43609010533474,-3.18095498877433,-3.63845480181893
"9144199","2005-10-03",14.6659030906453,0.624999999999999,0.456818181818181,0.320959595959596,2.70572182917789,2.32094483748877,2.51333333333333,0.681923559651295,52.413723815492,2.5024,2.45127809129011,-2.54855002761745,-3.42047384697863
"9144198","2005-10-04",15.034437695237,0.624999999999999,0.566666666666665,0.449242424242424,2.69449095818692,2.32584237514641,2.51016666666666,0.743682839066993,52.413723815492,2.496,2.46444101245143,-2.02483267444054,-3.14134561247101
"9144197","2005-10-05",14.9677997122692,0.524999999999999,0.591666666666665,0.538383838383838,2.69012813046931,2.32687186953068,2.5085,0.660125709922717,49.4922367838501,2.4904,2.47051554412457,-1.7209576417142,-2.85726801831965
"9144196","2005-10-06",14.9059215852277,0.55,0.566666666666665,0.574999999999999,2.69162248093497,2.32704418573169,2.50933333333333,0.620687382049086,50.2389827561143,2.4872,2.47711347157463,-1.43107268017915,-2.57202895069155
"9144195","2005-10-07",14.7371259969146,0.524999999999999,0.533333333333332,0.563888888888888,2.68830873141227,2.32702460192106,2.50766666666666,0.580269233084894,49.4516109132975,2.482,2.48149834203134,-1.21980294012548,-2.30158374857834
"9144194","2005-10-10",14.3506201952677,0.475000000000001,0.516666666666666,0.538888888888888,2.6727370027509,2.3302629972491,2.5015,0.524819401950081,47.8368209830678,2.4752,2.48263189642716,-1.10451904851125,-2.06217080856492
"9144193","2005-10-11",14.4545085535673,0.5,0.499999999999999,0.516666666666666,2.66778510684729,2.33088155981937,2.49933333333333,0.600919091828929,48.7381524462007,2.4708,2.48494764357021,-0.969514788789583,-1.84363960460985
"9144192","2005-10-12",13.8445193239534,0.102564102564103,0.359188034188033,0.458618233618234,2.65695866154006,2.3237080051266,2.49033333333333,0.268942690680062,38.1027726733571,2.4636,2.46695462442752,-1.33543341923053,-1.74199836753399
"9144191","2005-10-13",13.2781007535977,0.23076923076923,0.277777777777777,0.378988603988604,2.64763911263715,2.32002755402951,2.48383333333333,0.366203336904162,42.5991782609594,2.4592,2.45802734117051,-1.44785731183796,-1.68317015639478
"9144190","2005-10-14",12.7521406525532,0.358974358974359,0.23076923076923,0.289245014245014,2.63613067171393,2.32053599495273,2.47833333333333,0.473594822894825,46.7638929669078,2.4572,2.45695702901444,-1.357912706552,-1.61811866642623
"9144189","2005-10-17",13.8631927057443,0,0.196581196581195,0.235042735042735,2.63027753555769,2.3117224644423,2.471,0.256190769794624,35.6284255330554,2.444,2.42936275847919,-1.92550056942188,-1.67959504702536
"9144188","2005-10-18",14.8948838979931,0.222222222222222,0.193732193732193,0.207027540360874,2.63027753555769,2.3117224644423,2.471,0.465469078983797,42.9440801476986,2.4368,2.41878105734863,-2.02503821855236,-1.74868368133076
"9144187","2005-10-19",15.8528828622242,0.533333333333334,0.251851851851851,0.214055080721747,2.63548262314979,2.32218404351687,2.47883333333333,0.695234420591177,51.29025759043,2.4344,2.42827691636881,-1.61935817038995,-1.7228185791426
"9144186","2005-10-20",17.0966850425892,0.422222222222222,0.392592592592591,0.279392212725546,2.63317342841467,2.34149323825199,2.48733333333333,0.611994807218315,48.5582816870377,2.4308,2.4298399941863,-1.44735922360594,-1.66772670803526
"9144185","2005-10-21",18.3216200684819,0.4,0.451851851851851,0.365432098765432,2.62504192534199,2.36329140799134,2.49416666666666,0.458611988839673,48.0075172250168,2.426,2.4298613282948,-1.32888532915997,-1.5999584322602
"9144184","2005-10-24",19.9270371412303,0.255813953488372,0.35934539190353,0.401263278782659,2.62342836537166,2.36757163462833,2.4955,0.270053603192678,44.226024853574,2.4204,2.42054648452216,-1.45122835830409,-1.57021241746898
"9144183","2005-10-25",20.1985180890272,0.348837209302325,0.334883720930231,0.382026988228539,2.6133508494688,2.39131581719786,2.50233333333333,0.459465855869921,46.8045711385382,2.4196,2.41780695325254,-1.39948522954823,-1.53606697988483
"9144182","2005-10-26",20.0820270330069,0.565217391304347,0.389956184698347,0.361395099177371,2.62177445854323,2.39489220812343,2.50833333333333,0.801184130565074,53.2108503384523,2.426,2.43009935948553,-0.980947230328477,-1.42504302997356
"9144181","2005-10-27",19.609828033034,0.612244897959183,0.508766499521951,0.411202135050177,2.63530926193692,2.39069073806307,2.513,0.910162451086808,55.3180961855505,2.436,2.44608611155413,-0.512303278322179,-1.24249507964328
"9144180","2005-10-28",18.7001969036489,0.528301886792453,0.568588058685327,0.489103580968543,2.64645629083358,2.38721037583308,2.51683333333333,0.872233444834872,54.0083543901467,2.4448,2.45727463001358,-0.205965789286555,-1.03518922157194
"9144179","2005-10-31",18.5957104265282,0.377358490566038,0.50596842510589,0.527774327771057,2.63968077522422,2.38765255810911,2.51366666666666,0.52512946131918,49.0097828262988,2.4484,2.4563046793451,-0.22343543132457,-0.872838463522465
"9144178","2005-11-01",19.6985242503061,0.0566037735849053,0.320754716981131,0.465103733590784,2.63487189433268,2.37046143900065,2.50266666666666,0.0360748253595761,40.4437456041205,2.4472,2.43279738876575,-0.789236566070417,-0.856118084032055
"9144177","2005-11-02",20.7225656580998,0.0943396226415091,0.176100628930816,0.33427459033928,2.63574978260853,2.34825021739147,2.492,0.0176804300139703,41.7340081207682,2.4432,2.41509107026365,-1.16273720075986,-0.917441907377615
"9144176","2005-11-03",21.6734612510512,0.226415094339623,0.125786163522011,0.207547169811321,2.63074050092397,2.33759283240936,2.48416666666666,0.201515620290071,46.1327477419508,2.4408,2.40907892756183,-1.21291880625268,-0.976537287152629
"9144175","2005-11-04",20.2175431838271,0.32,0.213584905660376,0.171823899371069,2.62923148824693,2.33776851175306,2.4835,0.636666872110166,50.1829421476856,2.4392,2.41320173722025,-1.00690652478478,-0.982611134679059
"9144174","2005-11-07",19.8051507756838,0.444444444444445,0.330286512928022,0.223219194036804,2.64617082002288,2.33182917997711,2.489,0.916744024052706,54.4025156800127,2.438,2.42744150559089,-0.57058119400738,-0.900205146544723
"9144173","2005-11-08",19.8018301873732,0.783333333333334,0.515925925925925,0.353265781504775,2.70732251053728,2.29667748946271,2.502,1.2094529785628,63.8759846184793,2.446,2.47044930484544,0.522499021977696,-0.615664312840239
"9144172","2005-11-09",20.1013927971281,0.769230769230769,0.665669515669514,0.503960651507821,2.76852758777707,2.27713907888959,2.52283333333333,1.12509940934944,64.90033658785,2.4568,2.51172273086604,1.45212033006104,-0.202107384259984
"9144171","2005-11-10",21.7260216557178,0.553191489361702,0.701918530641934,0.627837990745792,2.84999057716508,2.24567608950158,2.54783333333333,1.1489446714788,65.6006569614888,2.468,2.55015970008391,2.21130943542474,0.280575979676959
"9144170","2005-11-11",24.2511519411388,0.753846153846154,0.692089470812874,0.686559172374775,3.05758051770671,2.12775281562661,2.59266666666666,1.33241228269335,76.9781494743119,2.498,2.64480507340605,4.16111114366007,1.05668301247358
"9144169","2005-11-14",26.5129581852296,0.746153846153846,0.684397163120566,0.692801721525126,3.19963011402216,2.0810365526445,2.64033333333333,1.13144770157931,76.386668430664,2.5284,2.72549773028524,5.53834161474758,1.95301473292838
"9144168","2005-11-15",26.026199786881,0.453846153846154,0.65128205128205,0.675922895071831,3.24568351602589,2.09164981730744,2.66866666666666,0.810216244462845,58.1133457405009,2.5432,2.74476469958055,5.41999631876549,2.6464110500958
"9144167","2005-11-16",25.5742098455573,0.469230769230769,0.556410256410255,0.630696490270958,3.27367414312132,2.10332585687867,2.6885,0.712045140394401,58.673693486801,2.5648,2.76412940630314,5.31888695906262,3.18090623188916
"9144166","2005-11-17",25.4623608054105,0.5,0.474358974358973,0.560683760683761,3.30590384556574,2.11809615443425,2.712,0.734044620249247,59.8311016930768,2.586,2.78624548546272,5.28874825778423,3.60247463706818
"9144165","2005-11-18",25.1705793300668,0.476923076923077,0.482051282051281,0.504273504273504,3.32937589943772,2.14229076722895,2.73583333333333,0.688837902678109,58.5076187923613,2.604,2.80141275406769,5.11529176083829,3.9050380618222
"9144164","2005-11-21",25.0250825736614,0.515625,0.497516025641024,0.484642094017094,3.35283578847457,2.17616421152542,2.7645,0.708639355967559,60.3945703165324,2.6324,2.822557720192,5.087025637901,4.14143557703796
"9144163","2005-11-22",24.8200149653275,0.479338842975207,0.490628973299427,0.490065426997245,3.37330095148216,2.20669904851783,2.79,0.682867294139721,59.9055880015276,2.6564,2.8395500241664,4.97445301850545,4.30803906533146
"9144162","2005-11-23",24.3405169426197,0.412280701754386,0.469081514909863,0.485742171283439,3.38800719627076,2.22999280372923,2.809,0.627517125536394,57.8866708184888,2.6732,2.84894335427755,4.71529204178971,4.38948966062311
"9144161","2005-11-25",24.3299639504845,0.386792452830189,0.426137332519926,0.461949273576406,3.40573556170913,2.25093110495754,2.82833333333333,0.648654316029884,58.6372818238066,2.6928,2.85975090704054,4.51287485228513,4.41416669895551
"9144160","2005-11-28",24.3201647435018,0.301204819277108,0.36675932462056,0.420659390683451,3.42190479895738,2.27442853437594,2.84816666666666,0.641034144520948,61.2411498277611,2.7156,2.8784507861018,4.49464083499831,4.43026152616407
"9144159","2005-11-29",24.951190972667,0.2625,0.316832424035765,0.369909693725418,3.43410845194116,2.31522488139217,2.87466666666666,0.656703823300676,60.65372269969,2.7408,2.89332401462156,4.39806214014664,4.42382164896059
"9144158","2005-11-30",25.537143899749,0.243589743589744,0.269098187622283,0.31756331209287,3.42032433228141,2.39267566771858,2.9065,0.60720265638017,60.65372269969,2.7644,2.90621414600535,4.26980048740899,4.39301741665027
"9144157","2005-12-01",25.8985349537925,0.140845070422535,0.215644938004092,0.267191849887381,3.38673553702058,2.49126446297941,2.939,0.571843005540098,59.333610628211,2.7828,2.91471892653797,4.06424719024141,4.3272633713685
"9144156","2005-12-02",26.2341123611186,0.149253731343284,0.177896181785187,0.220879769137188,3.34122067647664,2.59644599019002,2.96883333333333,0.532895854882178,59.333610628211,2.7996,2.92208973633291,3.85590923801113,4.23299254469702
"9144155","2005-12-05",25.8709408492286,0.0638297872340422,0.117976196333286,0.170505772040856,3.30176992593264,2.67756340740069,2.98966666666666,0.420432316561718,54.5171919661124,2.8144,2.91914443815519,3.45759489935287,4.07791301562819
"9144154","2005-12-06",25.5337101596164,0.107142857142857,0.10674212524006,0.134204834452845,3.2694016788945,2.74259832110549,3.006,0.387371003893463,55.6255325755067,2.8332,2.91925851306783,3.16094454235911,3.89451932097438
"9144153","2005-12-07",25.7133235565725,0.222222222222222,0.131064955533039,0.118594425702129,3.26110896756009,2.77155769910657,3.01633333333333,0.466636112730489,57.8384113459399,2.8604,2.92469071132545,3.00155947715404,3.71592735221031
"9144152","2005-12-08",26.4216222325314,0.535714285714285,0.288359788359787,0.17538895637763,3.260721634897,2.79827836510299,3.0295,0.638034949371781,62.383758609272,2.8904,2.94139861648206,3.08606074872562,3.58995403151337
"9144151","2005-12-09",28.0309401167789,0.470588235294118,0.409508247743541,0.276310997212123,3.28702354709872,2.80097645290127,3.044,0.882678967162895,66.2967312298698,2.9212,2.96787880095112,3.35603746556281,3.54317071832326
"9144150","2005-12-12",29.5253067235802,0.490196078431372,0.498832866479924,0.398900300861085,3.23990106013499,2.830098939865,3.035,0.870097320547656,66.7110868185427,2.9496,2.99216162749097,3.54989684676497,3.5445159440116
"9144149","2005-12-13",31.6432828519345,0.233333333333334,0.398039215686273,0.435460109969914,3.19266935481685,2.86199731184981,3.02733333333333,1.00200796689833,58.230446132436,2.9704,2.99854007715884,3.36531850483048,3.50867645617538
"9144148","2005-12-14",33.9150335978244,0.698630136986302,0.474053182917001,0.456975088361067,3.30869648441825,2.79163684891508,3.05016666666666,1.33774991688366,71.4004015517845,2.9968,3.05340140020433,4.15245348996489,3.63743186293328
"9144147","2005-12-15",35.2675516481192,0.589041095890411,0.507001522070014,0.459697973557764,3.36401296691203,2.78132036642129,3.07266666666666,1.0388776170069,66.5169200577107,3.0188,3.09028121351042,4.49560575784818,3.80906664191626
"9144146","2005-12-16",36.5234612662501,0.671232876712329,0.65296803652968,0.544674247172233,3.41942809997839,2.76890523335493,3.09416666666666,1.00087913899872,68.2697826995397,3.0424,3.1302437183757,4.8549441218342,4.01824213789985
"9144145","2005-12-19",37.869458706114,0.753424657534247,0.671232876712328,0.610400811770675,3.4797001607021,2.76063317263122,3.12016666666666,1.00041698381774,69.9631883332435,3.05,3.17287788925894,5.21922897255405,4.25843950483069
"9144144","2005-12-20",39.2926377342793,0.712328767123288,0.712328767123287,0.678843226788432,3.53164089261473,2.7556924407186,3.14366666666666,0.933448037058988,68.0088135952827,3.0568,3.20582750402441,5.35798855229181,4.47834931432291
"9144143","2005-12-21",39.0104618565007,0.479452054794521,0.648401826484017,0.677321156773212,3.5532986390777,2.76870136092229,3.161,0.740887911877979,58.1037988711255,3.072,3.21171717015449,4.97958803462917,4.57859705838417
"9144142","2005-12-22",38.7484413985634,0.479452054794521,0.557077625570775,0.639269406392694,3.56473070022999,2.79293596643667,3.17883333333333,0.674269134150404,58.1037988711255,3.0864,3.21682154746722,4.62600345169806,4.58807833704694
"9144141","2005-12-23",38.5051366876217,0.464788732394366,0.474564280661135,0.560014577571977,3.57439511622054,2.81360488377945,3.194,0.643710222175865,58.1037988711255,3.0992,3.22124534113826,4.29595614325209,4.52965389828797
"9144140","2005-12-27",38.8688271123735,0.507462686567164,0.483901157918683,0.505181021383532,3.59175094342961,2.83358238990371,3.21266666666666,0.725103858334637,60.2314704528416,3.1152,3.23174596231983,4.11121219850326,4.44596555833103
"9144139","2005-12-28",37.0853473571673,0,0.324083806320509,0.427516414966776,3.59941198985828,2.81392134347504,3.20666666666666,0.147778534422321,34.5404440507382,3.1016,3.15017983401052,2.22366721359064,4.00150588938295
"9144138","2005-12-29",35.4292590130471,0.544554455445544,0.350672380670902,0.386219114970032,3.60490300033515,2.83609699966484,3.2205,0.594735646274659,52.2726798998204,3.1104,3.15282252280911,2.09888233778657,3.62098117906368
"9144137","2005-12-30",33.891462693507,0.772277227722772,0.438943894389438,0.371233360460284,3.62554813947806,2.85978519385527,3.24266666666666,0.766400981094864,57.462073272504,3.13,3.1857795197679,2.55547618725886,3.40788018070271
"9144136","2006-01-03",33.0001799767105,0.643564356435644,0.653465346534653,0.481027207198331,3.62631981650093,2.89268018349906,3.2595,0.596096226033394,53.8951063929387,3.1436,3.19700891713218,2.55361258244742,3.23702666105165
"9144135","2006-01-04",31.02076865353,0.557377049180328,0.657739544446247,0.58338292845678,3.63427690805713,2.93872309194287,3.2865,0.778195583888819,54.5955589176073,3.1556,3.21074106151456,2.59629282870362,3.10887989458205
"9144134","2006-01-05",29.7818699463366,0.695652173913043,0.632197859843004,0.647800916941302,3.68496583904543,2.9653674942879,3.32516666666666,1.04868571642751,60.6105268073818,3.1792,3.25997558664595,3.28589957516139,3.14428383069792
"9144133","2006-01-06",28.8099178077644,0.818181818181818,0.690403680425062,0.660113694904772,3.77081311299879,2.96718688700121,3.369,1.1317198844979,64.4177974779188,3.2112,3.33064550842649,4.27620867637071,3.37066879983247
"9144132","2006-01-09",27.9073908219474,0.853146853146853,0.788993615080571,0.703865051782879,3.85040734525429,2.9675926547457,3.409,1.04862400743956,65.2783344290875,3.246,3.39855944063629,5.09099067957712,3.7147331757814
"9144131","2006-01-10",26.2193250711859,0.734265734265734,0.801864801864801,0.760420699123478,3.89152420860407,2.97814245806259,3.43483333333333,0.841405259245078,59.9680225882212,3.274,3.43475151521812,5.25455412412443,4.02269736545001
"9144130","2006-01-11",25.2583292700171,0.755244755244755,0.78088578088578,0.790581399277051,3.93690697853199,2.99575968813467,3.46633333333333,0.872240707600017,60.5774924325135,3.306,3.4701179798557,5.38274683379552,4.29470725911911
"9144129","2006-01-12",23.7501357988947,0.664335664335664,0.717948717948717,0.766899766899766,3.95712528201097,3.02754138465569,3.49233333333333,0.737740779104245,56.559081832066,3.332,3.48343558254161,5.1189611276629,4.45955803282787
"9144128","2006-01-13",22.0735331928368,0.615384615384615,0.678321678321677,0.725718725718725,3.96723539381401,3.03109793951932,3.49916666666666,0.629076486341823,54.4640421188585,3.3536,3.48564417153606,4.69342172035572,4.50633077033344
"9144127","2006-01-17",20.5166879157831,0.664335664335664,0.648018648018647,0.681429681429681,3.97972253522044,3.04294413144622,3.51133333333333,0.626675280075384,56.2108343930917,3.3744,3.49689161533125,4.46572326054233,4.49820926837522
"9144126","2006-01-18",19.3214198998446,0.65034965034965,0.643356643356642,0.656565656565656,3.99162628509335,3.05270704823997,3.52216666666666,0.621948720939759,55.5551009020191,3.3908,3.50397273328709,4.18996035572696,4.43655948584557
"9144125","2006-01-19",18.0021000757479,0.386363636363636,0.567016317016316,0.619463869463869,3.99548425636473,3.0568490769686,3.52616666666666,0.53604524321697,54.1934407209893,3.4052,3.50477636884881,3.83498000168729,4.31624358901391
"9144124","2006-01-20",16.7226394285677,0.294871794871795,0.443861693861693,0.551411551411551,3.99821664030379,3.06045002636287,3.52933333333333,0.514929087676911,53.8381697065918,3.4236,3.50413951966897,3.49054425398077,4.15110372200728
"9144123","2006-01-23",16.059254992978,0.166666666666667,0.282634032634031,0.431170681170681,3.99747767535832,3.07052232464167,3.534,0.40218874447775,50.2879008581352,3.4232,3.49025425037977,2.95335954299698,3.91155488620522
"9144122","2006-01-24",15.4432551599305,0.133333333333333,0.198290598290597,0.308262108262108,3.99491562137461,3.08475104529205,3.53983333333333,0.379325853565887,50.2879008581352,3.426,3.47822035032913,2.49883109655371,3.62901012827492
"9144121","2006-01-25",15.199958671286,0,0.0999999999999989,0.193641543641543,3.99230019660208,3.09369980339792,3.543,0.303768911446194,48.0815720749183,3.424,3.45979097028525,1.97605313095943,3.29841872881182
"9144120","2006-01-26",15.9655994110051,0,0.0444444444444434,0.114245014245014,4.00106396295777,3.06860270370889,3.53483333333333,0.162363095291555,41.2585953565448,3.4112,3.41581884091388,1.05414705915481,2.84956439488042
"9144119","2006-01-27",17.3165189773503,0,-1.10097116608661e-15,0.0481481481481477,3.97622489069754,3.10644177596912,3.54133333333333,-0.0533946626264661,36.7163644081293,3.3928,3.3550429954587,-0.091719990365513,2.26130751783123
"9144118","2006-01-30",18.9922717158823,0,-1.10097116608661e-15,0.0148148148148143,4.0246756060313,3.02099106063536,3.52283333333333,-0.0972992238945926,33.664236969751,3.376,3.28503726273087,-1.32112470767919,1.54482107272915
"9144117","2006-01-31",20.5483278302334,0.098360655737705,0.0327868852459006,0.0109289617486334,4.05172309263855,2.94894357402811,3.50033333333333,0.04327528017449,38.7275073246885,3.364,3.24036562770009,-1.99493166679163,0.836870524824993
"9144116","2006-02-01",21.9932370792738,0.11965811965812,0.0726729251319405,0.0351532701259473,4.07345721329223,2.89387612004109,3.48366666666666,0.0871415684887462,39.555588618241,3.3528,3.20431687734008,-2.4603837271523,0.177419674429534
"9144115","2006-02-02",23.734919972928,0.0194174757281554,0.0791454170413256,0.0615350758063895,4.09231506703348,2.82101826629985,3.45666666666666,0.0935908386078615,36.3787770574739,3.3348,3.15707462702807,-3.10864891883689,-0.479794044223751
"9144114","2006-02-03",25.3521969456068,0.13265306122449,0.0905762188702538,0.0807981870145073,4.07337378515353,2.76862621484646,3.42099999999999,0.182441766696823,41.0523220458406,3.3484,3.13079801009099,-3.31151847072079,-1.04613892952316
"9144113","2006-02-06",26.9890241986419,0.0918367346938774,0.0813024238821731,0.0836746865979181,4.0208031862033,2.73086348046336,3.37583333333333,0.187969911919944,39.9043876859055,3.3384,3.10269160874553,-3.54067891560609,-1.54504692673974
"9144112","2006-02-07",28.5089352193173,0.204819277108434,0.143103024342266,0.104993889031565,3.94853712357736,2.7161295430893,3.33233333333333,0.24927125985575,43.3181851714831,3.3224,3.08899939424612,-3.47729164798979,-1.93149587098975
"9144111","2006-02-08",29.9202811670874,0.2125,0.169718670600769,0.13137470627507,3.89595585623375,2.69537747709957,3.29566666666666,0.264835567389661,43.3181851714831,3.3116,3.07713280834664,-3.38958691759597,-2.223114080311
"9144110","2006-02-09",31.7243603703953,0.0428571428571426,0.153392139988524,0.155404611643854,3.82095667282443,2.68237666050889,3.25166666666666,0.22333960143971,38.840188799635,3.294,3.04818176723376,-3.65033314172338,-2.50855789259347
"9144109","2006-02-10",33.399576773467,0.227272727272727,0.160876623376622,0.161329144655306,3.75352760474997,2.67880572858335,3.21616666666666,0.301964268102113,44.1678402642443,3.27,3.03909086493592,-3.50214668920391,-2.70727565191556
"9144108","2006-02-13",35.0579939012435,0.203389830508475,0.15783990021278,0.157369554525976,3.69719633875634,2.67113699457698,3.18416666666666,0.301018656645095,43.155718615658,3.2364,3.02721208294447,-3.4262992985964,-2.85108038125173
"9144107","2006-02-14",36.9468087832723,0.0175438596491224,0.14940213914344,0.156039554244281,3.63279879319652,2.6605345401368,3.14666666666666,0.225726143044486,39.5747475062934,3.1964,3.0022504718852,-3.62175912199543,-3.00521612940047
"9144106","2006-02-15",38.2136033953073,0.162790697674418,0.127908129277337,0.145050056211187,3.55020250613472,2.67279749386527,3.1115,0.296939082663974,42.3831245598857,3.1656,2.98861707563384,-3.57781933379157,-3.11973677027869
"9144105","2006-02-16",38.364385684053,0.551724137931035,0.244019565084857,0.173776611168546,3.47313030717887,2.69620302615445,3.08466666666666,0.421056532791,46.406796823934,3.1372,2.98880146554933,-3.26317795150726,-3.1484250065244
"9144104","2006-02-17",38.5043978093169,0.571428571428571,0.428647802344674,0.26685849890229,3.385496262296,2.73150373770399,3.0585,0.44113082557937,46.8509274895221,3.1144,2.99029460347609,-2.95264804394409,-3.10926961400834
"9144103","2006-02-21",37.468997015098,0.393939393939395,0.505697367766333,0.392788245065288,3.31339162516021,2.76294170817311,3.03816666666666,0.497274956442532,45.6292671431246,3.0932,2.98758865634594,-2.75573861246223,-3.03856341369912
"9144102","2006-02-22",36.121797543443,0.540540540540541,0.501969501969501,0.47877155736017,3.2327236834364,2.81027631656359,3.02149999999999,0.67793143610551,48.9727269956069,3.072,2.99457683549982,-2.383245804229,-2.90749989180509
"9144101","2006-02-23",34.8708266054776,0.594594594594595,0.509691509691509,0.505786126475781,3.15137962218984,2.86328704447682,3.00733333333333,0.763804088960985,49.9202927277896,3.0524,3.00329992409984,-2.01095922881068,-2.72819175920621
"9144100","2006-02-24",33.5005297923376,0.621621621621621,0.585585585585584,0.532415532415532,3.11583091082712,2.8865024225062,3.00116666666666,0.916433216384202,50.4160880924338,3.0348,3.0121932675532,-1.66989074873177,-2.51653155711132
"9144099","2006-02-27",32.6720423930536,0.459459459459459,0.558558558558557,0.551278551278551,3.11309683191148,2.88723650142184,3.00016666666666,0.676362680630923,47.3848757516819,3.0152,3.01190083187944,-1.54239637179012,-2.32170452004708
"9144098","2006-02-28",31.9755753544599,0.432432432432433,0.504504504504503,0.549549549549549,3.11370164042773,2.89763169290559,3.00566666666666,0.628044954811851,46.8789825699456,2.9992,3.01031405429551,-1.45143398327711,-2.14765041269309
"9144097","2006-03-01",30.973443552687,0.540540540540541,0.477477477477476,0.513513513513513,3.12082025334341,2.89784641332325,3.00933333333333,0.772079750078253,49.2146047532727,2.9848,3.01427218038944,-1.25776849213289,-1.96967402858105
"9144096","2006-03-02",30.5129129640227,0.378378378378379,0.450450450450449,0.477477477477477,3.12082025334341,2.89784641332325,3.00933333333333,0.443192140093581,45.9509329263725,2.9704,3.00970255633752,-1.25043973424067,-1.82582716971297
"9144095","2006-03-03",29.8363840911306,0.351351351351352,0.423423423423423,0.45045045045045,3.11925489612671,2.90507843720661,3.01216666666666,0.427629768098013,45.4104257215958,2.964,3.00440888215918,-1.25725587844807,-1.71211291145999
"9144094","2006-03-06",29.3731630391485,0.297297297297298,0.342342342342342,0.405405405405405,3.11897954817766,2.901687118489,3.01033333333333,0.314382243361546,44.2883772940785,2.9636,2.99715436453796,-1.30180498675976,-1.63005132651995
"9144093","2006-03-07",29.6228104415588,0,0.216216216216215,0.327327327327327,3.12298799169174,2.89167867497492,3.00733333333333,0.0936177524787057,39.5522397466097,2.9648,2.9788671159329,-1.56303563228869,-1.6166481876737
"9144092","2006-03-08",29.854625886654,0,0.0990990990990981,0.219219219219219,3.12635225620952,2.87531441045713,3.00083333333333,0.0717777147194488,39.5522397466097,2.9612,2.96301816714184,-1.75244784342145,-1.64380811882325
"9144091","2006-03-09",31.7912086492385,0,-1.29526019539602e-15,0.105105105105105,3.18897293328161,2.77336040005171,2.98116666666666,-0.368998496892957,26.6827760058968,2.9428,2.90261574485626,-2.83899251287577,-1.88284499763375
"9144090","2006-03-10",33.5894640716385,0,-1.29526019539602e-15,0.0330330330330323,3.24196405678619,2.68170260988047,2.96183333333333,-0.235073483295793,26.6827760058968,2.9292,2.85026697887543,-3.68322889533935,-2.24292177717487
"9144089","2006-03-13",34.5123841910618,0.0571428571428572,0.0190476190476178,0.00634920634920555,3.26266091501509,2.6203390849849,2.94149999999999,-0.0368544508554518,29.7140099090965,2.9128,2.81023138169204,-4.2092788021648,-2.63619318217286
"9144088","2006-03-14",35.3693814448121,0.0781250000000004,0.0450892857142846,0.0213789682539675,3.27936136853206,2.56297196480126,2.92116666666666,0.0144633190805382,30.4877577084123,2.8984,2.77686719746643,-4.55803069008138,-3.02056068375456
"9144087","2006-03-15",36.7130152157012,0,0.0450892857142846,0.0364087301587295,3.30617185136081,2.49716148197252,2.90166666666666,-0.00885215102734734,26.4164563179848,2.8756,2.73061823780424,-5.16967384560304,-3.45038331612426
"9144086","2006-03-16",38.0732912978602,0,0.0260416666666655,0.0387400793650787,3.3306811817753,2.42165215155802,2.87616666666666,0.00184942583727324,25.5679288529085,2.8516,2.68653580609701,-5.69847762210691,-3.90000217732079
"9144085","2006-03-17",38.5687601865376,0,-1.29526019539602e-15,0.0237103174603168,3.3373865045245,2.35361349547549,2.84549999999999,0.0573165801519772,24.1742042508398,2.8312,2.64166436528408,-6.21783553317307,-4.36356884849124
"9144084","2006-03-20",38.3124195213783,0.166666666666667,0.0555555555555542,0.0271990740740733,3.32526413167218,2.31540253499447,2.82033333333333,0.199298727998293,34.2149637910992,2.8112,2.62010911657953,-6.1752013482852,-4.72589534845003
"9144083","2006-03-21",37.5108964680531,0.242857142857143,0.136507936507935,0.0640211640211632,3.30333100405032,2.28966899594966,2.79649999999999,0.266687517032296,36.9801737585716,2.794,2.60676123436893,-5.95457453061036,-4.9716311848821
"9144082","2006-03-22",36.8313663151782,0.228571428571428,0.212698412698411,0.134920634920634,3.26758282528786,2.26975050804546,2.76866666666666,0.270836579738566,36.5663576519111,2.7808,2.59385973645307,-5.74763792755111,-5.1268325334159
"9144081","2006-03-23",36.2003740303657,0.238805970149253,0.236744847192607,0.195317065466318,3.22804748626774,2.25461918039891,2.74133333333333,0.289746542778016,36.5663576519111,2.7652,2.58267843825933,-5.52282911108553,-5.20603184894983
"9144080","2006-03-24",36.0239362332172,0.149253731343284,0.20554371002132,0.21832898997078,3.18038627988272,2.24228038678394,2.71133333333333,0.271170111768975,33.9247082290844,2.7436,2.56498797982475,-5.47277033612199,-5.25937954638426
"9144079","2006-03-27",34.2676213259824,0.163934426229508,0.183998042574014,0.208762199929314,3.13548143985395,2.23751856014604,2.68649999999999,0.34056505017977,33.9247082290844,2.7216,2.54965624918145,-5.37581250824456,-5.28266613875632
"9144078","2006-03-28",32.6367574835501,0.346938775510204,0.220042311027664,0.203194687874333,3.08536609249855,2.24163390750144,2.66349999999999,0.393133546082553,39.8083458146072,2.7036,2.54570208262392,-5.02221799253912,-5.23057650951288
"9144077","2006-03-29",31.2085603107622,0.421052631578947,0.310641944439552,0.23822743268041,3.01815492888108,2.25851173778557,2.63833333333333,0.405657461941695,39.2703752438336,2.6824,2.54094180494073,-4.71992120606766,-5.12844544882384
"9144076","2006-03-30",30.0395535833521,0.490909090909091,0.419633499332746,0.316772584933321,2.96899432088121,2.27933901245211,2.62416666666666,0.629291641167494,47.6508960406507,2.6648,2.5514828976153,-4.08484864206533,-4.91972608747213
"9144075","2006-03-31",29.6604083390823,0.590909090909091,0.500956937799042,0.410410793857114,2.93103256486087,2.30063410180578,2.61583333333333,0.839732215762013,54.9538900919257,2.6516,2.5766185112666,-3.1678278522583,-4.56934644042937
"9144074","2006-04-03",29.5975243384636,0.591549295774648,0.557789159197609,0.492793198776466,2.90518397421317,2.31614935912015,2.61066666666666,0.934609432859189,56.5845402281957,2.642,2.60240270976438,-2.32386413559365,-4.12024997946222
"9144073","2006-04-04",29.5391320521749,0.619718309859155,0.600725565514297,0.553157220836983,2.88573287772036,2.32726712227962,2.60649999999999,0.900203589607065,57.6843015382475,2.6336,2.6274156817958,-1.57865068540305,-3.61193012065039
"9144072","2006-04-05",29.0476783187888,0.563380281690141,0.591549295774646,0.583354673495518,2.86109485449222,2.34090514550777,2.60099999999999,0.850513149691679,54.6999131064821,2.622,2.64376025755636,-1.10028186675969,-3.10960046987225
"9144071","2006-04-06",28.5913284235018,0.508196721311475,0.563765104286922,0.585346655191956,2.88232289737727,2.33667710262271,2.60949999999999,0.830800680102738,55.3222332490848,2.6132,2.65925888988218,-0.684275128060874,-2.62453540150997
"9144070","2006-04-07",27.1063693591978,0.344262295081967,0.471946432694526,0.542420277585365,2.89700300118425,2.3416636654824,2.61933333333333,0.729289238394056,48.1924187577209,2.6008,2.65935770456455,-0.650166793857998,-2.22966167997958
"9144069","2006-04-10",25.8122755463989,0.524590163934426,0.459016393442621,0.49824264347469,2.92188327180983,2.33945006152349,2.63066666666666,0.830796155274104,55.0543116033908,2.5936,2.67411001062261,-0.287808635688469,-1.84129107112136
"9144068","2006-04-11",24.6106170059427,0.590163934426229,0.486338797814206,0.472433874650452,2.94474381728948,2.34158951604384,2.64316666666666,0.798707422453247,57.2706151687842,2.5916,2.69222867587293,0.116430049758209,-1.44974684694544
"9144067","2006-04-12",23.3802473093288,0.573770491803278,0.562841530054643,0.502732240437157,2.96151011756414,2.35748988243584,2.65949999999999,0.760200995804866,56.5202545894799,2.5892,2.70659818575654,0.400364006713994,-1.07972467621356
"9144066","2006-04-13",22.5753248022161,0.344262295081967,0.502732240437157,0.517304189435336,2.95597382798804,2.39135950534528,2.67366666666666,0.558446976416654,47.1970406634284,2.5952,2.70038509432234,0.205919695990908,-0.822595801772664
"9144065","2006-04-17",22.3132773316516,0.163636363636364,0.360556383507202,0.475376717999668,2.94162314685688,2.43104351980978,2.68633333333333,0.454953157584816,43.8580246246165,2.5988,2.68700041507936,-0.126664672927113,-0.683409576003553
"9144064","2006-04-18",22.4457875771634,0.0727272727272728,0.193541977148533,0.352276867030964,2.93776755280901,2.44123244719098,2.68949999999999,0.279471786060927,41.2397046418185,2.5988,2.66873369306878,-0.53641310673832,-0.654010282150507
"9144063","2006-04-19",21.5779241405918,0,0.0787878787878775,0.210962079814538,2.93646644939334,2.44553355060664,2.69099999999999,0.29426923669282,39.707957307503,2.5972,2.64890253399294,-0.944375141183329,-0.712083253957071
"9144062","2006-04-20",20.6681174167873,0.129629629629629,0.0674523007856326,0.113260718907348,2.93288346877268,2.45911653122731,2.69599999999999,0.381798421202341,44.8547986677241,2.6036,2.64104886279388,-1.0446680500236,-0.778600213170377
"9144061","2006-04-21",19.8232968875404,0.148148148148148,0.0925925925925911,0.0796109240553676,2.92827196974617,2.47339469692048,2.70083333333333,0.351608325954194,45.5696383409798,2.6116,2.63557568108803,-1.08170325361454,-0.83922082125921
"9144060","2006-04-24",19.038820681811,0.219512195121951,0.165763324299908,0.108602739226044,2.91817271284726,2.4954939538194,2.70683333333333,0.286678027365182,46.3190250720468,2.622,2.63216559027629,-1.0684229180901,-0.885061240625387
"9144059","2006-04-25",18.1472013797212,0.121951219512195,0.163203854260763,0.140519923717755,2.91244765160793,2.50921901505872,2.71083333333333,0.283001523034647,43.7257605084976,2.6256,2.62387684490612,-1.16757513517295,-0.9415640195349
"9144058","2006-04-26",16.9866196233081,0.0487804878048781,0.130081300813006,0.153016159791226,2.9108919511657,2.51277471550096,2.71183333333333,0.202348983203067,41.8340141713455,2.6264,2.6126932655853,-1.32430198692524,-1.01811161301297
"9144057","2006-04-27",16.0674444677404,0,0.0569105691056895,0.11673190805982,2.91581548022942,2.5035178531039,2.70966666666666,0.0480611066514801,39.3871837093148,2.626,2.5976674968406,-1.55614056016872,-1.12571740244412
"9144056","2006-04-28",14.9641750306826,0,0.0162601626016246,0.067750677506774,2.92207105969836,2.47792894030163,2.69999999999999,0.0947243187732711,38.1845947483233,2.6248,2.58197849726185,-1.78413493947359,-1.25740090985001
"9144055","2006-05-01",13.9397105534146,0.0540540540540541,0.0180180180180166,0.0303962499084441,2.91013555340436,2.46019777992896,2.68516666666666,0.162545929050277,40.1524508500558,2.6268,2.57104803096027,-1.88272931525114,-1.38246659093024
"9144054","2006-05-02",12.9884221102372,0.0810810810810805,0.0450450450450434,0.026441075221562,2.88727557496852,2.44872442503147,2.66799999999999,0.170125898227775,41.1610445679361,2.6292,2.5629082934989,-1.90869476007177,-1.48771222475854
"9144053","2006-05-03",13.2360746761564,0.0937499999999994,0.0762950450450432,0.0464527027027016,2.86543730982096,2.4432293568457,2.65433333333333,0.268676392809719,41.1610445679361,2.6288,2.55585385436571,-1.90812901784326,-1.57179558337549
"9144052","2006-05-04",13.4660377730815,0.225806451612903,0.133545844231326,0.0849619781071381,2.84910278812538,2.43823054520795,2.64366666666666,0.320706635854529,45.4275536037424,2.6304,2.55507334045029,-1.76142840865079,-1.60972214843055
"9144051","2006-05-05",13.9930076690792,0.153846153846154,0.157800868486351,0.122547252587574,2.82912436093965,2.43520897239367,2.63216666666666,0.316796528480286,42.9141940436399,2.6264,2.55039689505691,-1.72029767284,-1.63183725331244
"9144050","2006-05-08",14.1686702946321,0.0769230769230769,0.152191894127376,0.147846202281685,2.81603959711926,2.42596040288073,2.62099999999999,0.249623491564794,41.2746899063894,2.6168,2.54367730904933,-1.73157453184331,-1.65178470901861
"9144049","2006-05-09",15.3083973681701,0.153846153846154,0.128205128205127,0.146065963606285,2.78076045159235,2.43590621507431,2.60833333333333,0.388841924285531,43.5953480203198,2.6068,2.54052033450942,-1.6583986329837,-1.65310749381163
"9144048","2006-05-10",16.0502559317008,0.0800000000000001,0.103589743589742,0.127995588640749,2.7388816510611,2.44678501560556,2.59283333333333,0.227829798943039,41.8157951795424,2.5952,2.53511762324149,-1.6453194027877,-1.65154987560685
"9144047","2006-05-11",15.985233675969,0,0.0779487179487165,0.103247863247862,2.69006730190881,2.46093269809117,2.57549999999999,0.0395719448645207,37.6753011419233,2.5832,2.52376860680929,-1.77476088017294,-1.67619207652007
"9144046","2006-05-12",17.1495235331961,0,0.0266666666666652,0.0694017094017085,2.66644364816541,2.46488968516791,2.56566666666666,0.22381259173083,36.8885842583196,2.5704,2.51259945923472,-1.88924282326567,-1.71880222586919
"9144045","2006-05-15",17.1857423876373,0,-1.46179364908979e-15,0.0348717948717939,2.66258661186822,2.44441338813177,2.55349999999999,-0.111899103444794,31.2641040157852,2.5584,2.49225286467009,-2.21483571774355,-1.81800892424406
"9144044","2006-05-16",17.0961035030667,0,-1.46179364908979e-15,0.00888888888888795,2.67157434394435,2.41742565605564,2.54449999999999,-0.0685648082640008,30.6353114420645,2.5416,2.47328581604741,-2.48144213147087,-1.95069556568942
"9144043","2006-05-17",17.0128673959654,0.15625,0.0520833333333317,0.0173611111111101,2.67068159120867,2.40265174212465,2.53666666666666,0.114470799851335,37.4132623516565,2.5252,2.46351437390776,-2.50363467312699,-2.06128338717693
"9144042","2006-05-18",17.4063016669328,0.15625,0.104166666666665,0.0520833333333322,2.65741898590385,2.39691434742947,2.52716666666666,0.203780066571632,37.4132623516565,2.5092,2.45504579072006,-2.49383330615619,-2.14779337097278
"9144041","2006-05-19",17.7716334899739,0.3125,0.208333333333332,0.121527777777777,2.64224660489169,2.3947533951083,2.51849999999999,0.263629878770439,43.7839942656046,2.5008,2.45437301862405,-2.29581370571994,-2.17739743792222
"9144040","2006-05-22",18.1108701827978,0.3125,0.260416666666665,0.190972222222221,2.62868483217539,2.39164850115793,2.51016666666666,0.246171118965609,43.7839942656046,2.4948,2.45378994947418,-2.11451383047835,-2.16482071643344
"9144039","2006-05-23",19.175401150985,0.3125,0.312499999999999,0.260416666666666,2.61004599842265,2.395620668244,2.50283333333333,0.377968397460969,43.7839942656046,2.4908,2.45328462287762,-1.94838112120518,-2.12153279738779
"9144038","2006-05-24",18.4583957065699,0,0.208333333333332,0.260416666666666,2.6068919160003,2.37544141733302,2.49116666666666,-0.0667158525124555,33.547839131829,2.4832,2.4368466731606,-2.18796659700534,-2.1348195573113
"9144037","2006-05-25",17.9951865477903,0.0588235294117648,0.12377450980392,0.214869281045751,2.60830428615118,2.35969571384881,2.48399999999999,0.0816717056984453,36.2239998519325,2.4736,2.42526711673919,-2.28804522602473,-2.16546469105399
"9144036","2006-05-26",17.0612307050736,0,0.0196078431372535,0.117238562091502,2.61289690190702,2.33710309809297,2.47499999999999,0.0105038687126667,33.3327298774257,2.462,2.40989816784063,-2.47466136149244,-2.22730402514168
"9144035","2006-05-30",16.1939859939795,0,0.0196078431372535,0.0543300653594762,2.61315157403446,2.31684842596553,2.46499999999999,0.055635275815451,33.3327298774257,2.45,2.39657841212855,-2.59567013560628,-2.3009772472346
"9144034","2006-05-31",16.0594374313668,0.147058823529411,0.0490196078431356,0.0294117647058813,2.60752789917958,2.30880543415374,2.45816666666666,0.260647395589041,40.2467858867858,2.4416,2.39170129051141,-2.49602214912458,-2.33998622761259
"9144033","2006-06-01",16.9332547401215,0.411764705882353,0.18627450980392,0.0849673202614369,2.5974728023864,2.31152719761359,2.4545,0.600835028942819,50.2486754967372,2.438,2.39947445177655,-2.08968958978574,-2.28992690004722
"9144032","2006-06-02",16.5927274626466,0.208333333333333,0.255718954248364,0.163671023965141,2.58045527963684,2.31154472036315,2.446,0.328939406008309,42.5741511653182,2.4324,2.39421119153968,-2.04690515096997,-2.24132255023177
"9144031","2006-06-05",15.6133129540149,0,0.206699346405227,0.216230936819171,2.56663242285977,2.30303424380688,2.43483333333333,0.127589738975531,38.3670873143788,2.4252,2.38164969933439,-2.19140683644131,-2.23133940747368
"9144030","2006-06-06",14.7038566245712,0.0400000000000009,0.0827777777777764,0.18173202614379,2.55893670965632,2.290396623677,2.42466666666666,0.110238202296829,39.4411853065207,2.4176,2.3720964060898,-2.24810410461966,-2.23469234690288
"9144029","2006-06-07",14.8162317313649,0,0.0133333333333322,0.100936819172112,2.53683066663822,2.28683600002844,2.41183333333333,0.105991594397707,35.449326806918,2.4072,2.35581688527783,-2.47138995102115,-2.28203186772653
"9144028","2006-06-08",14.0384133828053,0,0.0133333333333322,0.0364814814814807,2.54298893261355,2.24934440071978,2.39616666666666,-0.168041272219665,30.951250665312,2.3936,2.33104130057412,-2.89529248981996,-2.40468399214522
"9144027","2006-06-09",14.7207907306748,0.0789473684210533,0.026315789473683,0.0176608187134496,2.53767807168113,2.23565526165219,2.38666666666666,0.146825792209402,34.3170440377238,2.3796,2.31356912716424,-3.09817560249191,-2.54338231421456
"9144026","2006-06-12",15.143377246517,0.0263157894736848,0.0350877192982446,0.0249122807017537,2.52722122373669,2.21811210959664,2.37266666666666,0.0384585567346808,33.1566752608354,2.366,2.295759910209,-3.29567283701985,-2.69384041877561
"9144025","2006-06-13",15.5357790112277,0.0263157894736848,0.0438596491228062,0.0350877192982451,2.53171894620968,2.19161438712364,2.36166666666666,0.0246559849091515,33.1566752608354,2.3532,2.28032525551447,-3.41735270288485,-2.83854287559746
"9144024","2006-06-14",15.7823275298755,0,0.0175438596491217,0.032163742690058,2.53705455373136,2.16427877960196,2.35066666666666,0.0421733961514993,32.5190530685838,2.3392,2.26561522144588,-3.51265503176108,-2.97336530683019
"9144023","2006-06-15",16.0952392090921,0.0526315789473685,0.026315789473683,0.0292397660818708,2.53262904478685,2.1450376218798,2.33883333333333,0.133204817587628,35.2029293962475,2.3268,2.25553319191976,-3.47978020413486,-3.07464828629112
"9144022","2006-06-16",16.1256579497802,0,0.0175438596491214,0.0204678362573092,2.52383214385313,2.12683452281352,2.32533333333333,0.133918881043301,33.7570550032233,2.3156,2.24412876633046,-3.48745453128739,-3.15720953529038
"9144021","2006-06-19",15.8908287823795,0,0.0175438596491214,0.020467836257309,2.51053995986346,2.11079337346986,2.31066666666666,0.139771783171125,32.3271604753239,2.304,2.23157826415306,-3.52764708307355,-3.23129704484701
"9144020","2006-06-20",14.9093755805654,0,-1.46641957835906e-15,0.0116959064327476,2.50137255711132,2.08562744288867,2.29349999999999,0.0506060638074683,26.8213918039303,2.292,2.20870116226599,-3.84658105513709,-3.35435384690503
"9144019","2006-06-21",15.7055998999576,0.214285714285714,0.0714285714285699,0.0296574770258971,2.47281579249807,2.09118420750192,2.282,0.407415070653322,38.1631954341702,2.284,2.20087434063052,-3.73250502435071,-3.42998408239416
"9144018","2006-06-22",16.6943609185884,0.714285714285714,0.309523809523808,0.126984126984126,2.47884010538558,2.08915989461441,2.28399999999999,0.797679986803646,55.4957028246459,2.2824,2.22209109521312,-2.84225825839268,-3.31243891759387
"9144017","2006-06-23",15.7366005347289,0.238095238095238,0.388888888888887,0.256613756613755,2.46809652762694,2.08123680570639,2.27466666666666,0.289760141144825,43.1040814780328,2.2728,2.21381228251804,-2.83177800088016,-3.21630673425113
"9144016","2006-06-26",15.4652202169643,0.238095238095238,0.396825396825395,0.365079365079364,2.46106323041839,2.07660343624827,2.26883333333333,0.381652124123385,43.1040814780328,2.2612,2.20663731151563,-2.79268758336795,-3.13158290407449
"9144015","2006-06-27",15.7093792847615,0.785714285714286,0.420634920634919,0.402116402116401,2.47155515275413,2.07311151391253,2.27233333333333,0.828779248128704,56.1599791454532,2.2588,2.23108566998021,-1.90307976577296,-2.88588227641418
"9144014","2006-06-28",15.6739518073383,0.714285714285714,0.579365079365078,0.465608465608465,2.46843905792464,2.07422760874202,2.27133333333333,0.741832989708965,54.4062891211656,2.2552,2.24827424731619,-1.2951691461539,-2.56773965036213
"9144013","2006-06-29",16.13424361647,0.619047619047619,0.706349206349205,0.568783068783068,2.44310474217893,2.08789525782106,2.26549999999999,0.784808461264931,52.0714910420477,2.2548,2.25783768100736,-0.947207926541715,-2.24363330559805
"9144012","2006-06-30",16.5616574392351,0.346938775510204,0.560090702947844,0.615268329554043,2.43232810449474,2.09233856217191,2.26233333333333,0.718634175702841,47.1668799834201,2.25,2.25412599020638,-0.981556079265,-1.99121786033144
"9144011","2006-07-03",16.9585417032313,0.469387755102041,0.47845804988662,0.581632653061223,2.43476665371665,2.09156667961667,2.26316666666666,0.762723407550161,50.5133435093465,2.2492,2.2589091915122,-0.785543149018075,-1.75008291806876
"9144010","2006-07-05",16.7088408536075,0.346938775510204,0.387755102040815,0.47543461829176,2.43053732398895,2.0911293426777,2.26083333333333,0.5368288334049,47.2877254234872,2.246,2.2550546326439,-0.834739829664211,-1.56701430038785
"9144009","2006-07-06",16.7762820103554,0.387755102040816,0.401360544217686,0.422524565381707,2.42914365392298,2.09118967941034,2.26016666666666,0.617866148462322,48.4689680168004,2.2416,2.25438068162472,-0.793300740114522,-1.41227158833319
"9144008","2006-07-07",16.7307587666053,0.367346938775511,0.367346938775509,0.38548752834467,2.43205208560445,2.09761458106221,2.26483333333333,0.585217715157319,47.8910892409476,2.2332,2.25246325740809,-0.787209055514448,-1.28725908176944
"9144007","2006-07-10",16.6884871831231,0.408163265306122,0.387755102040815,0.38548752834467,2.43142745185473,2.09723921481193,2.26433333333333,0.51695651144641,49.1957209884618,2.2292,2.25346815642034,-0.702765580341191,-1.17036038148379
"9144006","2006-07-11",15.603728354605,0,0.258503401360543,0.337868480725623,2.43158759674951,2.09441240325048,2.263,0.323039571661631,42.3453022583761,2.2228,2.23833906889763,-1.05462662334483,-1.147213629856
"9144005","2006-07-12",14.5964522995525,0.0487804878048781,0.152314584370332,0.26619102925723,2.43188942640489,2.0931105735951,2.26249999999999,0.285996087421954,43.7511455213666,2.2168,2.22789385971128,-1.2494442800361,-1.16765975989202
"9144004","2006-07-13",13.6611245341466,0.146341463414634,0.0650406504065027,0.158619545379126,2.43088129105789,2.09778537560877,2.26433333333333,0.356898075131329,46.557875281948,2.2148,2.22417467841644,-1.24562381527415,-1.18325257096845
"9144003","2006-07-14",13.1091699813759,0.268292682926829,0.154471544715446,0.123942259830761,2.43146265697538,2.10420400969128,2.26783333333333,0.496435031812472,49.9216842766235,2.218,2.22761805462758,-1.04932043618283,-1.15646614401132
"9144002","2006-07-17",12.780147995319,0.0243902439024385,0.146341463414633,0.121951219512194,2.43127754149164,2.10472245850835,2.26799999999999,0.240727763618996,43.9618008533977,2.216,2.21726898067724,-1.24238112642383,-1.17364914049383
"9144001","2006-07-18",12.7502434003666,0,0.0975609756097544,0.132791327913278,2.43329287129309,2.10037379537357,2.26683333333333,0.129038979941638,42.3291474602684,2.2136,2.20429978325361,-1.48954415847967,-1.23682814409099
"9144000","2006-07-19",12.5214946500152,0.0697674418604647,0.0313858952542996,0.0917627780928961,2.42386037529101,2.12080629137565,2.27233333333333,0.316314415079098,44.5469783107551,2.2124,2.19705981215313,-1.55936201261347,-1.30133491779549
"9143999","2006-07-20",12.2077202429263,0.0465116279069768,0.0387596899224791,0.0559021869288449,2.42409796005589,2.1169020399441,2.27049999999999,0.303057280259526,43.9403826324912,2.2112,2.18945183719938,-1.6336145475047,-1.36779084373733
"9143998","2006-07-21",11.9163582934867,0.0833333333333328,0.0665374677002567,0.045561017625679,2.4055722678081,2.11376106552522,2.25966666666666,0.2384153427416,44.7505848541753,2.2096,2.18419159223946,-1.63754142229272,-1.42174095944841
"9143997","2006-07-24",11.3127120194572,0,0.0432816537467684,0.0495262704565019,2.4087943660924,2.10587230057426,2.25733333333333,0.134669509870906,42.7542713353526,2.2076,2.1756327132742,-1.73250761546175,-1.48389429065108
"9143996","2006-07-25",11.5954522959823,0.0714285714285715,0.0515873015873,0.0538021410114422,2.40930549277806,2.10202784055526,2.25566666666666,0.286295338461362,44.5308124441907,2.2072,2.17088168483764,-1.71472115448981,-1.53005966341883
"9143995","2006-07-26",11.6238722409534,0,0.0238095238095224,0.0395594930478641,2.38789598724469,2.09743734608863,2.24266666666666,0.15801212545108,43.0906871552344,2.2096,2.16409746019262,-1.75546608406275,-1.57514094754761
"9143994","2006-07-27",12.1791680515252,0.173913043478261,0.0817805383022761,0.0523924545663667,2.36895920058309,2.09870746608357,2.23383333333333,0.337805542989384,46.7965882153076,2.21,2.16355113216694,-1.62037203008565,-1.58418716405522
"9143993","2006-07-28",12.6947998756275,0.304347826086956,0.159420289855071,0.088336783988957,2.34675341713526,2.10491324953139,2.22583333333333,0.420746553988272,49.4550719531909,2.2032,2.16707764787801,-1.38546324367108,-1.54444237997839
"9143992","2006-07-31",13.7620387774266,0.347826086956522,0.275362318840578,0.172187715665976,2.33078029024134,2.11088637642531,2.22083333333333,0.572004418214986,50.3457371700503,2.2048,2.17146729482761,-1.14884849340033,-1.46532360266278
"9143991","2006-08-01",13.849057558545,0.0434782608695643,0.231884057971013,0.222222222222221,2.30490402703999,2.11976263962666,2.21233333333333,0.343362954090591,44.442165437308,2.2036,2.16593832218393,-1.20772553315156,-1.41380398876054
"9143990","2006-08-02",13.8064580778646,0,0.130434782608694,0.212560386473429,2.29730063866146,2.1163660280052,2.20683333333333,0.25958165305015,43.6546317986774,2.1928,2.15981321255941,-1.27757314597443,-1.38655782020331
"9143989","2006-08-03",13.3923868422154,0,0.0144927536231867,0.125603864734298,2.28438280333621,2.11195052999711,2.19816666666666,0.0853444450077782,41.2907147114287,2.182,2.15050478421815,-1.4296469075358,-1.39517563766981
"9143988","2006-08-04",13.0078921233984,0,-1.44097696737807e-15,0.0483091787439603,2.26962403176087,2.11004263490578,2.18983333333333,0.104172742490663,41.2907147114286,2.1728,2.14243747965573,-1.53384455225586,-1.42290942058702
"9143987","2006-08-07",12.6508613130683,0.115384615384616,0.0384615384615373,0.0176514306949081,2.25647997436366,2.11085335896966,2.18366666666666,0.245925565186774,44.7598867502381,2.1684,2.13944581570163,-1.4869980457376,-1.43572714561714
"9143986","2006-08-08",12.6243454432345,0,0.0384615384615373,0.0256410256410249,2.26708084630812,2.08558582035853,2.17633333333333,-0.159338546830994,35.678197726788,2.1568,2.12085304027475,-1.88376319673945,-1.5253343558416
"9143985","2006-08-09",15.1970691624115,0,0.0384615384615373,0.0384615384615379,2.36878438393498,1.93754894939834,2.15316666666666,-0.489018911347743,20.2169202714031,2.1308,2.04873930157145,-3.79644955581787,-1.97955739583685
"9143984","2006-08-10",17.6993863936433,0,-1.43866400274343e-15,0.0256410256410249,2.42997064304451,1.81969602362214,2.12483333333333,-0.278065018962717,19.5647319531305,2.1028,1.98224072802859,-5.4425817365969,-2.67216226398886
"9143983","2006-08-11",20.022966679787,0.0657894736842106,0.0219298245614021,0.0201304543409799,2.45249592452266,1.73683740881066,2.09466666666666,-0.102708308311255,23.9671637975358,2.0772,1.93127529762478,-6.52766922194239,-3.44326365557957
"9143982","2006-08-14",22.180576945492,0.0921052631578948,0.052631578947367,0.0248538011695898,2.46887831482422,1.66912168517576,2.06899999999999,0.00109822762535122,25.7185076523202,2.0516,1.88977192460814,-7.26186633616371,-4.2069841916964
"9143981","2006-08-15",23.7853074797678,0.0789473684210527,0.0789473684210513,0.051169590643274,2.4789731825615,1.61202681743849,2.04549999999999,0.0707154656403068,25.4034302305841,2.0304,1.85246900132706,-7.82981109335469,-4.93154957202806
"9143980","2006-08-16",25.2754144044526,0.131578947368421,0.100877192982455,0.0774853801169582,2.47111302398895,1.56755364267771,2.01933333333333,0.139204675704984,29.1428144532099,2.01,1.82547313448345,-8.03793053562727,-5.5528257647479
"9143979","2006-08-17",25.8391842724423,0.131578947368421,0.114035087719297,0.0979532163742681,2.45612165845587,1.53287834154411,1.99449999999999,0.195457674573632,29.14281445321,1.988,1.80207671655232,-8.12656559362816,-6.06757373052395
"9143978","2006-08-18",26.3626848641471,0.216216216216216,0.159791370317685,0.124901217006479,2.43881165962328,1.50452167371004,1.97166666666666,0.237768783039549,34.8262937039387,1.9664,1.78979982101201,-7.84842891008657,-6.42374476643648
"9143977","2006-08-21",26.9209103984364,0.214285714285714,0.187360292623449,0.153728916886811,2.42299985323468,1.47666681343198,1.94983333333333,0.246565613535665,34.3320248641817,1.9484,1.77782651154374,-7.59133436103394,-6.65726268535597
"9143976","2006-08-22",27.1372337136438,0.230769230769231,0.220423720423719,0.189191794454951,2.39625542897059,1.45607790436273,1.92616666666666,0.277169742397987,34.3320248641817,1.9316,1.76744964333791,-7.3085338764613,-6.78751692357704
"9143975","2006-08-23",28.0639842536669,0.076923076923077,0.173992673992672,0.193925562346614,2.37446259555494,1.42987073777838,1.90216666666666,0.247157111966318,29.4797140946267,1.9096,1.74512302422619,-7.46427732540241,-6.92286900394211
"9143974","2006-08-24",28.0668102469645,0,0.102564102564101,0.165660165660165,2.3402424072127,1.41009092612062,1.87516666666666,0.257924734579473,27.3948720648467,1.886,1.71910662099603,-7.74717645300316,-7.08773049375432
"9143973","2006-08-25",28.0694343835981,0.0483870967741936,0.0417700578990887,0.106108944818621,2.2992704399365,1.38906289339682,1.84416666666666,0.217097489491349,30.5677059484201,1.8632,1.70055907152989,-7.75774809805979,-7.22173401461542
"9143972","2006-08-28",27.1210416140201,0.0212765957446809,0.0232212308396234,0.0558517971009383,2.24165874394451,1.38267458938881,1.81216666666666,0.249122263947397,29.637840686915,1.8408,1.68181786199257,-7.78362440203559,-7.33411209209945
"9143971","2006-08-29",25.8794389870671,0.166666666666667,0.078776786395179,0.0479226917112976,2.18432941832523,1.38967058167476,1.78699999999999,0.36535102226887,33.9644684571818,1.8192,1.6709088137269,-7.53513008812952,-7.37431569130546
"9143970","2006-08-30",25.5621486384655,0.625,0.270981087470448,0.124326368235084,2.13099613837902,1.41167052828764,1.77133333333333,0.609361693179087,50.390422138458,1.8064,1.68812097189665,-6.30644332163215,-7.1607412173708
"9143969","2006-08-31",25.3378359113736,0.609756097560976,0.467140921409213,0.272299598424947,2.08124458103454,1.43408875229878,1.75766666666666,0.647826323149342,50.390422138458,1.792,1.70303817564376,-5.27255056696568,-6.78310308728978
"9143968","2006-09-01",24.5768527793859,0.476190476190476,0.570315524583816,0.436145844487826,2.02073151830405,1.46426848169594,1.74249999999999,0.645262718303906,47.0006816715079,1.7744,1.70929975222459,-4.63555480250042,-6.35359343033191
"9143967","2006-09-05",23.1575199466017,0.309523809523809,0.465156794425086,0.500871080139372,1.92997725932203,1.51468940734463,1.72233333333333,0.550567335162862,42.672737276292,1.7536,1.70539311859465,-4.40928757954676,-5.96473226017488
"9143966","2006-09-06",22.4177877297597,0,0.261904761904761,0.432459026971221,1.84590712418826,1.55409287581173,1.69999999999999,0.191584627890177,35.1940600650248,1.7296,1.68200736944869,-4.88965966744003,-5.74971774162791
"9143965","2006-09-07",21.7308935284064,0.0454545454545455,0.118326118326117,0.281795891551988,1.84481408716989,1.5431859128301,1.69399999999999,0.210460292628551,36.7848716000762,1.7068,1.66440638685553,-5.12871350256879,-5.62551689381609
"9143964","2006-09-08",22.3889520325319,0.11764705882353,0.0543672014260237,0.144866027218968,1.85945757806116,1.54454242193883,1.70199999999999,0.842949514814875,41.4298747052242,1.6876,1.65715220194146,-4.9771832457043,-5.49585016419373
"9143963","2006-09-11",22.6177056679617,0.0441176470588236,0.0690730837789649,0.0805888011770358,1.86036070452437,1.53963929547561,1.69999999999999,0.260955569214884,38.8668778293944,1.6664,1.64419857501593,-5.04636726212136,-5.40595358377926
"9143962","2006-09-12",22.8301197580036,0.0588235294117648,0.0735294117647047,0.065656565656565,1.86300765118866,1.52899234881133,1.69599999999999,0.182649270121622,39.6707318584212,1.6444,1.63430543168048,-4.99999047200449,-5.3247609614243
"9143961","2006-09-13",23.3581374677246,0.0882352941176471,0.0637254901960772,0.0687759952465828,1.8631613404604,1.52417199287293,1.69366666666666,0.302353671356276,41.3322858670432,1.628,1.62839804078975,-4.81244061178429,-5.2222968914963
"9143960","2006-09-14",23.9876067705755,0.176470588235294,0.107843137254901,0.0816993464052281,1.8624901765329,1.52317649013376,1.69283333333333,0.452354805259332,46.1259942610567,1.6308,1.63127830201778,-4.31832119749486,-5.04150175269601
"9143959","2006-09-15",24.3865775962643,0.147058823529412,0.137254901960783,0.102941176470587,1.86003217356915,1.51896782643083,1.68949999999999,0.374412750283873,44.8115980302309,1.634,1.63110786174874,-3.97929448658326,-4.82906029947346
"9143958","2006-09-18",24.5652286642226,0.11764705882353,0.14705882352941,0.130718954248365,1.85618796434003,1.5131453689933,1.68466666666666,0.34064175292457,43.47737461215,1.6344,1.62829348018224,-3.76623401453453,-4.61649504248568
"9143957","2006-09-19",24.9002982278262,0.205882352941176,0.156862745098038,0.147058823529411,1.85429981820533,1.512033515128,1.68316666666666,0.490747944982635,48.4373476388957,1.6364,1.63385434949128,-3.26350534610895,-4.34589710321033
"9143956","2006-09-20",25.2114342511724,0.147058823529412,0.156862745098038,0.153594771241829,1.8512291348581,1.51010419847522,1.68066666666666,0.458959318106604,45.5665874311532,1.6372,1.63334043622577,-3.02707953467864,-4.08213358950399
"9143955","2006-09-21",25.5003462728511,0.191176470588235,0.181372549019606,0.165032679738561,1.85222471287532,1.51144195379134,1.68183333333333,0.514183033632132,48.0532720490991,1.6376,1.636895044729,-2.66120096165497,-3.79794706393419
"9143954","2006-09-22",27.9864976813826,0.126582278481013,0.154939190866218,0.164391494994621,1.87871525901879,1.50595140764786,1.69233333333333,0.94979325664234,45.8000411543909,1.6368,1.6359757054318,-2.48998739484406,-3.53635513011617
"9143953","2006-09-25",30.2950668464476,0.30379746835443,0.207185405807891,0.181165715231239,1.89284917410599,1.51581749256067,1.70433333333333,0.824464333691903,56.136609775468,1.6392,1.65384561137423,-1.64944816971031,-3.15897373803499
"9143952","2006-09-26",32.5805700486651,0.454545454545454,0.294975067126965,0.219033221267025,1.92750269249724,1.51483064083609,1.72116666666666,1.01412899374365,63.1620411211969,1.6472,1.68666619652433,-0.360373997920227,-2.59925379001204
"9143951","2006-09-27",33.0134275066833,0.197368421052632,0.318570447984171,0.273576973639676,1.9321407705043,1.51919256282902,1.72566666666666,0.607358096025932,50.445051885048,1.6476,1.68977737032109,-0.250804395972737,-2.12956391120418
"9143950","2006-09-28",33.6223281204587,0.184210526315789,0.278708133971291,0.297417883027476,1.9227340430238,1.52193262364286,1.72233333333333,0.652195069803452,49.8758717562041,1.6516,1.69114038761161,-0.209179311733898,-1.74548699131012
"9143949","2006-09-29",34.45289910223,0.32,0.233859649122806,0.27704607702609,1.92853664167114,1.51913002499552,1.72383333333333,0.88958823209831,55.7856570219505,1.662,1.70698833593006,0.340523656688463,-1.32828486171041
"9143948","2006-10-02",35.1362099137894,0.287671232876712,0.263960586397499,0.258842789830532,1.92710880890496,1.5195578577617,1.72333333333333,0.720831284401465,55.1490739423588,1.6708,1.71938989113939,0.716945790521462,-0.919238731264033
"9143947","2006-10-03",34.531894335727,0.0563380281690138,0.221336420348574,0.239718885289627,1.92645907935884,1.51920758730782,1.72283333333333,0.525782594305854,46.5654232539788,1.6744,1.71013790565414,0.307671546701194,-0.673856675670988
"9143946","2006-10-04",34.3095667773696,0.267605633802817,0.20387163161618,0.229722879454085,1.94040676191712,1.53025990474954,1.73533333333333,0.803956167133897,54.2362186185044,1.6824,1.72211951823358,0.679174321132425,-0.403250476310305
"9143945","2006-10-05",34.1031197588948,0.267605633802817,0.197183098591548,0.207463716852101,1.94845446504942,1.5458788682839,1.74716666666666,0.738878529745272,54.2362186185044,1.6824,1.73250358246911,0.959972302326784,-0.130605920582887
"9143944","2006-10-06",33.9114189560254,0.27536231884058,0.27019119548207,0.2237486418966,1.95319054282159,1.5448094571784,1.74899999999999,0.739155705541184,55.2300500673953,1.6832,1.74416977147323,1.25829273495777,0.147173810525243
"9143943","2006-10-09",33.5475480354936,0.246376811594203,0.263114921412532,0.243496405162051,1.9556430166008,1.56102365006585,1.75833333333333,0.630927853643737,53.9678998838872,1.6852,1.75161380194346,1.38442083408665,0.394623215237525
"9143942","2006-10-10",33.2096678949999,0.188405797101449,0.23671497584541,0.256673697580004,1.95068498076353,1.58664835256979,1.76866666666666,0.576915337170698,51.4361614882684,1.6884,1.75273196168433,1.28512964090886,0.572724500371791
"9143941","2006-10-11",33.3721156774363,0.144927536231884,0.193236714975844,0.231022204077929,1.948144426702,1.60718890663132,1.77766666666666,0.585055082827209,49.5583745648007,1.6964,1.74970103345976,1.05636803161917,0.669453206621267
"9143940","2006-10-12",33.5229600468415,0.342105263157895,0.225146198830408,0.218365963217221,1.94968309658595,1.61998357008071,1.78483333333333,0.606662775768694,52.6603357933517,1.7056,1.75374089566512,1.09248723911959,0.754060013120931
"9143939","2006-10-13",33.7716411363621,0.394736842105264,0.29392321383168,0.237435375879311,1.94809796005589,1.6409020399441,1.79449999999999,0.648113946251132,53.882029000077,1.7132,1.75990877624311,1.19850580506211,0.842949171509167
"9143938","2006-10-16",34.1675901074004,0.421052631578948,0.385964912280701,0.301678108314263,1.94162524930937,1.67004141735729,1.80583333333333,0.6871736361033,54.5141037335887,1.7232,1.76658760607736,1.31217154283696,0.936793645774726
"9143937","2006-10-17",33.9206478070171,0.289473684210527,0.368421052631578,0.349436392914653,1.93540692051756,1.68959307948243,1.81249999999999,0.503390099311861,50.7674924321698,1.7308,1.76570925860038,1.16029048529394,0.981493013678568
"9143936","2006-10-18",32.7933053438662,0.0789473684210527,0.263157894736841,0.339181286549707,1.92600151056367,1.70533182276965,1.81566666666666,0.111787792319604,45.3920498866346,1.7344,1.75428135745366,0.665794294203281,0.918353269783511
"9143935","2006-10-19",31.7464873423689,0.181818181818182,0.183413078149919,0.271664008506113,1.92015097282647,1.71484902717352,1.81749999999999,0.0413259900330342,47.6313674998419,1.7368,1.74837717645984,0.405862405584156,0.81585509694364
"9143934","2006-10-20",30.6583935830052,0.151515151515152,0.137426900584794,0.194665957823852,1.91989610073175,1.70077056593491,1.81033333333333,0.0725433516750825,46.940380532159,1.7396,1.74192688626519,0.151297221593616,0.682943521873635
"9143933","2006-10-23",29.4085994610841,0,0.11111111111111,0.143983696615275,1.92504337126502,1.68162329540164,1.80333333333333,0.0207187975237466,45.5181306602576,1.7424,1.7336699680965,-0.142549342621079,0.517844948974692
"9143932","2006-10-24",28.6099914189115,0,0.0505050505050494,0.0996810207336515,1.90579135481276,1.67754197852056,1.79166666666666,0.0983924768788323,45.5181306602576,1.7428,1.7265139723503,-0.372311839737771,0.3398135912322
"9143931","2006-10-25",28.1312986682819,0,-1.19348975147204e-15,0.053872053872053,1.9079497100737,1.66938362325963,1.78866666666666,0.170252097784662,45.5181306602576,1.7448,1.72031210937026,-0.549008332496048,0.16204920648655
"9143930","2006-10-26",27.0359653470563,0,-1.19348975147204e-15,0.016835016835016,1.91150162971581,1.65583170361751,1.78366666666666,0.107566932628788,41.5839930592338,1.7436,1.70827049478756,-0.915344662348239,-0.0534295672804077
"9143929","2006-10-27",26.0188701202039,0.0606060606060606,0.020202020202019,0.00673400673400586,1.90003297722626,1.64730035610706,1.77366666666666,0.142573511352439,43.6808364656974,1.7444,1.70050109548255,-1.10065540212899,-0.262874734250124
"9143928","2006-10-30",26.0720288309024,0.303030303030303,0.12121212121212,0.0471380471380463,1.89671776733266,1.64661556600066,1.77166666666666,0.506663942411526,51.2229691173092,1.7428,1.70443428275154,-0.858328259524366,-0.381965439304973
"9143927","2006-10-31",26.1213904908367,0.40625,0.256628787878787,0.132680976430976,1.89747476189651,1.64985857143681,1.77366666666666,0.498653830621056,53.7255886210322,1.7372,1.71184304505134,-0.518778917287688,-0.409328134901516
"9143926","2006-11-01",26.498209361909,0.46875,0.392676767676767,0.256839225589225,1.88873632595492,1.65259700737841,1.77066666666666,0.624220453883605,55.3695957957531,1.74,1.72093063904449,-0.154898511456847,-0.358442210212582
"9143925","2006-11-02",24.7405326587185,0,0.291666666666666,0.313657407407407,1.88396496097523,1.63903503902476,1.76149999999999,0.0855957524841861,41.7816926037537,1.7364,1.70613988717189,-0.659209457370757,-0.418595659644217
"9143924","2006-11-03",23.1084042914702,0.225806451612903,0.2315188172043,0.305287417182578,1.87286095184221,1.63547238149112,1.75416666666666,0.271822768945652,47.4953317891455,1.7312,1.70265456888231,-0.721710024166655,-0.479218532548705
"9143923","2006-11-06",21.5928565218824,0.359999999999999,0.1952688172043,0.239484767025089,1.866401214876,1.63226545179066,1.74933333333333,0.346243053493402,49.0343626730112,1.7272,1.70230062636467,-0.668860933304083,-0.51714701269978
"9143922","2006-11-07",21.0915709915659,0.319999999999999,0.301935483870966,0.242907706093189,1.86145452551309,1.63121214115357,1.74633333333333,0.458015259902942,48.2724530253796,1.7288,1.70066054284938,-0.666758713401139,-0.547069352840052
"9143921","2006-11-08",20.6260915705577,0.319999999999999,0.333333333333332,0.276845878136199,1.8542502149347,1.62808311839863,1.74116666666666,0.332719551549382,48.2724530253796,1.7244,1.69923913713613,-0.657592284821351,-0.569173939236312
"9143920","2006-11-09",20.3906176180765,0.359999999999999,0.333333333333332,0.322867383512543,1.84350917273527,1.62849082726472,1.73599999999999,0.410085191609955,49.1881200366075,1.7204,1.69934058551798,-0.595990394127877,-0.574537230214625
"9143919","2006-11-10",20.6436612287346,0.399999999999999,0.359999999999998,0.342222222222221,1.82742728982099,1.634572710179,1.73099999999999,0.546667286909716,50.1386469695572,1.716,1.70076184078225,-0.493989139917472,-0.558427612155195
"9143918","2006-11-13",21.6071504002835,0.464285714285714,0.408095238095237,0.367142857142856,1.81007756130782,1.64525577202551,1.72766666666666,0.878186243486127,52.98038580841,1.7136,1.70599359534461,-0.267998558066773,-0.50034180133751
"9143917","2006-11-14",22.5018189167218,0.535714285714286,0.466666666666665,0.4115873015873,1.80529377536476,1.64803955796857,1.72666666666666,0.923941995137146,54.8287013056357,1.7136,1.71319444929867,0.00484852821780457,-0.399303735426447
"9143916","2006-11-15",22.4326301933592,0.321428571428571,0.440476190476189,0.438412698412697,1.80599911909303,1.64833421424029,1.72716666666666,0.58139625838309,48.6501435876487,1.7124,1.71143518939218,-0.0611713738278841,-0.331677263106735
"9143915","2006-11-16",24.0302696596664,0.239130434782609,0.365424430641821,0.424189095928225,1.82492688480259,1.64073978186406,1.73283333333333,1.06373834908512,50.6465992120285,1.71,1.71257716413989,-0.0190573419841078,-0.269153278882209
"9143914","2006-11-17",25.5137920212373,0.369565217391304,0.310041407867494,0.371980676328501,1.83943947581485,1.63756052418514,1.73849999999999,0.953241901948432,56.1541088678147,1.7092,1.7215668755879,0.292629842883341,-0.156796654529099
"9143913","2006-11-20",26.2257768581817,0.260869565217391,0.289855072463767,0.321773636991027,1.846097767199,1.64256889946766,1.74433333333333,0.789885167925598,51.0423294287717,1.706,1.72269129217618,0.301193170942193,-0.0651986894348408
"9143912","2006-11-21",27.1289817712317,0.41304347826087,0.347826086956521,0.315907522429261,1.86443003767234,1.64056996232765,1.75249999999999,0.995100938220803,56.9507197853877,1.7076,1.73299911988602,0.627192439696911,0.0732795363915096
"9143911","2006-11-22",27.0741501414173,0.128205128205128,0.267372723894462,0.301684627771583,1.86742688750177,1.64523977916488,1.75633333333333,0.636521572112751,50.4003386148929,1.7096,1.73259923723455,0.55249913653308,0.169123456419824
"9143910","2006-11-24",27.0232350565897,0.157894736842105,0.2330477811027,0.282748863984561,1.86609064359771,1.65424268973561,1.76016666666666,0.499213272237836,52.0956856939038,1.7112,1.73491933893661,0.579632156037224,0.251225196343304
"9143909","2006-11-27",27.4734830405983,0.157894736842105,0.147998200629779,0.216139568542314,1.8653991741458,1.66493415918752,1.76516666666666,0.590622628943277,52.0956856939038,1.7132,1.73693009374507,0.594162076359761,0.319812572346595
"9143908","2006-11-28",29.1988284644075,0.261904761904762,0.192564745196323,0.191203575642934,1.88863769821816,1.65469563511516,1.77166666666666,1.06281741265444,56.4151043227726,1.718,1.74533941457906,0.827377093306692,0.421325476538614
"9143907","2006-11-29",30.8009349293732,0.341463414634147,0.253754304460337,0.19810575009548,1.91180409035239,1.64586257631427,1.77883333333333,1.01828438230814,59.55684521516,1.7244,1.75796082596852,1.18073041267257,0.573206463765406
"9143906","2006-11-30",33.3041954441524,0.394366197183099,0.332578124574001,0.259632391410221,1.99570431540508,1.59429568459491,1.79499999999999,1.31795284937114,68.1975264185172,1.7364,1.78756604917271,2.06717186508105,0.871999544028535
"9143905","2006-12-01",35.6286516364473,0.704225352112676,0.480018321309973,0.35545025011477,2.10363293208738,1.54703373457928,1.82533333333333,1.29291047365714,76.6426477787935,1.7592,1.84255724261635,3.6765270553448,1.43290504629179
"9143904","2006-12-04",35.891470448566,0.436619718309859,0.511737089201877,0.441444511695284,2.13944777063515,1.55021889603151,1.84483333333333,0.916080537179363,61.4626452031007,1.7736,1.86488294360084,4.04301508720901,1.95492705447523
"9143903","2006-12-05",35.5414790561491,0.338028169014084,0.492957746478872,0.494904385663574,2.15373275121452,1.56393391545214,1.85883333333333,0.728043854691825,56.9846047926461,1.782,1.87489855112073,3.97955236892389,2.35985211736496
"9143902","2006-12-06",35.2164870489049,0.318840579710145,0.364496155678028,0.456396997119592,2.16321100973311,1.57745565693355,1.87033333333333,0.664460013677934,56.9846047926461,1.7892,1.88357874430463,3.88219247595325,2.66432018908262
"9143901","2006-12-07",34.2286371941458,0.191176470588235,0.28268173977082,0.380045213975907,2.16414974444236,1.59785025555763,1.88099999999999,0.562981986328318,51.9662701176504,1.7924,1.88043491173068,3.42326701178484,2.81610955362306
"9143900","2006-12-08",33.3113480432981,0.264705882352941,0.258240977550439,0.301806290999763,2.16597337058589,1.61835996274743,1.89216666666666,0.587348725667888,54.6541176991728,1.8044,1.88437692349992,3.23620007734227,2.9001276583669
"9143899","2006-12-11",33.7475496822533,0.264705882352941,0.240196078431371,0.260372931917544,2.17787638034493,1.63579028632173,1.90683333333333,0.733357766219679,54.6541176991728,1.8136,1.88779333369993,3.05229077986386,2.9305602826663
"9143898","2006-12-12",34.1525940612832,0.294117647058823,0.274509803921567,0.257648953301126,2.19027037785893,1.64806295547439,1.91916666666666,0.716706734635352,55.8014667009508,1.8228,1.89342088920661,2.95708747676002,2.93586572148504
"9143897","2006-12-13",34.5287066989538,0.424242424242424,0.327688651218062,0.280798177857,2.20524090638827,1.66075909361172,1.93299999999999,0.751615383260244,61.1011416003342,1.8364,1.91163143731239,3.2651875465268,3.00173008649339
"9143896","2006-12-14",35.2795991824557,0.454545454545454,0.390968508615566,0.331055654585065,2.22014886069286,1.6835178059738,1.95183333333333,0.807163239778648,62.0804494412505,1.8508,1.93008057900407,3.54525788326976,3.11043564584867
"9143895","2006-12-15",36.163714427798,0.573770491803278,0.484186123530384,0.400947761121337,2.25343919590941,1.68656080409058,1.96999999999999,0.9057307586942,66.6072306214669,1.8688,1.9594031684702,4.12399803296766,3.31314812327247
"9143894","2006-12-18",35.190065763817,0.192982456140351,0.40709946749636,0.427418033214103,2.25618895492552,1.70281104507447,1.97949999999999,0.573186875151751,52.9838594437776,1.8784,1.95814941267417,3.71069543739793,3.39265758609756
"9143893","2006-12-19",34.5283488138818,0.254545454545454,0.340432800829693,0.410572797285479,2.25981044429563,1.72585622237103,1.99283333333333,0.644519255580617,55.437749067778,1.8888,1.96372949098428,3.54753535069439,3.42363313901692
"9143892","2006-12-20",33.5086976993709,0.166666666666666,0.204731525784156,0.317421264703403,2.26088667827333,1.74011332172666,2.00049999999999,0.531043574836232,52.4875647186497,1.8964,1.96189889218638,3.17616138546193,3.37413878830592
"9143891","2006-12-21",32.825437374441,0.272727272727273,0.23131313131313,0.258825819308993,2.25570818619002,1.77195848047664,2.01383333333333,0.58165379644367,54.0670087064265,1.9076,1.96431237322819,2.97087667894804,3.29348636643435
"9143890","2006-12-22",32.1909813584347,0.431818181818181,0.290404040404039,0.242149565833775,2.241851880069,1.81648145326432,2.02916666666666,0.588158455870333,57.608131343141,1.9208,1.9757373901311,3.0585137018927,3.24649183352602
"9143889","2006-12-26",31.5078389492172,0.409090909090909,0.37121212121212,0.297643097643096,2.22325598527408,1.86241068139258,2.04283333333333,0.538335910664592,56.9328791105235,1.9312,1.98430573811362,3.04949267474006,3.20709200176883
"9143888","2006-12-27",30.4903730368429,0.318181818181818,0.386363636363635,0.349326599326598,2.21786608878283,1.8794672445505,2.04866666666666,0.415287338726902,54.1963687037607,1.942,1.98639830636514,2.8459830978208,3.13487022097922
"9143887","2006-12-28",29.8742032419444,0.230769230769231,0.319347319347318,0.358974358974358,2.21287047333529,1.89646285999803,2.05466666666666,0.443111356233995,54.1963687037607,1.95,1.98821186551645,2.65393320586964,3.03868281795731
"9143886","2006-12-29",29.6762205551847,0.307692307692307,0.285547785547784,0.330419580419579,2.20776963682915,1.89689702983751,2.05233333333333,0.578274292382388,56.0345003028776,1.962,1.99378361678093,2.59300770096218,2.94954779455828
"9143885","2007-01-03",28.6951474449653,0.0540540540540541,0.197505197505196,0.267466767466767,2.16072006185109,1.9192799381489,2.03999999999999,0.417163727000639,50.244021222367,1.97,1.98794580121014,2.19523182913364,2.79868460147335
"9143884","2007-01-04",27.7841509854759,0.142857142857143,0.168201168201167,0.217084717084716,2.15526166609362,1.91773833390637,2.0365,0.430533140268562,53.4797055767628,1.98,1.98955302771545,2.05922846725146,2.65079337462897
"9143883","2007-01-05",26.633582107921,0.0571428571428572,0.0846846846846835,0.150130350130349,2.1551129403015,1.91888705969849,2.037,0.357481040685629,51.3231049299607,1.9868,1.98694595735339,1.80884070297915,2.48240284029901
"9143882","2007-01-08",25.56519672162,0.142857142857143,0.114285714285713,0.122390522390521,2.15358330303029,1.9244166969697,2.039,0.358909053595799,53.3490420998838,1.9932,1.98868649637294,1.71255699043906,2.32843367032702
"9143881","2007-01-09",24.8312658659684,0.192307692307692,0.13076923076923,0.109913209913209,2.14467770358922,1.94332229641077,2.044,0.364253293634651,53.3490420998838,1.994,1.99019496352321,1.61746675717909,2.18624028769743
"9143880","2007-01-10",28.4702102221508,0.35,0.228388278388277,0.157814407814407,2.50642456728698,1.684575432713,2.0955,1.56406390566234,75.8686501061119,2.0092,2.06883563505345,3.79712394234601,2.50841701862715
"9143879","2007-01-11",31.8492299814631,0.405555555555556,0.315954415954415,0.225037308370641,2.64621349715393,1.62178650284606,2.134,1.15337338536804,77.8536442198409,2.036,2.15032421704633,5.74526688516424,3.15578699193457
"9143878","2007-01-12",34.7469219237075,0.383333333333333,0.379629629629628,0.30799077465744,2.73698506131532,1.59901493868467,2.168,0.982145054387122,75.1893711572907,2.064,2.21561432144015,6.97656802791196,3.91994319913005
"9143877","2007-01-16",37.4376358700774,0.388888888888889,0.392592592592591,0.362725546058878,2.81143055161513,1.58756944838486,2.1995,0.908951635670896,75.4158768918837,2.0924,2.2735324119148,7.84024300597461,4.70400316049896
"9143876","2007-01-17",38.9331354638651,0.3,0.357407407407406,0.376543209876542,2.8492524256241,1.59241424104256,2.22083333333333,0.756596277831406,65.1650106537267,2.1176,2.30239475699282,7.84062477692187,5.33132748378354
"9143875","2007-01-18",39.9037666810554,0.261111111111111,0.316666666666665,0.355555555555554,2.87109619019074,1.59690380980926,2.234,0.679983287346827,61.2429303225,2.138,2.31807545606045,7.50220106808817,5.76550220064447
"9143874","2007-01-19",40.388094092543,0.222222222222222,0.26111111111111,0.311728395061727,2.88876431198007,1.61990235468658,2.25433333333333,0.635817243430427,57.514999718265,2.1556,2.32233206191905,6.91024652770322,5.99445106605622
"9143873","2007-01-22",41.0694878376709,0.277777777777778,0.253703703703702,0.277160493827159,2.91669968632145,1.63796698034521,2.27733333333333,0.69759146339639,61.1529483559655,2.1764,2.33935445366318,6.70626608022424,6.13681406888982
"9143872","2007-01-23",41.702210601004,0.305555555555556,0.268518518518517,0.26111111111111,2.94006357093506,1.66626976239827,2.30316666666666,0.68069381804506,62.8651590061715,2.1952,2.36077385984142,6.63277378886791,6.23600601288544
"9143871","2007-01-24",41.9569885931549,0.269662921348315,0.284332084893881,0.268851435705367,2.95537843390534,1.69395489942799,2.32466666666666,0.625783816719744,60.0164122448365,2.2112,2.37267067852923,6.32613615733799,6.25403204177595
"9143870","2007-01-25",42.4616255507316,0.275280898876405,0.283499791926757,0.278783465113052,2.97259012864687,1.72274320468645,2.34766666666666,0.643217538538882,60.4028877908276,2.2236,2.38431458805867,6.04442155677964,6.21210994477669
"9143869","2007-01-26",42.8592377190785,0.257142857142857,0.267362225789191,0.278398034203277,2.98233179263899,1.75633487402767,2.36933333333333,0.598423303382647,59.7806086064234,2.2436,2.39307264298418,5.71923144041127,6.11353424390361
"9143868","2007-01-29",43.2284490182577,0.257142857142857,0.263188871054038,0.271350296256662,2.98563807648622,1.79936192351377,2.3925,0.576570141872731,59.7806086064234,2.2616,2.40066295725296,5.39773046050516,5.97037348722392
"9143867","2007-01-30",42.812283514847,0,0.17142857142857,0.233993222757267,2.98139186584483,1.8409414674885,2.41116666666666,0.498977012355519,53.4003137821223,2.2776,2.3939078962859,4.75241424655872,5.72678163909088
"9143866","2007-01-31",42.6553821077991,0.142857142857143,0.133333333333332,0.18931692527198,2.9823923200692,1.88227434659746,2.43233333333333,0.561508554808109,58.20424988816,2.2964,2.40138684344778,4.52522402607451,5.48647011648761
"9143865","2007-02-01",42.5096879441116,0.211538461538461,0.118131868131867,0.14096459096459,2.97278321266164,1.93921678733835,2.456,0.536120884365667,58.6631689461005,2.3128,2.40920193098807,4.32742910117707,5.2546619134255
"9143864","2007-02-02",42.6760114927709,0.333333333333333,0.229242979242978,0.160236060236059,2.95999752762594,2.00500247237405,2.48249999999999,0.570680994240543,60.5300441392053,2.3312,2.42130834018966,4.25332175828042,5.05439388239648
"9143863","2007-02-05",42.8304547879546,0.588235294117647,0.377702362996479,0.241692403457108,2.93637398498391,2.08629268168274,2.51133333333333,0.580776587368778,62.7921227591416,2.3532,2.43846722816437,4.30744018095461,4.90500314210811
"9143862","2007-02-06",43.0447725353355,0.676470588235294,0.53267973856209,0.379875026933849,2.8990197260792,2.18364694058745,2.54133333333333,0.591327675106384,64.1208007171485,2.3764,2.45733826440912,4.39342583371611,4.80268768042971
"9143861","2007-02-07",42.5821059883895,0.470588235294117,0.578431372549018,0.496271158035863,2.83209453240516,2.30190546759483,2.56699999999999,0.430213573881928,58.8409016057276,2.3956,2.46435982915457,4.18041171693357,4.67823248773048
"9143860","2007-02-08",42.3229387234316,0.441176470588235,0.529411764705881,0.546840958605663,2.73533216373909,2.35533450292757,2.54533333333333,0.477192842060782,58.1048207941985,2.4176,2.46911185193396,3.9326681953648,4.52911962925735
"9143859","2007-02-09",42.6237995506086,0.449999999999999,0.453921568627449,0.520588235294116,2.68718706412568,2.38347960254098,2.53533333333333,0.723899668599484,59.732276559297,2.4388,2.4772302716761,3.78960406980344,4.38121651736657
"9143858","2007-02-12",42.9031703187014,0.875,0.588725490196077,0.524019607843136,2.68718706412568,2.38347960254098,2.53533333333333,1.09706578293193,67.4488404228991,2.468,2.50693290211929,4.17460705299988,4.33989462449323
"9143857","2007-02-13",42.7488899546779,0.775,0.699999999999999,0.580882352941175,2.68371401186647,2.38561932146685,2.53466666666666,1.00990509021223,64.3253183782968,2.4944,2.52734184850338,4.29274555527972,4.33046481065053
"9143856","2007-02-14",42.6501958158045,0.875,0.841666666666666,0.710130718954248,2.71222514617351,2.37444152049314,2.54333333333333,1.01314901065499,66.0199629287681,2.5224,2.5503629353696,4.45563169113938,4.3554981867483
"9143855","2007-02-15",42.0167736732917,0.75,0.799999999999999,0.780555555555555,2.72633871737033,2.38066128262966,2.55349999999999,0.82737649407625,62.0519880841872,2.5252,2.56364787732032,4.37131232293537,4.35866101398571
"9143854","2007-02-16",39.9374357464287,0.35,0.658333333333332,0.766666666666666,2.72308604281752,2.39758062384914,2.56033333333333,0.509216436425278,51.4048600434992,2.5176,2.55382816034428,3.75705285343293,4.23833938187516
"9143853","2007-02-20",38.0066219571988,0.5,0.533333333333332,0.663888888888888,2.72749149637727,2.40084183695605,2.56416666666666,0.630108814671076,56.882435668989,2.516,2.55998440563171,3.57613355501887,4.1058982165039
"9143852","2007-02-21",36.2137234386281,0.344827586206897,0.398275862068965,0.529980842911877,2.73031996880916,2.40401336452417,2.56716666666666,0.580190429255973,54.4777055516082,2.5124,2.55998648488081,3.26866573595985,3.93845172039509
"9143851","2007-02-22",34.4518339215363,0.230769230769229,0.358532272325374,0.430047155909224,2.73125732704001,2.41374267295998,2.57249999999999,0.555115566400268,53.8646264634295,2.5148,2.55865495356337,2.95948208642276,3.74265779360062
"9143850","2007-02-23",32.3308999398146,0.0384615384615377,0.20468611847922,0.320498084291187,2.73125911500694,2.41507421832639,2.57316666666666,0.395103570680132,50.7870732659651,2.518,2.55083429308826,2.52765586100276,3.49965740708105
"9143849","2007-02-26",30.4494792781326,0.0384615384615377,0.102564102564101,0.221927497789565,2.72997432218589,2.42169234448077,2.57583333333333,0.394577035472758,50.7870732659651,2.524,2.54405638734315,2.16059628460967,3.23184518258678
"9143848","2007-02-27",28.497190952944,0,0.0256410256410242,0.110963748894782,2.72880518745258,2.42486147921407,2.57683333333333,0.258178906133773,49.4757091305585,2.5252,2.5355155356974,1.785537732738,2.94258369261702
"9143847","2007-02-28",26.5783734754435,0,0.0128205128205116,0.0470085470085456,2.71805713382928,2.44427619950404,2.58116666666666,0.191359077986005,48.797255454845,2.524,2.52678013093775,1.43961913663366,2.64199078142035
"9143846","2007-03-01",25.0078130045253,0,-9.52941429469926e-16,0.0128205128205117,2.71829287429919,2.4437071257008,2.58099999999999,0.19287068333369,48.08711931243,2.5244,2.51787611347938,1.12025934137518,2.33764449341132
"9143845","2007-03-02",24.2429847913852,0.241379310344827,0.0804597701149414,0.0310934276451508,2.7161944415112,2.45313889182212,2.58466666666666,0.43157338812555,53.2192331428532,2.5272,2.51949263168213,1.07930053116128,2.08597570096131
"9143844","2007-03-05",24.6969910834993,0.333333333333333,0.191570881226052,0.090676883780331,2.72222593826093,2.45644072840572,2.58933333333333,0.703171576136319,55.9020218187476,2.532,2.52622694745785,1.16134866729183,1.90105029422741
"9143843","2007-03-06",25.1185683547481,0.454545454545454,0.343086032741204,0.205038894694066,2.72963365533507,2.45703301133159,2.59333333333333,0.744557994022279,58.4670747508261,2.5384,2.5373966877968,1.33766144767662,1.78837252491725
"9143842","2007-03-07",25.3748481586726,0.424242424242425,0.404040404040403,0.312899106002553,2.73394011942593,2.45705988057406,2.59549999999999,0.696836004714528,57.5655758555728,2.5484,2.54574379609056,1.42777038296911,1.71625209652762
"9143841","2007-03-08",27.4117715232852,0.15625,0.345012626262625,0.364046354348077,2.75446772937802,2.45753227062197,2.60599999999999,0.951276518342979,53.980213100611,2.5528,2.54764462327849,1.35613394206864,1.64422846563583
"9143840","2007-03-09",29.303200361854,0.265625,0.282039141414141,0.34369739057239,2.76048570284436,2.4651809638223,2.61283333333333,0.704873109047822,58.8145488462713,2.5596,2.55862534017469,1.50299423565472,1.61598161963961
"9143839","2007-03-12",31.850457954649,0.421875,0.281249999999999,0.302767255892255,2.79938557736601,2.44894775596731,2.62416666666666,1.08736049811005,64.5446311143228,2.5688,2.58147529481806,1.90894077006585,1.67457344972485
"9143838","2007-03-13",34.21576857653,0.625,0.437499999999999,0.33359638047138,2.84483168902279,2.42250164431053,2.63366666666666,1.14641387326824,70.3247798597614,2.5812,2.61861192217565,2.59634585336812,1.85892793045351
"9143837","2007-03-14",36.6029038542206,0.6875,0.578124999999999,0.432291666666666,2.90146016081214,2.39320650585452,2.64733333333333,1.1151783929478,71.8456888755185,2.594,2.65613033255223,3.21240070633215,2.12962248562924
"9143836","2007-03-15",38.8660222910032,0.8125,0.708333333333332,0.574652777777777,2.96329062485389,2.36170937514609,2.66249999999999,1.0942671919606,74.6446308891816,2.6128,2.6993129548786,3.8810997552799,2.47991793955937
"9143835","2007-03-16",41.1888307119998,0.662162162162162,0.72072072072072,0.669059684684684,3.02234549352028,2.33932117314638,2.68083333333333,1.01608704036636,71.7634644759846,2.6308,2.73273789422812,4.25718005636,2.8353703629195
"9143834","2007-03-19",43.3457242457824,0.810810810810811,0.761824324324323,0.730292792792792,3.0824542340049,2.32987909932842,2.70616666666666,0.983451175263373,75.4979315236165,2.652,2.77637284166437,4.80745320810116,3.22978693195583
"9143833","2007-03-20",45.4786786441174,0.837837837837838,0.770270270270269,0.750938438438438,3.14172348091846,2.32027651908153,2.73099999999999,0.953265214470727,76.116429757015,2.6672,2.81685646277579,5.22320467691209,3.62847048094708
"9143832","2007-03-21",47.4809008626876,0.850746268656716,0.833131639101787,0.78840874456546,3.19596048454239,2.31870618212426,2.75733333333333,0.913411100597618,76.7485085411776,2.6848,2.85460893440569,5.53030289762071,4.00883696428181
"9143831","2007-03-22",49.3401072085029,0.84375,0.844111368831517,0.815837759401191,3.2411047542488,2.32589524575119,2.78349999999999,0.86039106922609,76.7485085411776,2.7008,2.88732774315159,5.69518153805355,4.34610587903616
"9143830","2007-03-23",50.4492963308217,0.78125,0.825248756218905,0.83416392138407,3.27060813048052,2.35005853618613,2.81033333333333,0.789319918214171,72.3096858007095,2.7172,2.91035071073138,5.6411167595136,4.60510805513164
"9143829","2007-03-26",50.8798149274635,0.71875,0.781249999999999,0.816870041683474,3.29010698177966,2.38122635155366,2.83566666666666,0.735821213705528,68.0699575509294,2.7384,2.9249706159672,5.42109643537807,4.76830573118093
"9143828","2007-03-27",49.0680121429449,0.4375,0.645833333333332,0.750777363184079,3.28506331311349,2.42727002021983,2.85616666666666,0.566643872294488,53.008033952975,2.748,2.9136412005049,4.69687664831357,4.75401991460746
"9143827","2007-03-28",46.3526562554071,0.175438596491228,0.443896198830408,0.62365984405458,3.26854851493522,2.4737848183981,2.87116666666666,0.406261445603769,46.2700524320606,2.7548,2.88915570710425,3.77462805416799,4.55814154251957
"9143826","2007-03-29",43.8312543598363,0.127659574468085,0.246866056986437,0.445531863050059,3.24693372093002,2.5273996124033,2.88716666666666,0.402019933225478,50.0031873504149,2.7644,2.87593494615702,3.1736881598402,4.28125086598369
"9143825","2007-03-30",41.1223712866811,0.0425531914893617,0.115217120816224,0.268659792211023,3.23036660640149,2.5666333935985,2.89849999999999,0.341552803689702,47.6273999912511,2.7744,2.85914362000275,2.55519963821491,3.93604062042994
"9143824","2007-04-02",39.1504097151974,0,0.0567375886524815,0.139606922151714,3.2280830690179,2.57125026431542,2.89966666666666,0.145267413058743,38.7134707135843,2.7772,2.82059113733571,1.53345659433934,3.45552381521182
"9143823","2007-04-03",37.3193025416769,0.111111111111112,0.0512214342001569,0.0743920478896208,3.22441648368202,2.57925018298463,2.90183333333333,0.192327389410412,43.1681298310742,2.7836,2.79651231902429,0.90795668545931,2.94601038926132
"9143822","2007-04-04",36.0279478119056,0.0158730158730162,0.0423280423280417,0.05009568839356,3.22477311627387,2.57856021705945,2.90166666666666,0.105393206619695,40.453893442268,2.788,2.76764400982105,0.231300221812547,2.40306835577156
"9143821","2007-04-05",34.8288327056894,0.0338983050847458,0.0536274773562903,0.0490589846281629,3.23500470459839,2.5559952954016,2.89549999999999,0.0893527695541625,41.1183972749834,2.7932,2.74395814184491,-0.27728840204968,1.86699700420731
"9143820","2007-04-09",33.203196693659,0,0.0165904403192532,0.037515320001195,3.24149793256385,2.54283540076947,2.89216666666666,0.0913620854023156,39.2324306193303,2.794,2.71809705626559,-0.793909380948998,1.33481572717605
"9143819","2007-04-10",31.3942702572702,0.098360655737705,0.0440863202741494,0.0381014126498976,3.24688822215366,2.52011177784633,2.88349999999999,0.18789118702173,43.4242637745791,2.7956,2.70368411543018,-1.01617488238888,0.864617605263067
"9143818","2007-04-11",29.7145528520521,0.152542372881356,0.0836343428730196,0.048103701155474,3.24774667586011,2.49358665747321,2.87066666666666,0.207400735537994,45.4504438115223,2.7968,2.69519290003949,-1.09102662426735,0.473488759356982
"9143817","2007-04-12",28.0867670464814,0.142857142857143,0.131253390492067,0.086324684546412,3.24017677083603,2.47315656249729,2.85666666666666,0.269671431409484,44.8735424000889,2.798,2.68650051336755,-1.16757580645237,0.145275846195112
"9143816","2007-04-13",26.2793515855279,0.0892857142857148,0.128228410008071,0.114372047791052,3.22422618588939,2.4517738141106,2.83799999999999,0.252304037991715,43.1058541843416,2.7996,2.67496711158521,-1.3045457582444,-0.144688474692791
"9143815","2007-04-16",24.6010372289282,0.235294117647059,0.155812324929971,0.13843137514337,3.20134792733262,2.4399854060007,2.82066666666666,0.323999742244237,48.230359303326,2.8012,2.67430483004052,-1.18829830199374,-0.353410440152981
"9143814","2007-04-17",23.2445626965011,0.315789473684211,0.213456435205661,0.165832390047901,3.16831495330598,2.43535171336068,2.80183333333333,0.351970748208203,48.230359303326,2.7988,2.67373085270178,-1.08366486884897,-0.499461325892178
"9143813","2007-04-18",22.2920344324682,0.030303030303031,0.193795540544766,0.187688100226799,3.12525214364818,2.42874785635181,2.77699999999999,0.25544539144976,41.4295771648214,2.7868,2.65856673900821,-1.3192305808821,-0.663415176890163
"9143812","2007-04-19",20.9803442947804,0.121212121212121,0.155768208399787,0.187673394716738,3.06795960940342,2.43804039059657,2.75299999999999,0.320611918756769,43.7587750614592,2.7744,2.64942450714045,-1.40009985957457,-0.810752113427043
"9143811","2007-04-20",19.8009648587133,0.225806451612904,0.125773867709351,0.158445872217968,3.00044215064624,2.46222451602041,2.73133333333333,0.404623464504253,46.0684742418358,2.76,2.64550123952172,-1.35757215197673,-0.92011612113698
"9143810","2007-04-23",18.5991547262373,0.214285714285714,0.187101429036912,0.15621450171535,2.92937426404942,2.4929590692839,2.71116666666666,0.413308854074947,45.3991875967873,2.7464,2.64076774091883,-1.3392231712988,-1.00393753116934
"9143809","2007-04-24",18.243125067474,0.303030303030303,0.247707489642973,0.186860928796412,2.84880362660079,2.5411963733992,2.69499999999999,0.602945123488101,48.6149906612443,2.73,2.64199870879632,-1.18874908882258,-1.04089984269999
"9143808","2007-04-25",18.002282863173,0.882352941176471,0.466556319497495,0.30045507939246,2.8330840989902,2.55191590100979,2.69249999999999,1.10758412423739,60.987305753767,2.7208,2.66973221429014,-0.456243685866375,-0.923968611333268
"9143807","2007-04-26",21.2512957143323,0.302521008403361,0.495968084203378,0.403410631114615,2.96678007945851,2.45721992054148,2.71199999999999,1.43152233030831,63.8030454446137,2.7132,2.70176791905146,0.294833343529821,-0.680208220360651
"9143806","2007-04-27",24.2682362189802,0.576271186440678,0.587048378673503,0.516524260791458,3.12336357261629,2.35630309405037,2.73983333333333,1.32588011988883,74.6430758974146,2.7188,2.77353219651126,1.82633970515285,-0.178898635257951
"9143805","2007-04-30",27.0696809732962,0.703389830508475,0.527394008450837,0.536803490442572,3.26895548819812,2.2773778451352,2.77316666666666,1.19266722393191,77.8850297704045,2.732,2.85572790364309,3.38612532760447,0.534106157314533
"9143804","2007-05-01",29.6710225308753,0.703389830508475,0.661016949152541,0.59181977875896,3.38867387839188,2.23699278827477,2.81283333333333,1.06193218089642,77.8850297704045,2.7468,2.92696418315735,4.52179847343597,1.33164462053882
"9143803","2007-05-02",33.0516213860128,0.526627218934911,0.644468959983953,0.61095997252911,3.55798454106464,2.16901545893534,2.86349999999999,1.1142445340531,79.1232624189491,2.7712,2.9967022920697,5.4822191618622,2.1617595288035
"9143802","2007-05-03",36.1907488943547,0.644970414201183,0.624995821214856,0.643493910117117,3.71534507821298,2.12598825512034,2.92066666666666,1.04697178173102,82.6170922316948,2.808,3.08380865312707,6.65087041425816,3.05958170589443
"9143801","2007-05-04",39.1056530092436,0.733727810650887,0.635108481262327,0.634857754153712,3.8676515021642,2.10001516450246,2.98383333333333,1.00698588141277,84.6869762737178,2.8484,3.17930083271013,7.81158505928956,4.00998237657346
"9143800","2007-05-07",41.1318892069686,0.686390532544379,0.688362919132149,0.649489073869777,3.98357220168603,2.10642779831396,3.04499999999999,0.918188392214175,79.2658079449935,2.8872,3.25139405501545,8.38110888398635,4.88420767805604
"9143799","2007-05-08",42.5951924569861,0.650602409638554,0.690240250944606,0.671237217113027,4.07388627911644,2.12844705421688,3.10116666666666,0.848935769694059,75.9915978529996,2.9312,3.30720818101339,8.57955259705823,5.62327666185647
"9143798","2007-05-09",44.0534461868786,0.786585365853658,0.707859436012196,0.695487535362984,4.18237372124647,2.14995961208685,3.16616666666666,0.885666154255071,80.0698473573201,2.9816,3.3862470902116,9.15107642531165,6.32883661454751
"9143797","2007-05-10",45.7333602430101,0.75,0.729062591830737,0.70905409292918,4.27851864942843,2.18281468390489,3.23066666666666,0.852785195569661,76.422798593172,3.032,3.44674747818339,9.32013834749692,6.92709696113739
"9143796","2007-05-11",45.1836319528921,0.5625,0.699695121951219,0.712205716598051,4.31335894500681,2.25264105499318,3.283,0.699121546584246,61.7765159188943,3.0704,3.46051448109227,8.6696551027293,7.27560858945577
"9143795","2007-05-14",44.6731699692112,0.542857142857143,0.61845238095238,0.682403364911445,4.33755277270862,2.3267805606247,3.33216666666666,0.668011737631492,63.3418704402486,3.1128,3.4804458836133,8.19575536084891,7.4596379437344
"9143794","2007-05-15",44.2908220049579,0.634328358208955,0.579895167022032,0.63268088997521,4.36501014870113,2.40798985129886,3.3865,0.701070985580647,66.9823099549225,3.1588,3.51771976579819,8.06476789042392,7.58066393307231
"9143793","2007-05-16",44.4472935981029,0.603960396039604,0.593715299035233,0.597354282336548,4.38490294873159,2.51743038460173,3.45116666666666,0.740342665244171,68.9732394719316,3.2072,3.5620237970251,8.0599693847724,7.67652502341233
"9143792","2007-05-17",45.0236501209023,0.651162790697675,0.629817181648744,0.601142549235336,4.40778618707707,2.63321381292292,3.5205,0.785233036442334,71.061243080432,3.26,3.61375395742175,8.16989806532862,7.77519963179558
"9143791","2007-05-18",42.1675263449675,0,0.418374395579092,0.54730229208769,4.3628159365503,2.76451739678302,3.56366666666666,0.487278138077828,47.8342400754909,3.2872,3.56925342976552,6.68318898010494,7.55679750145746
"9143790","2007-05-21",39.5154114101708,0.608247422680413,0.419803404459361,0.489331660562399,4.32333929989495,2.92666070010504,3.625,0.69689569242442,60.1779537767598,3.3352,3.60935297246345,6.74854766873703,7.39514753491337
"9143789","2007-05-22",36.8558921014798,0.568421052631579,0.392222825103996,0.41013354171415,4.25361363832379,3.11171969500954,3.68266666666666,0.67281231281479,58.9058532598189,3.3812,3.63743924280166,6.60372870902433,7.23686376973556
"9143788","2007-05-23",34.3763074062068,0.48421052631579,0.553626333875926,0.455217521146428,4.15911036539831,3.29822296793502,3.72866666666666,0.563500368140773,56.8356659972547,3.4284,3.6511140104281,6.23612220783019,7.03671545735449
"9143787","2007-05-24",32.5656725238521,0.347368421052631,0.466666666666666,0.470838608548863,4.10649148523297,3.40184184810036,3.75416666666666,0.418399163257959,53.5426839213478,3.4692,3.64563214237102,5.59326510301046,6.74802538648568
"9143786","2007-05-25",30.8843687045228,0.463157894736842,0.43157894736842,0.483957315970337,4.07912198004499,3.466878019955,3.773,0.46243327578664,55.8724496314806,3.5132,3.65554785672155,5.26601065408894,6.45162244000633
"9143785","2007-05-29",28.8631724565443,0.4,0.403508771929824,0.43391812865497,4.05825726242961,3.51607607090371,3.78716666666666,0.419153718316996,54.2736629756176,3.5552,3.65614147582535,4.81832782870291,6.12496351774565
"9143784","2007-05-30",27.0303271971229,0.389473684210526,0.417543859649122,0.417543859649122,4.02902975564398,3.57063691102268,3.79983333333333,0.311297228970796,53.9963370096502,3.5952,3.65532261238197,4.39105559130193,5.7781819324569
"9143783","2007-05-31",25.5116636741213,0.366666666666667,0.385380116959063,0.40214424951267,4.03006593785846,3.5666007288082,3.79833333333333,0.259061382632164,52.8334040779331,3.6256,3.64927959739771,3.9192692988723,5.40639940573998
"9143782","2007-06-01",24.1014761170485,0.433333333333334,0.396491228070175,0.39980506822612,4.02924324514351,3.55942342152315,3.79433333333333,0.320498563292903,54.4192033830788,3.656,3.65204231774468,3.63636214455105,5.0523919535022
"9143781","2007-06-04",22.4590051895028,0.377777777777778,0.392592592592592,0.391487979207277,4.02029759945849,3.55003573387483,3.78516666666666,0.311806981435425,52.8253103083562,3.6712,3.64777000871205,3.26399292126123,4.694712147054
"9143780","2007-06-05",20.9338536139248,0.422222222222223,0.411111111111111,0.400064977257959,4.01551217329247,3.54315449337419,3.77933333333333,0.360275374348912,53.9864055217166,3.682,3.64940067421711,3.02273068069203,4.36031585378161
"9143779","2007-06-06",19.5773174365373,0.411111111111111,0.403703703703703,0.402469135802469,4.01402793132648,3.53663873534018,3.77533333333333,0.342197238716953,53.6310201620981,3.6924,3.6494805843215,2.77733135327636,4.04371895368056
"9143778","2007-06-07",20.1865110014111,0,0.277777777777777,0.364197530864197,4.02839940053572,3.46493393279761,3.74666666666666,-0.156650710974828,41.7827103200461,3.6844,3.59621650641197,1.67201345695434,3.56937785433531
"9143777","2007-06-08",19.808883884113,0.506666666666666,0.305925925925925,0.329135802469135,3.9957307938796,3.46893587278706,3.73233333333333,0.406984676506798,52.5152557718707,3.6836,3.6007209722237,1.62737827062898,3.18097793759405
"9143776","2007-06-11",20.6185279182066,0.0533333333333334,0.186666666666666,0.256790123456789,4.01817068771575,3.41716264561758,3.71766666666666,-0.0285564325523294,44.5937963248796,3.6632,3.55929150926054,0.814908764861544,2.70776410304755
"9143775","2007-06-12",20.9899859095739,0.484848484848485,0.348282828282827,0.280291806958473,4.01819700562254,3.41113632771079,3.71466666666666,0.327584506005705,51.1313312804309,3.6572,3.5607193080258,0.79558405583342,2.32532809360472
"9143774","2007-06-13",20.7570760311694,0.378787878787879,0.305656565656565,0.280202020202019,4.01157950828445,3.39975382504888,3.70566666666666,0.327292855527314,49.5570379260646,3.6504,3.55262340028903,0.613995729860317,1.98306162085584
"9143773","2007-06-14",20.0428103936435,0.727272727272727,0.530303030303029,0.394747474747474,3.99531903652378,3.40468096347622,3.7,0.646733965556079,54.5127155993933,3.6436,3.57627361358383,0.980737432545964,1.78259678319387
"9143772","2007-06-15",19.5765486140198,0.632352941176471,0.579471182412358,0.471810259457317,3.94369884072755,3.42996782593911,3.68683333333333,0.648910612359091,53.2871079235894,3.6372,3.59010379843932,1.14292093143391,1.65466161284187
"9143771","2007-06-18",19.2645257217214,0.588235294117647,0.649286987522281,0.586353733412556,3.94245749076883,3.4458758425645,3.69416666666666,0.491609301951189,52.5240668189737,3.6412,3.59808995864741,1.1893193782214,1.56159316591778
"9143770","2007-06-19",17.9607093500531,0.597222222222222,0.605936819172112,0.611564996368917,3.92120377355437,3.45479622644562,3.688,0.690105557288498,53.2450711400101,3.644,3.60901129749442,1.27799285548686,1.5048731038316
"9143769","2007-06-20",16.9692775234397,0.775,0.653485838779956,0.63623654849145,3.93277876506206,3.44822123493793,3.6905,0.994265355733194,57.6334534133011,3.6484,3.64380979116183,1.74922365156045,1.55374321337737
"9143768","2007-06-21",16.2734906837085,0.741176470588235,0.704466230936818,0.654629629629629,3.96452338252339,3.4334766174766,3.699,0.978928316813914,57.8576489151223,3.6496,3.67530181900692,2.11428686187396,1.66585194307669
"9143767","2007-06-22",15.6274029039582,0.811764705882353,0.775980392156862,0.711310820624546,4.00870260757005,3.41896405909661,3.71383333333333,0.973938833951927,59.2509880843469,3.6492,3.710594909806,2.50006010673665,1.83269357580868
"9143766","2007-06-25",15.0274642513328,0.894117647058824,0.815686274509803,0.765377632534495,4.054036126151,3.40196387384899,3.728,0.968250768615619,60.8762021217832,3.6784,3.75051558849853,2.91626718018876,2.04940829668469
"9143765","2007-06-26",14.8299720295018,0.788888888888889,0.831590413943354,0.80775236020334,4.09258934508751,3.39141065491249,3.742,0.901229154957794,59.0641362243413,3.682,3.77844684336539,3.09646500078784,2.25881963750532
"9143764","2007-06-27",15.1294725784996,0.677083333333333,0.786696623093681,0.81132443718228,4.13242497762103,3.38457502237897,3.7585,0.880869626770441,58.3163772256884,3.6868,3.79998726425001,3.15651658489955,2.43835902698417
"9143763","2007-06-28",15.1344596857097,0.635416666666667,0.700462962962962,0.772916666666666,4.15398545638399,3.390014543616,3.772,0.741719499499781,56.7684188853254,3.6932,3.81332229568334,3.08172181214552,2.56703158401644
"9143762","2007-06-29",15.3901814773348,0.586666666666667,0.633055555555554,0.706738380537399,4.17981906753791,3.39318093246209,3.7865,0.77140814877914,57.9698916347514,3.7064,3.8302126562589,3.0699290963738,2.66761108648791
"9143761","2007-07-02",14.9969329277343,0.466666666666667,0.562916666666666,0.632145061728394,4.19068302278515,3.40265031054818,3.79666666666666,0.631128228217843,54.3124342451321,3.7116,3.83285096875771,2.83759193876232,2.70160725694279
"9143760","2007-07-03",14.6317735602482,0.366666666666667,0.473333333333332,0.556435185185184,4.20186563202743,3.41146770130589,3.80666666666666,0.634953119840909,54.9920110765339,3.72,3.83780417292335,2.6646506397594,2.69421593350612
"9143759","2007-07-05",14.8038551006569,0.383333333333333,0.405555555555555,0.480601851851851,4.21589145232488,3.42244188100845,3.81916666666666,0.664891806691972,55.3496298391588,3.7292,3.84343028320024,2.5192755751184,2.65922786182857
"9143758","2007-07-06",14.963645102465,0.466666666666667,0.405555555555555,0.428148148148147,4.19224409944108,3.50375590055892,3.848,0.652992213235256,57.1815895443118,3.742,3.85497291210687,2.47972737345354,2.62332776415357
"9143757","2007-07-09",15.400455378974,0.43859649122807,0.429532163742689,0.4135477582846,4.20179761716891,3.52286904949775,3.86233333333333,0.65858320270126,57.1815895443118,3.7524,3.86497652382596,2.41960439123767,2.58258308957039
"9143756","2007-07-10",15.3752936359973,0.0749999999999995,0.326754385964911,0.387280701754385,4.15425950458884,3.62307382874449,3.88866666666666,0.571538073649294,54.584256623882,3.7628,3.86697965398249,2.24136268411481,2.51433900847927
"9143755","2007-07-11",15.3519291603761,0.0749999999999995,0.196198830409356,0.317495126705652,4.13706984158897,3.67126349174436,3.90416666666666,0.533991235496508,54.584256623882,3.7716,3.86871570011816,2.07612311650971,2.42669583008536
"9143754","2007-07-12",15.901753586797,0.275,0.141666666666665,0.221539961013644,4.11428186437383,3.73438480229283,3.92433333333333,0.707951068553298,58.114648462678,3.784,3.88088694010241,2.08741511662964,2.35883968739422
"9143753","2007-07-13",17.2071271107825,0.499999999999999,0.283333333333332,0.207066276803118,4.13654191040898,3.74479142292435,3.94066666666666,0.940756737216427,61.7198330995719,3.816,3.90343534808875,2.25546176451139,2.33816410281765
"9143752","2007-07-16",18.320780522236,0.475,0.416666666666665,0.280555555555554,4.14597903678873,3.7683542965446,3.95716666666666,0.86058725013261,61.0906425169901,3.8324,3.92164396834359,2.33859025025795,2.33824933230571
"9143751","2007-07-17",19.0501107847009,0.399999999999999,0.458333333333332,0.38611111111111,4.12494738364382,3.82671928302284,3.97583333333333,0.793399581789267,59.1427502869304,3.8612,3.93342477256444,2.31463010596722,2.33352548703801
"9143750","2007-07-18",19.7273460284183,0.512820512820512,0.462606837606836,0.445868945868944,4.11702077635503,3.86564589031163,3.99133333333333,0.879247644161544,60.9314638160195,3.8804,3.94896813622252,2.34931863147365,2.33668411592514
"9143749","2007-07-19",20.5978387311706,0.692307692307692,0.535042735042733,0.485327635327634,4.14145493689148,3.86287839644184,4.00216666666666,1.01870843024604,63.9092296777394,3.9052,3.97177238472618,2.48882253038754,2.36711179881762
"9143748","2007-07-20",20.1563676845531,0.384615384615384,0.529914529914528,0.509188034188033,4.14516656638584,3.86816676694748,4.00666666666666,0.632370733628746,56.025733716676,3.916,3.97553606676269,2.32747709843659,2.35918485874141
"9143747","2007-07-23",18.8770795227173,0.0810810810810805,0.386001386001384,0.483652883652882,4.14540199099402,3.86859800900597,4.007,0.47471134645636,50.4416955216059,3.9248,3.96546459119433,1.9738896917697,2.28212582534707
"9143746","2007-07-24",17.76825051235,0.722222222222221,0.395972895972894,0.437296270629602,4.16756311837829,3.8594368816217,4.0135,0.986272557996098,60.5931537508561,3.9444,3.98873597903509,2.15569447330448,2.25683955493855
"9143745","2007-07-25",17.4214661799055,0.547619047619049,0.450307450307449,0.410760577427242,4.19011665927531,3.85188334072468,4.021,0.950379442173529,58.9671671842487,3.9616,4.00490451516374,2.21141359900621,2.24775436375208
"9143744","2007-07-26",16.1837950892526,0.285714285714286,0.518518518518517,0.454932954932953,4.19406074294757,3.85193925705242,4.02299999999999,0.6763506117585,53.3175420776063,3.9668,4.00425057980858,2.01013707161133,2.20023090532393
"9143743","2007-07-27",15.6921197749481,0.071428571428572,0.301587301587301,0.423471090137756,4.1937519413,3.85391472536665,4.02383333333333,0.351399441755379,49.1668875248231,3.968,3.9916838358341,1.65016540054768,2.09021780436868
"9143742","2007-07-30",14.827628858919,0.0476190476190477,0.134920634920634,0.318342151675484,4.1935403178137,3.85245968218629,4.02299999999999,0.383702964861389,48.7131187799386,3.9664,3.97945932438955,1.3291365612494,1.93800155574483
"9143741","2007-07-31",14.0248872940349,0.450000000000001,0.189682539682539,0.208730158730158,4.19684138671288,3.86915861328711,4.03299999999999,0.704466042872968,56.4961191581524,3.9692,3.99286474780428,1.42293182483459,1.83498760956278
"9143740","2007-08-01",13.8180360533352,0.275,0.257539682539682,0.194047619047618,4.19338911878756,3.88461088121243,4.03899999999999,0.48164810217468,53.1200637391111,3.9712,3.99514944809704,1.33975486621651,1.73594106089353
"9143739","2007-08-02",13.7014264942252,0.25,0.324999999999999,0.257407407407407,4.19168898642725,3.89297768023941,4.04233333333333,0.414075342529818,52.6361568922973,3.9736,3.99579618835077,1.23930055704526,1.63661296012387
"9143738","2007-08-03",14.3674592772318,0,0.174999999999999,0.252513227513227,4.19271485618099,3.89061847715234,4.04166666666666,0.16346280947307,47.5092149214252,3.9732,3.981690029904,0.926482518435212,1.49458687178614
"9143737","2007-08-06",16.140741919253,0,0.0833333333333323,0.194444444444443,4.21670859298266,3.84895807368399,4.03283333333333,-0.151256728220906,39.2705648626146,3.9624,3.94013135925013,0.226207341755247,1.24091096577996
"9143736","2007-08-07",20.102289426576,0,-1.11022302462516e-15,0.08611111111111,4.44199418171349,3.53967248495316,3.99083333333333,-0.502044691946292,20.2191761160959,3.9108,3.75611384468345,-2.65255711453908,0.462217349716155
"9143735","2007-08-08",23.7808692548045,0.235632183908046,0.0785440613026809,0.0539591315453373,4.49649852070801,3.42616814595865,3.96133333333333,-0.0898490300073621,33.1245793527702,3.8748,3.65129866539232,-4.09514631895587,-0.44925538401825
"9143734","2007-08-09",26.5501151739513,0.798850574712644,0.344827586206896,0.141123882503192,4.49740597265584,3.42659402734415,3.96199999999999,0.551051603324017,52.7845893899266,3.8776,3.69112551000668,-3.05406371460292,-0.970217050135183
"9143733","2007-08-10",29.1663820344834,0.781609195402299,0.605363984674329,0.342911877394635,4.48425287107474,3.42241379559192,3.95333333333333,0.487443169458361,52.2779307418852,3.8772,3.72164210867246,-2.27240503500848,-1.23065464710984
"9143732","2007-08-13",30.6904524425618,0.775862068965517,0.785440613026819,0.578544061302681,4.47489463759891,3.42043869573442,3.94766666666666,0.530663522343253,52.0984175895083,3.8764,3.7467564941828,-1.65791670113334,-1.31610705791454
"9143731","2007-08-14",32.5967777223241,0.63905325443787,0.732174839601894,0.707659812434347,4.46309572658584,3.40123760674748,3.93216666666666,0.331584530934745,47.3688724079259,3.8668,3.73252229495842,-1.7346434712448,-1.3998143405806
"9143730","2007-08-15",34.4961504957902,0.628930817610063,0.681282047004482,0.732965833211065,4.44944832672946,3.3722183399372,3.91083333333333,0.267149692815132,46.0353592984535,3.854,3.7095193222973,-1.94823409964208,-1.50949829239289
"9143729","2007-08-16",36.3249886398081,0.60377358490566,0.62391921898453,0.679125368530302,4.42560017567647,3.34406649099018,3.88483333333333,0.261295768849267,45.3479481489723,3.8364,3.68425007932433,-2.18270563481768,-1.64413976087785
"9143728","2007-08-17",37.1349100172581,0.69811320754717,0.643605870020963,0.649602378669992,4.4090709810555,3.33359568561115,3.87133333333333,0.408877497776921,48.4562082224891,3.8212,3.68235006874775,-2.01804723670231,-1.71892125604274
"9143727","2007-08-20",37.8869798677474,0.773584905660377,0.691823899371068,0.653116329458854,4.39835814826504,3.32930851840162,3.86383333333333,0.487060157969379,50.8638225335409,3.8112,3.69670339291472,-1.60614013859701,-1.6963650325536
"9143726","2007-08-21",38.5853304432018,0.792452830188679,0.754716981132074,0.696715583508035,4.36562193354736,3.33237806645263,3.84899999999999,0.517098254564382,51.4740743388127,3.8036,3.71314294052609,-1.20096394119888,-1.59728481428265
"9143725","2007-08-22",39.2337988346952,0.836477987421384,0.800838574423479,0.749126484975541,4.33172702713832,3.33993963952834,3.83583333333333,0.574780812493896,52.9426510298859,3.7972,3.73672388178928,-0.720864428279788,-1.42200073708208
"9143724","2007-08-23",40.1665489784978,0.754716981132075,0.794549266247378,0.783368273934311,4.30476702455739,3.3392329754426,3.82199999999999,0.484119324070047,49.9210540049336,3.7828,3.73982736421737,-0.614730253586793,-1.26054664038302
"9143723","2007-08-24",41.0574575942764,0.748427672955975,0.779874213836477,0.791754018169112,4.29111989656005,3.33554677010661,3.81333333333333,0.486046768202018,49.6861407855768,3.7728,3.74118371565506,-0.545880398116039,-1.11761339192963
"9143722","2007-08-27",41.8847298803565,0.669491525423728,0.724212059837259,0.766211846640371,4.27508485799058,3.33224847534275,3.80366666666666,0.485504731342378,49.939829250439,3.7672,3.74369255356772,-0.464404267493812,-0.986971567042464
"9143721","2007-08-28",42.6812065573473,0.365079365079365,0.594332854486355,0.69947304272003,4.23906498793563,3.33626834539769,3.78766666666666,0.491507869762221,49.6701217660762,3.7516,3.74453354642535,-0.416568241166693,-0.87289090186731
"9143720","2007-08-29",43.5927976512482,0.283333333333333,0.439301407945475,0.585948774089696,4.20993335364615,3.33473331302051,3.77233333333333,0.447821452757226,47.9952553083233,3.7348,3.73726240690197,-0.502245199725071,-0.798761761438862
"9143719","2007-08-30",44.4392750955848,0.3,0.316137566137565,0.449923942856465,4.18084580034136,3.33415419965864,3.7575,0.45570996574224,48.308108662959,3.7228,3.73229408598171,-0.54254046472777,-0.747517502096644
"9143718","2007-08-31",44.5049626911569,0.5,0.36111111111111,0.372183361731383,4.16450451623396,3.3341621504327,3.74933333333333,0.53291814853619,49.9300302867124,3.7164,3.73465487451748,-0.461174243159745,-0.690248850309264
"9143717","2007-09-04",44.1673521345209,0.543478260869565,0.447826086956521,0.375024921401732,4.16523929274064,3.33442737392601,3.74983333333333,0.564394839299292,50.5977570491118,3.7112,3.73936755791515,-0.349495446495351,-0.622098169546481
"9143716","2007-09-05",43.8538566176446,0.565217391304347,0.53623188405797,0.448389694041867,4.06901236722093,3.50298763277906,3.786,0.542400973914453,50.9499781315409,3.6992,3.7447852168598,-0.236762393038581,-0.545031014244901
"9143715","2007-09-06",43.2401216371798,0.741935483870968,0.616877045348292,0.533645005454261,4.00907389341841,3.61992610658158,3.8145,0.719710873072126,55.0880368473553,3.6948,3.76548052127849,0.108770521119217,-0.414270707172078
"9143714","2007-09-07",43.0175089573581,0.5,0.602384291725104,0.585164407043789,3.97872693981442,3.63393972685224,3.80633333333333,0.636315960201114,52.3154274020118,3.688,3.77408311844136,0.229115702140814,-0.285593425309499
"9143713","2007-09-10",43.1726738488211,0.222222222222222,0.488052568697729,0.569104635257042,3.95976548159961,3.63723451840038,3.7985,0.452976090989149,49.2637706522685,3.6824,3.77087203598251,0.15168110083883,-0.198138520079834
"9143712","2007-09-11",43.316755533751,0.230769230769231,0.317663817663817,0.46936689269555,3.92678738681152,3.65054594652181,3.78866666666666,0.480693217760031,49.2637706522685,3.6856,3.76808909785151,0.0892463908756413,-0.140661537888739
"9143711","2007-09-12",42.8512528429882,0.714285714285714,0.389092389092388,0.398269591817978,3.93446905550887,3.65353094449112,3.794,0.734927186492807,52.8520834977372,3.7368,3.77767721813798,0.229524204078646,-0.0666243894952617
"9143710","2007-09-13",41.8465295772291,0.615384615384615,0.520146520146519,0.408967575634241,3.93645896143931,3.67387437189402,3.80516666666666,0.797681851025723,53.247738724386,3.772,3.78732025571958,0.357514540277104,0.0182033964592115
"9143709","2007-09-14",40.9135722590242,0.615384615384615,0.648351648351647,0.519196852530185,3.92490390284945,3.71109609715055,3.818,0.805570384204516,53.247738724386,3.768,3.79567755495697,0.453353126234557,0.105233342414281
"9143708","2007-09-17",40.3095017217578,0.461538461538462,0.564102564102563,0.577533577533576,3.92827510176963,3.7160582315637,3.82216666666666,0.662569544855345,51.2524825387869,3.7636,3.79758721429604,0.439104880607011,0.172007650052827
"9143707","2007-09-18",40.1194798883573,0.230769230769231,0.435897435897435,0.549450549450548,3.92538957493792,3.7139437583954,3.81966666666666,0.406989568352566,48.3272174423267,3.7572,3.7912422523899,0.296890309095765,0.196984181861414
"9143706","2007-09-19",40.9062806584839,0,0.23076923076923,0.410256410256409,3.9293140470558,3.6916859529442,3.8105,-0.0351499667667327,40.1093461686439,3.7536,3.75907661873791,-0.241004552990054,0.109386434891121
"9143705","2007-09-20",41.6368813736013,0.574999999999999,0.268589743589742,0.311752136752136,3.91502785867024,3.69563880799643,3.80533333333333,0.506077483489902,50.5279589199005,3.7624,3.76186640290619,-0.173466192450833,0.05281590942273
"9143704","2007-09-21",41.799590952657,0.7,0.424999999999999,0.308119658119657,3.91934278566959,3.69599054766374,3.80766666666666,0.704460304827895,52.4639390033187,3.7748,3.7709508825187,-0.0127211803326754,0.0397084914716489
"9143703","2007-09-24",42.0995081879816,0.624999999999999,0.633333333333332,0.442307692307691,3.92215172740314,3.69718160593019,3.80966666666666,0.634832719717323,51.1700621756695,3.78,3.77482409818287,0.0497111228706881,0.0417090177514567
"9143702","2007-09-25",42.3780027636402,0.674999999999999,0.666666666666665,0.574999999999999,3.92648533629755,3.69918133036912,3.81283333333333,0.678175478406455,52.0196127038395,3.7812,3.78084755175849,0.140205266592619,0.0614082675196892
"9143701","2007-09-26",42.9889679904273,0.5,0.599999999999999,0.633333333333332,3.92658551658406,3.70074781674927,3.81366666666666,0.424724702685005,48.8182285777776,3.7784,3.77673454485736,0.0617305481422026,0.0614727236441919
"9143700","2007-09-27",43.261550897829,0.724999999999999,0.633333333333332,0.633333333333332,3.92794042276743,3.71305957723257,3.8205,0.699335279171663,52.8370677271514,3.7764,3.78516993887638,0.18943120911008,0.0870644207373696
"9143699","2007-09-28",43.5146635975591,0.774999999999999,0.666666666666665,0.633333333333332,3.92787673536927,3.72878993129739,3.82833333333333,0.742775173164584,53.7069751566778,3.7804,3.79514728035953,0.329077036359093,0.135466943861714
"9143698","2007-10-01",43.1243801935883,0.774999999999999,0.758333333333332,0.68611111111111,3.93403554923681,3.73396445076318,3.834,0.779900497509305,53.7069751566778,3.7848,3.80379430964492,0.434337692861875,0.195241093661746
"9143697","2007-10-02",41.0592618529189,0.641509433962264,0.730503144654087,0.718501048218028,3.95304421146393,3.72995578853606,3.8415,1.00129599674248,55.1462111169835,3.79,3.81528840169227,0.57424682264442,0.271042239458281
"9143696","2007-10-03",39.1416519651545,0.830188679245283,0.748899371069181,0.745911949685533,3.98582296808999,3.71784369857667,3.85183333333333,1.11509733059835,59.6494905252358,3.7996,3.83858328146663,0.884677769525144,0.393769345471654
"9143695","2007-10-04",38.2489089146533,0.622641509433962,0.698113207547169,0.725838574423479,3.99119888511424,3.71613444821909,3.85366666666666,0.801747477561562,53.3091982470354,3.8072,3.84410551060441,0.888175066242014,0.492650489625726
"9143694","2007-10-05",37.0506719957805,0.905660377358491,0.786163522012578,0.744392033542976,4.02455092266871,3.70211574399795,3.86333333333333,1.06858973666933,59.613311944511,3.8204,3.86889144252383,1.19022498259285,0.63216538821915
"9143693","2007-10-08",35.9380234282558,0.803571428571428,0.777291105121293,0.75385594489368,4.04943074186032,3.70256925813967,3.876,0.963201232213103,57.928695131697,3.8304,3.88637258352065,1.3493925991737,0.775610830410061
"9143692","2007-10-09",34.9048497584114,0.722222222222221,0.810484676050712,0.791313101061528,4.07144146702131,3.70655853297868,3.889,0.922966707769635,58.3511923764283,3.84,3.90285623905123,1.47777886779428,0.916044437886904
"9143691","2007-10-10",34.0392048345383,0.694444444444444,0.740079365079363,0.775951715417123,4.09061732298669,3.70504934367997,3.89783333333333,0.860074852644582,57.7268818155749,3.8488,3.91580874051106,1.53998129960582,1.04083181023069
"9143690","2007-10-11",33.4270029557177,0.638888888888888,0.685185185185183,0.745249742105086,4.10392444963221,3.70507555036778,3.9045,0.781225965205198,56.4265648249408,3.852,3.92436757510959,1.52980561152016,1.13862657048858
"9143689","2007-10-12",32.8585297825272,0.749999999999998,0.694444444444442,0.706569664902996,4.11938394393861,3.70494938939471,3.91216666666666,0.800409313448827,58.4427597452184,3.8596,3.93711856509498,1.5849407231892,1.22788940102871
"9143688","2007-10-15",32.4357954364396,0.722222222222221,0.703703703703701,0.694444444444442,4.13198632973662,3.70934700359671,3.92066666666666,0.750804867043803,57.7236597811262,3.87,3.94683608974898,1.58911262875607,1.30013404657418
"9143687","2007-10-16",31.3323908832599,0.592592592592592,0.688271604938269,0.695473251028805,4.14147018379786,3.7231964828688,3.93233333333333,0.741468683724713,56.9687759507202,3.88,3.95392461111578,1.55363495110448,1.35083422748024
"9143686","2007-10-17",30.135064864723,0.559999999999999,0.624938271604937,0.672304526748969,4.1296292478041,3.7703707521959,3.95,0.741237626183201,56.9687759507202,3.8864,3.96006799630035,1.50783682949021,1.38223474788223
"9143685","2007-10-18",29.0232621332244,0.68,0.610864197530863,0.641358024691356,4.13411336383374,3.79021996949959,3.96216666666666,0.755408608541027,58.8415108765872,3.8936,3.9693922634603,1.51476199342884,1.40874019699155
"9143684","2007-10-19",27.7992754368709,0.652173913043479,0.630724637681158,0.622175702272319,4.14086462160388,3.80346871172944,3.97216666666666,0.740568021991962,58.8415108765872,3.9008,3.97747329499893,1.50245443763442,1.42748304512013
"9143683","2007-10-22",28.1246468553692,0.130434782608696,0.487536231884057,0.57637502236536,4.13572549994637,3.82027450005362,3.978,0.43237195843227,48.9573487775708,3.9048,3.96847685566574,1.2348802666627,1.38896248942864
"9143682","2007-10-23",27.8703507920523,0.347826086956521,0.376811594202898,0.498357487922705,4.13247498843706,3.83819167822959,3.98533333333333,0.549838594843628,52.5350380770178,3.9132,3.96734660824364,1.11164444530796,1.3334988806045
"9143681","2007-10-24",27.7457067681644,0.2,0.226086956521738,0.363478260869565,4.11400513527668,3.87599486472331,3.99499999999999,0.47899250318749,51.7537239410566,3.9292,3.96503372714449,0.98234323351345,1.26326775118629
"9143680","2007-10-25",28.5915076772588,0,0.182608695652173,0.26183574879227,4.10640537802665,3.88926128864001,3.99783333333333,0.141559051627059,44.6090234180665,3.932,3.94969589685856,0.668260699021306,1.1442663407533
"9143679","2007-10-26",29.3768942357036,0,0.0666666666666657,0.158454106280192,4.10421397468851,3.89278602531148,3.9985,-0.0131771855125431,44.6090234180665,3.9328,3.93640311061075,0.413980021021931,0.998209076807023
"9143678","2007-10-29",29.6228311788951,0,-9.80697005085555e-16,0.0830917874396125,4.14112670196581,3.84020663136751,3.99066666666666,-0.355155100893352,24.9976741549856,3.9152,3.85954936252931,-0.796456076863072,0.639276046073004
"9143677","2007-10-30",29.8512011975729,0.392857142857143,0.13095238095238,0.0658730158730148,4.15087166225934,3.81746167107398,3.98416666666666,0.0176109367283099,47.3717449890207,3.9144,3.85160944752541,-0.83529902183539,0.344361032491325
"9143676","2007-10-31",30.477042518122,0.392857142857143,0.261904761904761,0.13095238095238,4.15162203224957,3.80004463441708,3.97583333333333,0.142089240920769,47.3717449890207,3.9164,3.84472818785535,-0.856464146699454,0.104195996653169
"9143675","2007-11-01",31.0581808872034,0.392857142857143,0.392857142857142,0.261904761904761,4.15687208899284,3.78412791100715,3.9705,0.123065876550346,47.3717449890207,3.9148,3.83876442947464,-0.86348656543983,-0.0893405157654306
"9143674","2007-11-02",30.5965286333268,0.3125,0.366071428571427,0.340277777777777,4.15705091170617,3.75761575496049,3.95733333333333,0.0643848643228431,44.0171788073526,3.9088,3.82159583887802,-1.04724901333303,-0.28092221527895
"9143673","2007-11-05",29.9575515380304,0.294642857142857,0.333333333333332,0.3640873015873,4.16162591232038,3.72204075434628,3.94183333333333,0.0105233587542081,43.2836568865341,3.902,3.80404972702762,-1.22252240549292,-0.469242253321744
"9143672","2007-11-06",29.3642156638265,0.321428571428572,0.309523809523809,0.336309523809523,4.15718736329829,3.6968126367017,3.92699999999999,0.108290110392298,44.7704093269672,3.8952,3.79284309675727,-1.28396719153023,-0.632187240963442
"9143671","2007-11-07",28.4701627177261,0.294642857142857,0.303571428571428,0.315476190476189,4.15159697115031,3.67140302884968,3.9115,0.115086078662752,43.5412284362301,3.8832,3.7791306838563,-1.38150148607765,-0.782050089986284
"9143670","2007-11-08",28.0330455598715,0.357142857142857,0.324404761904761,0.312499999999999,4.14073520621875,3.65959812711458,3.90016666666666,0.271028525027041,47.1849399225971,3.8784,3.77657992600879,-1.29474109467953,-0.884588290924933
"9143669","2007-11-09",27.6271510561495,0.392857142857143,0.348214285714285,0.325396825396824,4.12390566262795,3.65376100403871,3.88883333333333,0.332321112463805,49.2023885460853,3.8692,3.77970260254095,-1.12745324308385,-0.933161281356717
"9143668","2007-11-12",26.6272909714876,0.348214285714286,0.366071428571427,0.346230158730158,4.10708657321411,3.64624676011922,3.87666666666666,0.297471202180808,46.7960928409276,3.8592,3.77574225553549,-1.08917323608876,-0.964363672303126
"9143667","2007-11-13",26.8536755605724,0.223214285714286,0.32142857142857,0.345238095238094,4.08796361555692,3.63603638444308,3.862,0.230045034685542,40.7819527336595,3.8432,3.75364328813076,-1.34406211084434,-1.04030336001137
"9143666","2007-11-14",30.8840549994737,0.364238410596027,0.311888994008198,0.333129664669399,4.49841608920293,3.3319172441304,3.91516666666666,1.51571753657387,67.8216996311409,3.8616,3.84782418304666,0.258486239839928,-0.780545440041108
"9143665","2007-11-15",34.6265501927391,0.59271523178808,0.39338930936613,0.342235624934299,4.8415685459173,3.12043145408269,3.981,1.30508791149789,77.0019481324043,3.9084,4.0214476253071,2.85765366387212,-0.0529056192584634
"9143664","2007-11-16",38.1017243007713,0.563176895306859,0.506710179230321,0.403996160868216,5.08653123453418,3.00280209879914,4.04466666666666,1.11524311294317,77.204948813987,3.9544,4.17458794193282,4.79608887215293,0.916893279023814
"9143663","2007-11-19",40.8739925888357,0.530685920577617,0.562192682557518,0.487430723717989,5.26324084380759,2.95075915619241,4.107,0.974093844377192,74.0378791679435,3.9972,4.29530954967511,6.01674775228402,1.93686417367586
"9143662","2007-11-20",42.6143745731817,0.469314079422383,0.521058965102286,0.529987275630041,5.38547959421039,2.93385373912293,4.15966666666666,0.864520004066767,68.3355744724283,4.0336,4.3772682763851,6.55097683062817,2.85968670506632
"9143661","2007-11-21",42.3617376715473,0.306859205776173,0.435619735258723,0.506290460972842,5.43264197879504,2.95169135453828,4.19216666666666,0.680508765049485,56.0331719305425,4.052,4.38829917286709,6.06937865856993,3.50162509576704
"9143660","2007-11-23",42.1271462628868,0.357400722021661,0.377858002406738,0.444845567589249,5.48562487191629,2.97804179475037,4.23183333333333,0.692017566390741,58.5342802291724,4.0748,4.41652594981814,5.87331132198046,3.97596234100973
"9143659","2007-11-26",42.5459802756732,0.393501805054152,0.352587244283994,0.388688327316485,5.56111613525582,3.00555053141084,4.28333333333333,0.749129455220705,60.2726938915584,4.1016,4.45432248984239,5.82694374865373,4.34615862253853
"9143658","2007-11-27",42.9348975732606,0.393501805054152,0.381468110709987,0.370637785800239,5.60476450896777,3.06656882436555,4.33566666666666,0.675058737995992,60.2726938915584,4.1332,4.48707949119674,5.71842685971546,4.62061226997392
"9143657","2007-11-28",43.4263719860159,0.404332129963899,0.3971119133574,0.377055756117127,5.64966591928229,3.12233408071771,4.386,0.67567934420997,60.8438496075776,4.164,4.51946889237051,5.61625921176454,4.81974165833204
"9143656","2007-11-29",43.8827410835744,0.465703971119134,0.421179302045727,0.399919775371038,5.7001551586776,3.18017817465572,4.44016666666666,0.695702845618684,64.0021559467502,4.202,4.57020637338777,5.76275142337876,5.00834361134139
"9143655","2007-11-30",44.3065123884502,0.465703971119134,0.445246690734054,0.421179302045727,5.73975401461243,3.2505793187209,4.49516666666666,0.6746897612494,64.0021559467502,4.244,4.61417885693607,5.80230732785185,5.16713635464348
"9143654","2007-12-03",44.7516193236486,0.469314079422383,0.466907340553549,0.444444444444443,5.76778519871678,3.33888146794988,4.55333333333333,0.661938626200367,64.1991567358441,4.2864,4.65362167601126,5.77680507411655,5.28907009853809
"9143653","2007-12-04",45.2364865211912,0.239583333333333,0.391533794624949,0.434562608637517,5.78024134114625,3.45042532552041,4.61533333333333,0.650798745899667,64.4089141862647,4.3488,4.68913878587643,5.70181315762266,5.37161871035501
"9143652","2007-12-05",45.8825891712066,0.365671641791045,0.358189684848919,0.405543606675806,5.78509990756927,3.57323342576406,4.67916666666666,0.655600109454066,65.0701058165197,4.3948,4.7239202810929,5.62335489328385,5.42196594694078
"9143651","2007-12-06",47.2019262662064,0.475409836065574,0.360221603729983,0.369981694401284,5.79677971479542,3.71422028520457,4.7555,0.739048800365395,67.0478744351884,4.4444,4.76606424361385,5.64269967128468,5.46611269180956
"9143650","2007-12-07",48.4270249972776,0.836065573770493,0.559049017209036,0.425820101929313,5.83374389157715,3.84992277508952,4.84183333333333,0.840168439444849,74.6152589183654,4.5116,4.86125567779867,6.3072826082337,5.63434667509438
"9143649","2007-12-10",49.9896586859954,0.627450980392157,0.64630879674274,0.52185980589392,5.85734214234357,4.00632452432309,4.93183333333333,0.866375046927924,72.18099052047,4.58,4.93575492075885,6.63324046772986,5.83412543362148
"9143648","2007-12-11",51.45016618708,0.681818181818182,0.715111578660276,0.640156464204017,5.84303374079959,4.20963292586707,5.02633333333333,0.89610608375185,73.5736774040394,4.6528,5.01232093132433,6.93780370023702,6.05486108694459
"9143647","2007-12-12",52.8063517238015,0.735714285714286,0.681661149308207,0.681027174903741,5.75471903218665,4.49694763448002,5.12583333333333,0.98034695952562,75.3459233240755,4.7292,5.09467814048109,7.26578868049821,6.29704660565531
"9143646","2007-12-13",53.1865204790163,0.600000000000001,0.672510822510822,0.689761183493101,5.81006724840438,4.49026608492895,5.15016666666667,0.83073163752225,69.1070745587024,4.8008,5.14605438841694,7.19088061278614,6.47581340708148
"9143645","2007-12-14",53.7553449920773,0.638461538461539,0.658058608058607,0.670743526625878,5.85759018996644,4.47307647670022,5.16533333333333,0.864508247069726,69.9988310994486,4.8716,5.19724713662802,7.11772334467196,6.60419539459958
"9143644","2007-12-17",52.1074053429391,0.275590551181102,0.504684029880879,0.611751153483436,5.85511053947815,4.47288946052185,5.164,0.598392364340655,54.6960484031079,4.9228,5.18161418507762,6.2884518422077,6.5410466841212
"9143643","2007-12-18",50.2511145986412,0.0909090909090906,0.334987060183909,0.499243232707798,5.84928828411069,4.46504504922264,5.15716666666667,0.434621316746173,52.4987417309287,4.9728,5.1573989604006,5.44530142058466,6.32189763141389
"9143642","2007-12-19",48.7644146040787,0.0454545454545453,0.137318062514911,0.3256630508599,5.8495791922536,4.46608747441307,5.15783333333333,0.434103930301104,51.1165727206904,5.0264,5.12974576568052,4.64592854510777,5.98670381415267
"9143641","2007-12-20",47.5260429919674,0.155963302752294,0.0974423130386418,0.189915811912487,5.83418120387361,4.53481879612639,5.1845,0.491406041455344,54.472727065513,5.0512,5.12311299692312,4.16917399656611,5.62319785063536
"9143640","2007-12-21",46.5895334670732,0.333333333333334,0.178250393846723,0.137670256466759,5.83083457509131,4.60049875824202,5.21566666666667,0.598347132825788,59.1225402469657,5.0564,5.14403126400004,4.05875762915653,5.31030980633959
"9143639","2007-12-24",45.9740023189131,0.314285714285715,0.267860783457113,0.181184496780826,5.8415451074595,4.63512155920716,5.23833333333333,0.611900998779049,59.1225402469657,5.0608,5.16216042880003,3.92412458195364,5.0330727614624
"9143638","2007-12-26",45.4719097464308,0.485714285714286,0.377777777777777,0.274629651693871,5.84953342897995,4.69946657102004,5.2745,0.698973939427539,63.0604629874975,5.076,5.20187237162669,4.04834927701951,4.83612806457382
"9143637","2007-12-27",44.3289723555438,0.361904761904762,0.387301587301586,0.344313382845492,5.8408399061358,4.76316009386419,5.302,0.572377712852937,58.6648750559294,5.0928,5.2189560554098,3.89679887303029,4.64826222626512
"9143636","2007-12-28",43.215730400657,0.352380952380953,0.399999999999999,0.388359788359787,5.83499769347141,4.81133563986192,5.32316666666666,0.532725644055945,58.3280698823678,5.1272,5.23242858135516,3.71716787146941,4.46204335530598
"9143635","2007-12-31",42.0720867405568,0.333333333333333,0.349206349206348,0.378835978835978,5.82234156801087,4.8643250986558,5.34333333333333,0.489561766086621,57.6156180497912,5.1552,5.24143810384114,3.50283225830657,4.27020113590609
"9143634","2008-01-02",41.3539194018122,0.4,0.361904761904761,0.370370370370369,5.80957906563128,4.92275426770205,5.36616666666666,0.541909818888077,58.9650665886454,5.1812,5.25591302332899,3.37029260923793,4.09021943057246
"9143633","2008-01-03",41.3634028955797,0.45,0.394444444444443,0.368518518518517,5.80171280899577,4.98595385767089,5.39383333333333,0.654661700569466,60.3254071109791,5.2092,5.27512462021846,3.30259846554304,3.93269523756658
"9143632","2008-01-04",42.2451462598138,0.44,0.429999999999999,0.395449735449734,5.82546799057335,5.03319867609331,5.42933333333333,0.883707906445319,62.9694514100058,5.24,5.30510800418933,3.36070754625672,3.81829769930461
"9143631","2008-01-07",43.5657328108096,0.68125,0.523749999999999,0.449398148148147,5.99045356932876,4.96387976400457,5.47716666666666,1.21386326977427,73.3123973395761,5.2856,5.40309360363075,4.16481503410575,3.88760116626484
"9143630","2008-01-08",44.7919917510199,0.6875,0.602916666666666,0.518888888888888,6.11567365706036,4.90765967627297,5.51166666666666,1.07532446731039,73.4602306073303,5.3316,5.48934778981332,4.73984343324116,4.0580496196601
"9143629","2008-01-09",44.2542511633419,0.475,0.614583333333332,0.580416666666665,6.14127298556244,4.90406034777089,5.52266666666666,0.748407851605795,61.0729704720104,5.3636,5.51876808450488,4.63275745573546,4.17299118687517
"9143628","2008-01-10",43.0402366081971,0.312925170068027,0.491808390022675,0.569769463340891,6.14658609918476,4.90374723414857,5.52516666666666,0.659446789315604,55.9892430738784,5.3884,5.52159900657089,4.24949728589283,4.18829240667871
"9143627","2008-01-11",42.0301936817968,0.47244094488189,0.420122038316638,0.508837920557548,6.18213185560094,4.89186814439906,5.537,0.83300685971121,62.6801864582536,5.4256,5.56938580569477,4.38768744093594,4.22817141353015
"9143626","2008-01-14",39.4098564958017,0.110236220472441,0.298534111807452,0.403488180048921,6.18398029568969,4.89268637097697,5.53833333333333,0.558081276899594,51.3137169879815,5.4408,5.5494676982688,3.78522459753268,4.13958205033066
"9143625","2008-01-15",36.806118220664,0,0.194225721784776,0.304293957302955,6.17057338468051,4.86875994865282,5.51966666666666,0.328700492844466,47.297728651669,5.4304,5.50553867183296,2.98183706613064,3.90803305349066
"9143624","2008-01-16",35.029119107594,0,0.0367454068241458,0.176501746805458,6.18087260136592,4.83679406530074,5.50883333333333,0.183426236947688,42.9534020760354,5.4128,5.4354668489219,1.96544464561987,3.5195153719165
"9143623","2008-01-17",33.7475334931931,0,-1.11484895389443e-15,0.0769903762029735,6.19136757020756,4.81529909645909,5.50333333333333,0.102732947454629,40.4525240802444,5.3856,5.35473793573231,0.916396602514968,2.99889161803619
"9143622","2008-01-18",32.9526373054436,0,-1.11484895389443e-15,0.0122484689413813,6.21588425214157,4.76744908119175,5.49166666666666,0.0454865039616359,37.7686118648879,5.3468,5.26210621096801,-0.184492003590431,2.36221489371087
"9143621","2008-01-22",32.5646313472334,0,-1.11484895389443e-15,-1.0547118733939e-15,6.27976880644574,4.64356452688758,5.46166666666666,-0.0429232427953396,35.3887915925106,5.3076,5.1604920495056,-1.30834293089576,1.62810332878954
"9143620","2008-01-23",32.4160395882999,0,-1.11484895389443e-15,-1.0547118733939e-15,6.33368047678199,4.509319523218,5.4215,0.0131628612574811,33.9489834930216,5.2624,5.05909310957152,-2.35262445135535,0.831957772760566
"9143619","2008-01-24",31.2549830961606,0.181395348837209,0.0604651162790686,0.0201550387596889,6.33868146267951,4.45565187065382,5.39716666666666,0.228894329562384,43.5885107302901,5.2508,5.02321402829532,-2.53899098920577,0.157768020367299
"9143618","2008-01-25",29.7138102101183,0.232558139534884,0.13798449612403,0.0661498708010325,6.32743914480717,4.41722752185948,5.37233333333333,0.308572693059843,45.9830346129354,5.2468,5.00678549118928,-2.48264283521693,-0.370314150749547
"9143617","2008-01-28",27.6632785003034,0.150943396226415,0.188298961532835,0.128916191311978,6.3233718995894,4.37862810041059,5.351,0.295517195203511,42.7827760227786,5.2376,4.96854742569738,-2.70072201123579,-0.836395722846795
"9143616","2008-01-29",26.4325933058476,0.551724137931035,0.311741891230777,0.212675116295881,6.33116706593649,4.38316626739684,5.35716666666666,0.563056100092681,54.8221773498648,5.2488,5.02074110227106,-1.81461178506388,-1.03203893529021
"9143615","2008-01-30",25.0715277926555,0.511494252873563,0.404720595677003,0.301587149480205,6.33277897407059,4.38488769259607,5.35883333333333,0.504021442781656,53.496296270241,5.2492,5.05664228863492,-1.21491801718381,-1.06861475166893
"9143614","2008-01-31",23.3831698008238,0.390804597701149,0.484674329501915,0.400378938803232,6.32620331668439,4.3767966833156,5.3515,0.451352718458002,49.6192214943277,5.2412,5.05975665015026,-1.06404311427698,-1.06770042419054
"9143613","2008-02-01",21.7597983441222,0.71875,0.540349616858236,0.476581514012385,6.33227096987764,4.37739569678902,5.35483333333333,0.61859239130231,57.1110690171786,5.2448,5.12512243013023,-0.197119189419404,-0.893584177236314
"9143612","2008-02-04",20.2841028258824,0.840909090909091,0.650154562870079,0.558392836410077,6.31335832439268,4.37930834227398,5.34633333333333,0.612199789046965,56.3431559776404,5.252,5.1764394394462,0.41454871988722,-0.631957597811607
"9143611","2008-02-05",19.4361758419988,0.712121212121212,0.7572601010101,0.649254760246138,6.18923043425824,4.42276956574176,5.306,0.555100758283471,53.0767533533415,5.2528,5.1982475141867,0.62392475400197,-0.380781127448892
"9143610","2008-02-06",19.0243196333608,0.613636363636364,0.722222222222221,0.709878962034133,6.03959549917568,4.47840450082431,5.259,0.504910780727512,50.658190739156,5.2492,5.19981451229514,0.581015102057836,-0.188421881547546
"9143609","2008-02-07",19.3203570072736,0.416666666666667,0.58080808080808,0.686763468013467,5.95941020621734,4.47925646044932,5.21933333333333,0.376589396750889,46.1306986825152,5.2332,5.16650591065579,0.140917256890538,-0.122554053859929
"9143608","2008-02-08",19.5952488544785,0.431818181818182,0.487373737373736,0.596801346801346,5.89136575311147,4.47930091355519,5.18533333333333,0.399438045603757,46.5266001854554,5.216,5.14030512256835,-0.17655494571005,-0.133354232229954
"9143607","2008-02-11",19.8505055697401,0.477272727272727,0.441919191919191,0.503367003367003,5.74978826689665,4.53187839977001,5.14083333333333,0.447314108869116,47.7668187362476,5.1972,5.12559777289257,-0.331141195310569,-0.172911624846077
"9143606","2008-02-12",20.3101656663216,0.23,0.379696969696969,0.436329966329966,5.68146333993624,4.53886999339708,5.11016666666666,0.403581911271975,46.2273089351925,5.1536,5.1021847365069,-0.574007977571078,-0.253130895391077
"9143605","2008-02-13",21.2082476418899,0.0499999999999998,0.252424242424242,0.358013468013467,5.66359349540461,4.51073983792871,5.08716666666666,0.282713097733106,42.8786962847577,5.1024,5.05789343830598,-1.04259388264915,-0.411023492842691
"9143604","2008-02-14",21.207739877266,0.0800000000000001,0.119999999999999,0.25070707070707,5.66004002825539,4.49762663841127,5.07883333333333,0.360491398255133,43.6118375697698,5.066,5.02350764653185,-1.35444612879903,-0.599708020033958
"9143603","2008-02-15",21.2072683815439,0.178947368421053,0.10298245614035,0.15846889952153,5.66048572779375,4.50051427220625,5.0805,0.421980838783519,47.0286568925141,5.042,5.01237329366093,-1.36247171940197,-0.75226075990756
"9143602","2008-02-19",20.7869003031513,0.277777777777778,0.178908382066276,0.133963612735542,5.66135801782557,4.52364198217442,5.0925,0.4831533826842,48.932897931065,5.0076,5.01339018783948,-1.22597100112687,-0.847002808151422
"9143601","2008-02-20",19.501615995894,0.255555555555556,0.237426900584795,0.173105912930474,5.63693289886849,4.60373376779818,5.12033333333333,0.509356053809933,48.4638432451104,4.9908,5.01160482946088,-1.13689244267462,-0.904980735056061
"9143600","2008-02-21",18.3081377105837,0.411111111111111,0.314814814814814,0.243716699155295,5.59599735848266,4.712669308184,5.15433333333333,0.566792852304479,51.9369385152367,4.9876,5.02872418553276,-0.831460237372639,-0.890276635519377
"9143599","2008-02-22",17.6298058605528,0.28888888888889,0.318518518518518,0.290253411306042,5.59002984239855,4.73830349093478,5.16416666666666,0.405094713584462,49.1350832506179,4.9896,5.0288942941284,-0.757414428227199,-0.863704194060941
"9143598","2008-02-25",16.9999262855241,0.355263157894737,0.351754385964912,0.328362573099415,5.58948098678614,4.74651901321385,5.168,0.399560514802506,49.4023174126489,4.998,5.03037505491128,-0.67489713565857,-0.825942782380467
"9143597","2008-02-26",15.8912655440473,0.483870967741937,0.37600767150852,0.348760191997317,5.58809606438182,4.76823726895151,5.17816666666666,0.473775972009043,50.2468189203278,5.0144,5.03565838092311,-0.554989931588756,-0.771752212222125
"9143596","2008-02-27",15.4751360904526,0.492957746478873,0.444030624038515,0.390597560503982,5.55347805445575,4.77885527887757,5.16616666666666,0.595315211043501,51.6939399438442,5.0392,5.04690393013336,-0.375656086242437,-0.692532987026187
"9143595","2008-02-28",15.6399452165104,0.639534883720931,0.538787865980579,0.452942053842538,5.56290974713618,4.77509025286382,5.169,0.822831987761667,57.0724807259816,5.076,5.08331673944891,0.0834328275569174,-0.537339824109566
"9143594","2008-02-29",15.7929822621355,0.755813953488372,0.629435527896058,0.537418005971718,5.59677061176862,4.76422938823138,5.1805,0.867749557632534,59.5005794790951,5.1012,5.12820784085572,0.595070778724227,-0.310857703542808
"9143593","2008-03-03",14.8635494951737,0.500000000000001,0.631782945736434,0.600002113204357,5.54223656574104,4.78909676759228,5.16566666666666,0.665086659394379,52.4691739639609,5.1132,5.13778012874163,0.64508802793839,-0.119668557246568
"9143592","2008-03-04",14.0340890325318,0.383720930232558,0.546511627906976,0.602576700513156,5.47407961250955,4.81525372082378,5.14466666666666,0.497976197732729,49.5999516130203,5.1284,5.13274277824274,0.521716645671622,0.00860848333706966
"9143591","2008-03-05",13.0379528817116,0.397590361445783,0.42710376389278,0.53513277917873,5.44152939975124,4.82547060024875,5.1335,0.575479808157202,50.4749175056455,5.1192,5.13237707447705,0.465686283771061,0.100024043423868
"9143590","2008-03-06",12.8327111427999,0.0289855072463762,0.270098932974905,0.414571441591554,5.42641007803221,4.81825658863445,5.12233333333333,0.37009858304319,45.6397071814647,5.106,5.10939346454677,0.151816636040869,0.110382561947268
"9143589","2008-03-07",12.879025579079,0,0.142191956230719,0.279798217699468,5.42884903341949,4.80781763324717,5.11833333333333,0.239680366207242,44.0363222219447,5.0988,5.08147433594054,-0.190987335373072,0.0501085824832001
"9143588","2008-03-10",14.899262447396,0,0.00966183574879111,0.140650908318138,5.50764950749535,4.67235049250464,5.09,-0.234267995443709,30.4181345620849,5.0444,4.96261109114847,-1.59153868475964,-0.278220870965368
"9143587","2008-03-11",16.7751966822617,0.055555555555555,0.0185185185185174,0.0567907701660093,5.57513023376643,4.5352030995669,5.05516666666666,-0.149244206120619,32.9347795271844,4.9948,4.870262945662,-2.57016659268159,-0.736610015308612
"9143586","2008-03-12",15.788294480318,0.319444444444445,0.124999999999999,0.0510601180891027,5.57444397482838,4.52288935850495,5.04866666666666,0.330092832180852,43.405537411833,4.9672,4.84089455290707,-2.69600252864025,-1.12848851797494
"9143585","2008-03-13",15.972869067623,0,0.124999999999999,0.0895061728395053,5.60015625908758,4.46584374091241,5.033,0.0506823221111996,36.0650314664651,4.9264,4.75410861251946,-3.53657251718149,-1.61010531781625
"9143584","2008-03-14",16.1442597558349,0.125,0.148148148148147,0.132716049382715,5.6171909371261,4.41314239620722,5.01516666666666,0.121969836598699,40.318287165048,4.9032,4.7028941308502,-3.86725066170754,-2.06153438659451
"9143583","2008-03-17",16.3034082520316,0.125,0.0833333333333323,0.118827160493826,5.63505327860609,4.34461338806057,4.98983333333333,0.107498184370383,40.318287165048,4.8792,4.65850824673684,-4.090291273901,-2.46728576405581
"9143582","2008-03-18",16.6922462225999,0.055555555555555,0.101851851851851,0.11111111111111,5.6457496719954,4.26958366133793,4.95766666666666,0.116567577908301,38.6611638699487,4.8488,4.60670714717193,-4.39860582290956,-2.85354977582656
"9143581","2008-03-19",17.0533100524135,0.0909090909090909,0.0904882154882143,0.0918911335577993,5.64174388744549,4.20458944588784,4.92316666666666,0.163803240142385,39.9892806658382,4.8236,4.568479527549,-4.51117708237702,-3.18507523713665
"9143580","2008-03-20",17.5700987688026,0.0468749999999997,0.0644465488215476,0.0855955387205377,5.62839997849653,4.12993335483679,4.87916666666666,0.135738744717431,38.7251088492021,4.8028,4.52601559054247,-4.67716126305959,-3.48349244232124
"9143579","2008-03-24",17.1349804143297,0.089285714285714,0.0756899350649339,0.0768748997915655,5.61364049437333,4.08002617229333,4.84683333333333,0.232549011337892,39.8944037515322,4.7824,4.49454684513681,-4.68933771308,-3.72466149647299
"9143578","2008-03-25",16.7309419423192,0.196428571428571,0.110863095238094,0.0836665263748587,5.5923830242941,4.03828364237256,4.81533333333333,0.26706766361852,43.38484359443,4.7612,4.4832739324519,-4.43504025769421,-3.86673724871724
"9143577","2008-03-26",16.6081562108753,0.125,0.136904761904761,0.107819264069263,5.55806354286146,3.99693645713853,4.7775,0.25818752781092,41.6484141503845,4.7336,4.46283740812498,-4.32931951875444,-3.95925370272468
"9143576","2008-03-27",16.4941408888203,0.169642857142857,0.163690476190475,0.137152777777777,5.50115699528491,3.97317633804841,4.73716666666666,0.301153678291424,43.1791200672994,4.7088,4.45179242037498,-4.10941570829767,-3.98928610383928
"9143575","2008-03-28",16.9609404297328,0.00892857142857124,0.101190476190475,0.13392857142857,5.40183632871883,3.95516367128116,4.6785,0.203803069894919,39.1931298550138,4.6712,4.41822009765832,-4.21594926675742,-4.0346187364229
"9143574","2008-03-31",17.4252531989912,0,0.0595238095238084,0.10813492063492,5.26121306651373,3.97045360015293,4.61583333333333,0.20366283574241,38.977855370352,4.6376,4.38779075130388,-4.27438271652708,-4.08257153244374
"9143573","2008-04-01",17.4014448644281,0.0267857142857137,0.0119047619047607,0.0575396825396816,5.14652696437715,3.98447303562284,4.5655,0.257182812531654,40.0418435927056,4.6048,4.36541865113003,-4.22065755114751,-4.11018873618449
"9143572","2008-04-02",16.2075731166279,0.0599999999999996,0.0289285714285702,0.03345238095238,5.04868577799624,4.00798088867042,4.52833333333333,0.376686143545971,41.1469472895672,4.572,4.35002949764602,-4.07791692479887,-4.10373437390737
"9143571","2008-04-03",15.098977922242,0.146666666666666,0.0778174603174588,0.0395502645502634,4.91709188046439,4.05990811953561,4.4885,0.377311410387996,43.0315617024608,4.5392,4.34335889795989,-3.82904244160693,-4.04879598744728
"9143570","2008-04-04",14.4217032408157,0,0.0688888888888875,0.0585449735449724,4.80570012292656,4.09163321040677,4.44866666666666,0.217113345460609,39.9970498574478,4.494,4.32291104489857,-3.79376579037342,-3.99778994803251
"9143569","2008-04-07",13.6122520531221,0.0535714285714275,0.0667460317460302,0.0711507936507924,4.69226981254975,4.13739685411692,4.41483333333333,0.257001433780173,41.2145934191005,4.446,4.30918957224543,-3.66950263886459,-3.93213248619893
"9143568","2008-04-08",13.3187811393715,0,0.0178571428571415,0.05116402116402,4.69524322952923,4.10342343713743,4.39933333333333,0.106862309003963,38.1572443815061,4.4024,4.2826309626127,-3.73635689753042,-3.89297736846523
"9143567","2008-04-09",13.046272433746,0,0.0178571428571415,0.034153439153438,4.70343803261924,4.07189530071409,4.38766666666666,0.118394784984727,38.1572443815061,4.3628,4.25961350093101,-3.74955723032604,-3.86429334083739
"9143566","2008-04-10",13.4424700894706,0,-9.80697005085555e-16,0.0119047619047609,4.61597765385523,4.07402234614476,4.345,-0.105831013484111,33.9133778662596,4.3156,4.21833170080687,-4.02218302356588,-3.89587127738309
"9143565","2008-04-11",13.8103679126435,0,-9.80697005085555e-16,0.00595238095238009,4.61681731800588,4.02018268199412,4.3185,-0.0450013241608948,33.9133778662596,4.2752,4.18255414069929,-4.19721048631114,-3.9561391191687
"9143564","2008-04-14",14.2762738453651,0,-9.80697005085555e-16,-7.43618130035391e-16,4.60278502813154,3.97488163853512,4.28883333333333,-0.0130831780884916,33.1125341544323,4.236,4.14754692193939,-4.35017661172148,-4.03494661767925
"9143563","2008-04-15",14.7522303734939,0,-9.80697005085555e-16,-7.43618130035391e-16,4.59786069725292,3.92480596941374,4.26133333333333,0.0126696441862415,32.8341999447467,4.2248,4.11587399901413,-4.44568002441116,-4.11709329902564
"9143562","2008-04-16",14.4202984728762,0,-9.80697005085555e-16,-7.43618130035391e-16,4.59232439489164,3.88067560510836,4.2365,0.0739939826793066,31.1427207725536,4.208,4.08042413247892,-4.59231360037926,-4.21213735929636
"9143561","2008-04-17",13.4200789586899,0.247058823529411,0.0823529411764694,0.0274509803921561,4.56700300335076,3.87333032998257,4.22016666666666,0.345988839643067,42.3390300681652,4.1844,4.07770091481506,-4.24806665254524,-4.21932321794614
"9143560","2008-04-18",13.4519215258418,0.423529411764706,0.223529411764705,0.101960784313725,4.56191528483544,3.87341804849789,4.21766666666666,0.595376805019555,48.7493677009112,4.1852,4.09534079283972,-3.63688562466075,-4.10283569928906
"9143559","2008-04-21",13.4814896239114,0.529411764705882,0.399999999999999,0.235294117647058,4.54764342548782,3.87835657451218,4.213,0.694734639031596,52.1842057768738,4.1824,4.12262868712776,-2.94200490555637,-3.87066954054252
"9143558","2008-04-22",13.5089457149761,0.642857142857143,0.531932773109242,0.385154061624649,4.52656172405193,3.88610494261473,4.20633333333333,0.677477497250634,52.1842057768738,4.1796,4.14627819551072,-2.36486174818012,-3.56950798207004
"9143557","2008-04-23",14.2679154093804,0.835820895522389,0.669363267695137,0.533765346934793,4.53512510370132,3.88220822963201,4.20866666666666,0.864518071828445,56.3326339923277,4.1852,4.18144110277596,-1.67641221426788,-3.19088882850961
"9143556","2008-04-24",14.4378174574003,0.716417910447762,0.731698649609097,0.644331563471159,4.52431917550026,3.88668082449974,4.2055,0.757983227862445,52.7483449199569,4.1856,4.20124895573917,-1.27175920492852,-2.80706290379339
"9143555","2008-04-25",13.6699345677196,0.328358208955224,0.626865671641791,0.675975862982008,4.52044868696383,3.8838846463695,4.20216666666667,0.470414079130597,43.141039097808,4.1784,4.18374909497394,-1.43374929731324,-2.53240018249736
"9143554","2008-04-28",13.287880153481,0.223880597014925,0.422885572139303,0.593816631130063,4.51710325838737,3.87056340827929,4.19383333333333,0.303311943346714,40.9771078592794,4.1668,4.15924921564408,-1.67977656868097,-2.36187545973408
"9143553","2008-04-29",12.9114994133211,0.46268656716418,0.338308457711442,0.462686567164179,4.51420356253206,3.8704631041346,4.19233333333333,0.59475868605782,47.4637315456288,4.1568,4.15934932022487,-1.54837874450329,-2.19917611668792
"9143552","2008-04-30",13.1675833436233,0.743243243243244,0.476603469140782,0.412599166330509,4.52659431351874,3.86440568648126,4.1955,0.904466827724872,55.3843854837355,4.1596,4.19143607752822,-0.969689676577357,-1.95327882866581
"9143551","2008-05-01",13.4445862321054,0.866666666666667,0.690865492358029,0.501925806403418,4.55679152681267,3.84920847318732,4.203,0.966847434574428,58.2114307364497,4.1644,4.23257793385779,-0.3191790411889,-1.62645887117043
"9143550","2008-05-02",15.250908848011,0.128,0.579303303303302,0.582257421600705,4.57048334833171,3.84818331833495,4.20933333333333,0.727052461842949,43.6246715114169,4.1568,4.20290087601009,-0.731295617952576,-1.44742622052686
"9143549","2008-05-05",16.9282084199233,0.44,0.478222222222221,0.582797005961185,4.60222860693592,3.83843805973074,4.22033333333333,0.866156229204468,53.5923369069001,4.1652,4.22918075920874,-0.309482580953746,-1.21983749261224
"9143548","2008-05-06",18.8946834650928,0.436363636363637,0.334787878787878,0.464104468104467,4.65923799389491,3.82576200610509,4.2425,0.940924520182668,55.3368095826522,4.1756,4.26262332464758,0.172409590063216,-0.941388076077145
"9143547","2008-05-07",20.4819950506043,0.4,0.425454545454545,0.412821548821548,4.69633845363083,3.82832821303583,4.26233333333333,0.823728899566193,54.2389657683682,4.1832,4.2862735480279,0.470787023312069,-0.658953056199302
"9143546","2008-05-08",19.4060884921617,0,0.278787878787878,0.346343434343434,4.70299110144715,3.81334223188618,4.25816666666666,0.134874674214298,38.1436246296532,4.1572,4.20143707495752,-0.781873186232651,-0.683537082205972
"9143545","2008-05-09",19.0895747011237,0,0.133333333333332,0.279191919191919,4.75513564108672,3.72286435891328,4.239,-0.109335947693557,34.6403904793485,4.1256,4.09457879829651,-2.26265241022591,-0.999360147809959
"9143544","2008-05-12",19.4130264715686,0,-1.12872674170224e-15,0.137373737373737,4.8548882800606,3.5571117199394,4.206,-0.192980102252229,31.4094729160911,4.0824,3.96730162519031,-3.95774551125463,-1.59103722049889
"9143543","2008-05-13",19.7133745441245,0.0306122448979592,0.0102040816326519,0.0478458049886613,4.92150193711565,3.43016472955102,4.17583333333333,-0.0671643737197341,32.9633546349428,4.046,3.8649947418316,-5.17444436874348,-2.30771865014781
"9143542","2008-05-14",19.9922691829264,0.086734693877551,0.0391156462585023,0.0164399092970513,4.97204254816131,3.31962411850535,4.14583333333333,0.00829645480947416,35.8334012761931,4.014,3.79099544292072,-5.87746966431547,-3.02166885298134
"9143541","2008-05-15",21.0280841337878,0,0.0391156462585023,0.0294784580498858,5.03272894560793,3.1616043877254,4.09716666666666,-0.0115462049997595,31.3637325307052,3.9748,3.68152938386463,-7.12282119272054,-3.84189932092918
"9143540","2008-05-16",22.0109198552763,0,0.0289115646258492,0.0357142857142848,5.07202833107089,2.99830500226243,4.03516666666666,0.021713760194217,31.2403060485185,3.9352,3.58532546601601,-8.09448296394818,-4.69241604953298
"9143539","2008-05-19",22.1527245233061,0.0981308411214953,0.0327102803738306,0.0335791637527276,5.06154947482378,2.89878385850954,3.98016666666666,0.159309669168389,36.8597207827225,3.9052,3.52994873721388,-8.33113221363071,-5.42015928235253
"9143538","2008-05-20",22.2844002864767,0.14018691588785,0.0794392523364475,0.0470203657787093,5.03814782668897,2.81918550664436,3.92866666666666,0.212177777469505,39.1547678747365,3.8792,3.49395557225203,-8.2338175097165,-5.98289092782532
"9143537","2008-05-21",22.7478582431608,0.0794392523364486,0.105919003115264,0.0726895119418475,4.99146115490438,2.74253884509562,3.867,0.209342264152179,37.0593601248613,3.8504,3.44542816261842,-8.37502181796026,-6.46131710585231
"9143536","2008-05-22",23.3323244207332,0.0575916230366491,0.0924059304203149,0.0925880619573422,4.94672457108596,2.66560876224737,3.80616666666666,0.213809649293643,36.0991345610118,3.8108,3.3953710742693,-8.54790443796581,-6.87863457227501
"9143535","2008-05-23",23.8750430141933,0.0575916230366491,0.0648741661365812,0.0877330332240535,4.91775986610522,2.58724013389478,3.7525,0.224310422640961,36.0991345610118,3.7652,3.35198826436673,-8.60382850589724,-7.22367335899946
"9143534","2008-05-27",23.6239358021874,0.11731843575419,0.0775005606091616,0.0782602190553528,4.88792709139698,2.53307290860302,3.7105,0.294537879725836,39.1468641191002,3.72,3.32772316245116,-8.32345587305189,-7.44362986180994
"9143533","2008-05-28",23.4559565517515,0.123376623376623,0.0994288940558197,0.0806012069338544,4.82855041599716,2.48411625066951,3.65633333333333,0.292558332187006,38.7488094436774,3.674,3.30402674079101,-8.06347959976209,-7.56759980940037
"9143532","2008-05-29",24.0253686417883,0,0.0802316863769366,0.0857203803473062,4.72762780137823,2.4377055319551,3.58266666666666,0.241184810252985,34.2484005476875,3.614,3.25148984201887,-8.36090805024435,-7.72626145756917
"9143531","2008-05-30",24.5541084396797,0.0684931506849313,0.0639565913538504,0.0812057239288692,4.58894249179684,2.42505750820316,3.507,0.274941827457386,35.9182278983838,3.5592,3.21262452974969,-8.39526088817988,-7.86006134369131
"9143530","2008-06-02",25.193125775359,0,0.0228310502283093,0.055673109319699,4.46551975619765,2.40848024380234,3.437,0.274595157811652,34.9620325972077,3.5128,3.17227459244973,-8.46576223867228,-7.98120152268751
"9143529","2008-06-03",25.7864990156326,0.0701754385964913,0.0462228630938064,0.0443368348919889,4.28272293945703,2.44094372720963,3.36183333333333,0.301731573340393,36.4202595611618,3.4708,3.1426379801231,-8.33745771531347,-8.0524527612127
"9143528","2008-06-04",26.403170345942,0.0350877192982457,0.0350877192982445,0.0347138775401203,4.01497582311418,2.54435751021915,3.27966666666666,0.287164353078243,35.985805283317,3.4216,3.11428624944002,-8.202521568836,-8.08246652273736
"9143527","2008-06-05",27.1112712767245,0,0.0350877192982445,0.0387994338967654,3.66797569504836,2.7296909716183,3.19883333333333,0.209931687183702,35.0843804220746,3.3612,3.08438141618135,-8.11561976819736,-8.08909717182936
"9143526","2008-06-06",27.1311248179904,0,0.0116959064327474,0.0272904483430791,3.48821097951821,2.81178902048179,3.15,0.214182352079849,35.0843804220746,3.2968,3.05846389402384,-7.96476909454884,-8.06423155637325
"9143525","2008-06-09",26.4274491498757,0.183673469387755,0.0612244897959172,0.0360027051756366,3.38831846128353,2.8560148720498,3.12216666666666,0.370687827913356,39.0672920476092,3.2556,3.04800204148733,-7.52772096123621,-7.95692943734585
"9143524","2008-06-10",26.6698152461596,0,0.0612244897959172,0.0447149620081942,3.37237591803417,2.82962408196583,3.101,0.0989572909721922,33.4234733588156,3.1896,3.00826843595568,-7.7086501367221,-7.9072735772211
"9143523","2008-06-11",26.701512983662,0.372881355932204,0.185518275106652,0.102655751566162,3.33761728114347,2.83538271885653,3.0865,0.407413779353898,42.0475234832383,3.1292,3.00316597782826,-7.1905945064349,-7.76393776306386
"9143522","2008-06-12",26.5970260548421,0.389830508474576,0.254237288135592,0.166993351012721,3.2968001461336,2.84819985386639,3.0725,0.457274511414613,42.4126799605967,3.0708,3.00007718078449,-6.67716309449818,-7.54658282935072
"9143521","2008-06-13",26.5000024780807,0.440677966101695,0.401129943502824,0.280295168915023,3.289930128758,2.84473653790866,3.06733333333333,0.431116109267976,43.5615943894857,3.0452,3.00140022334656,-6.11963584693428,-7.26119343286744
"9143520","2008-06-16",26.7519024272957,0.391304347826087,0.407270940800785,0.354212724146401,3.28949257045646,2.84084076287686,3.06516666666666,0.354750018687707,41.2009968246856,3.0264,2.99188019356702,-5.82567223736917,-6.97408919376778
"9143519","2008-06-17",25.9855608871662,0.622641509433963,0.484874607787247,0.431091830696952,3.27295610832332,2.84771055834334,3.06033333333333,0.703019957145702,47.0003209587539,3.024,3.00362950109142,-5.1315538478642,-6.60558212458707
"9143518","2008-06-18",25.1388845215689,0.818181818181819,0.610709225147289,0.500951591245107,3.25902612182488,2.85597387817511,3.0575,0.936254446175786,51.1511639812991,3.024,3.02981223427923,-4.21234654192165,-6.12693500805399
"9143517","2008-06-19",24.2817610339372,0.875,0.77194110920526,0.622508314046599,3.27024853018379,2.8497514698162,3.06,0.983554708219818,52.4869575238435,3.0212,3.05783726970866,-3.34094265014503,-5.5697365364722
"9143516","2008-06-20",22.7935700639265,0.742424242424243,0.811868686868686,0.731506340407078,3.29837869057546,2.83595464275787,3.06716666666666,0.996297718691603,52.4869575238435,3.032,3.08212563374751,-2.6218971283234,-4.98016865484244
"9143515","2008-06-23",21.3441339093684,0.761194029850746,0.792872757424995,0.792227517832981,3.3318882826512,2.82277838401546,3.07733333333333,0.963554137588788,53.2286172570319,3.044,3.10584221591451,-1.97881041492792,-4.37989700685953
"9143514","2008-06-24",21.1438262270258,0.462686567164179,0.655434946479722,0.753392130257801,3.31785478677907,2.82581187988759,3.07183333333333,0.591116715037263,45.568411543717,3.0396,3.09972992045924,-1.96484346147987,-3.8968862977836
"9143513","2008-06-25",21.2514537294934,0.373134328358209,0.53233830845771,0.660215337454143,3.3070503610746,2.82161630559206,3.06433333333333,0.408672799461381,43.5438632375453,3.0292,3.08643259773134,-2.08667641885319,-3.53484432199752
"9143512","2008-06-26",22.1987496416351,0.0746268656716415,0.303482587064676,0.497085280667369,3.31307141854402,2.80426191478931,3.05866666666666,0.14230227883531,37.5543927867496,3.016,3.0482415847005,-2.68063356751028,-3.36400217110007
"9143511","2008-06-27",22.9996845693812,0.134328358208955,0.194029850746267,0.343283582089551,3.31551687776429,2.79048312223571,3.053,0.221287761420202,39.3511874564006,3.0068,3.02047604007376,-3.02023214755176,-3.29524816639041
"9143510","2008-06-30",24.2662059997326,0,0.0696517412935311,0.189054726368158,3.33425217297568,2.74941449369098,3.04183333333333,0.00100114327403916,35.5009360394445,2.992,2.97774590139726,-3.63227392264743,-3.36265331764182
"9143509","2008-07-01",25.4422616136303,0.0416666666666664,0.0586650082918728,0.107448866777224,3.34730581683037,2.71236084983629,3.02983333333333,0.0697789873666182,36.9251183717349,2.9744,2.94471311454429,-4.00277934803017,-3.49067852371949
"9143508","2008-07-02",26.3545261244798,0.097222222222222,0.0462962962962951,0.0582043486272333,3.35444064939156,2.68755935060843,3.021,0.153611519139153,38.8634865416363,2.9592,2.92141803260505,-4.14713317380344,-3.62196945373628
"9143507","2008-07-03",27.8225186265341,0,0.0462962962962951,0.0504192002948213,3.37713936292987,2.63652730373679,3.00683333333333,0.00918973639716763,34.0712184664907,2.9468,2.87856229492438,-4.6884032950529,-3.8352562219996
"9143506","2008-07-07",29.5520552093675,0,0.0324074074074063,0.0416666666666658,3.4063437912385,2.56698954209482,2.98666666666666,-0.0162698988840761,31.1511659704261,2.9276,2.82542065560113,-5.41316841861792,-4.15083866132327
"9143505","2008-07-08",31.3802806349527,0,-1.04083408558608e-15,0.0262345679012337,3.43259980829471,2.48206685837194,2.95733333333333,-0.0162016389926583,29.3454979694489,2.9072,2.76869790152098,-6.17381331534745,-4.5554335921281
"9143504","2008-07-09",33.077918530139,0.0980392156862746,0.0326797385620905,0.0216957153231655,3.44962483488572,2.42970849844761,2.93966666666666,0.0983330671049393,34.4595780525658,2.8892,2.73287151465152,-6.43401106124417,-4.93114908595132
"9143503","2008-07-10",34.4497258573065,0.11764705882353,0.0718954248366003,0.0348583877995635,3.4499666292695,2.38036670406382,2.91516666666666,0.158595089564501,35.4656597267089,2.8728,2.70448864603131,-6.51878001809529,-5.24867527238011
"9143502","2008-07-11",35.8849197369033,0.0686274509803924,0.0947712418300645,0.0664488017429187,3.44552451806742,2.33180881526591,2.88866666666666,0.171968948256413,34.0580928992548,2.856,2.67322349322714,-6.66981016898345,-5.53290225170078
"9143501","2008-07-14",37.2175997679574,0.0722891566265061,0.0861878888101416,0.0842848518256024,3.4374840485025,2.28818261816415,2.86283333333333,0.201702856810681,33.7694244507525,2.8388,2.64479369413019,-6.75376108210228,-5.77707401778108
"9143500","2008-07-15",38.4903596458249,0.0757575757575761,0.0722247277881572,0.0843946194761214,3.43102924191717,2.24263742474949,2.83683333333333,0.199734272671301,33.4639737076696,2.8176,2.61882120157949,-6.78315244033294,-5.97828970229145
"9143499","2008-07-16",39.7456338394193,0.0468750000000004,0.0649739107946932,0.0744621757976642,3.4000352347964,2.20563143187025,2.80283333333333,0.218548563021071,32.824488975917,2.8048,2.5936450413689,-6.79941968974056,-6.14251569978128
"9143498","2008-07-17",37.8321936821207,0.15625,0.0929608585858578,0.0767198323895697,3.34007824187244,2.20392175812755,2.77199999999999,0.363281743707228,37.3379529033051,2.786,2.58115903585304,-6.52622647240788,-6.2192578543066
"9143497","2008-07-18",35.1598764220743,0.423728813559322,0.20895127118644,0.122295346855664,3.26848463277667,2.22551536722332,2.747,0.515660416728265,45.7495798785857,2.7728,2.59033783107264,-5.77659971916231,-6.13072622727774
"9143496","2008-07-21",32.8092884399228,0.372881355932204,0.317620056497174,0.206510728756491,3.17382040264027,2.26084626402638,2.71733333333333,0.484665502112415,44.4640012414822,2.7572,2.59429278692962,-5.2148371411734,-5.94754841005687
"9143495","2008-07-22",30.9447828927241,0.288135593220339,0.361581920903954,0.296051082862523,3.04907750505467,2.31392249494532,2.68149999999999,0.384604835488084,42.3290709171258,2.7428,2.59105374867234,-4.86857237208458,-5.73175320246241
"9143494","2008-07-23",28.8568945187071,0.254237288135593,0.305084745762711,0.328095574387946,2.96534104762547,2.34599228570785,2.65566666666666,0.410120645927656,41.4713074090252,2.7216,2.58557991551602,-4.60396282450992,-5.50619512687192
"9143493","2008-07-24",27.6271395723015,0.508474576271187,0.350282485875705,0.338983050847457,2.90749895309676,2.37683438023657,2.64216666666666,0.703204319354004,49.7034514449601,2.7016,2.60083592678055,-3.88339264950155,-5.18163463139784
"9143492","2008-07-25",26.4852242649249,0.677966101694915,0.480225988700564,0.378531073446327,2.89501275755379,2.38332057577954,2.63916666666666,0.846888239301486,54.316585920011,2.684,2.62739113654315,-2.970662996164,-4.73944030435107
"9143491","2008-07-28",26.0648894500739,0,0.3954802259887,0.408662900188323,2.84861094210534,2.39205572456132,2.62033333333333,0.302141493816968,38.9339421027523,2.6504,2.59707231833739,-3.43906010561305,-4.47936426460347
"9143490","2008-07-29",25.6745785505694,0.135593220338983,0.271186440677965,0.382297551789076,2.83264195780563,2.38635804219436,2.60949999999999,0.329331365074325,42.4446820132156,2.6192,2.58146267589241,-3.52894571768767,-4.28928055522031
"9143489","2008-07-30",24.9659891918195,0.203389830508475,0.112994350282485,0.259887005649717,2.81346087277557,2.38753912722442,2.60049999999999,0.444042929053815,44.1729000257411,2.5976,2.57326765244009,-3.43840667136034,-4.11910577844831
"9143488","2008-07-31",24.3080133586947,0.423728813559322,0.254237288135592,0.212806026365348,2.79036181586053,2.39730485080613,2.59383333333333,0.65985808399208,49.4820703446462,2.5836,2.58349863211474,-2.92695312293597,-3.88067524734585
"9143487","2008-08-01",24.4779831115087,0.152542372881356,0.259887005649717,0.209039548022598,2.78515817751879,2.39250848914787,2.58883333333333,0.384120626228503,43.943048413979,2.5712,2.57103214783278,-2.98691804786859,-3.7019238074504
"9143486","2008-08-04",22.800154903807,0.203389830508475,0.259887005649717,0.258003766478342,2.79334451870078,2.39598881463255,2.59466666666666,0.689586641294076,45.1821116734839,2.5584,2.56422786145507,-2.90872097727853,-3.54328324141602
"9143485","2008-08-05",21.242171568084,0.593220338983051,0.31638418079096,0.278719397363465,2.82552973188422,2.39947026811577,2.61249999999999,0.994844854444814,53.6422525115494,2.5604,2.58899747992773,-2.10275429128277,-3.25517745138937
"9143484","2008-08-06",19.9595591845519,0.766666666666666,0.521092278719396,0.365787821720024,2.87609534926808,2.38657131739857,2.63133333333333,1.06245110639785,57.0558246931874,2.5656,2.6251311492707,-1.11588054198855,-2.82731806950921
"9143483","2008-08-07",19.5705974598041,0.35,0.569962335216571,0.469146264908976,2.87969761379653,2.39496905287013,2.63733333333333,0.56739166886358,48.3431122935599,2.5592,2.62311366270127,-1.09156162744483,-2.48016678109633
"9143482","2008-08-08",20.3517537194661,0,0.372222222222221,0.487758945386063,2.8830874566358,2.38624587669753,2.63466666666666,0.168573095900868,40.1547556915588,2.5472,2.58003184100777,-2.01021368635934,-2.38617616214893
"9143481","2008-08-11",20.1496605206467,0.585714285714286,0.311904761904761,0.418029773114518,2.90118641286925,2.39614692046407,2.64866666666666,0.799646533803985,51.7863446530182,2.5564,2.5973609288734,-1.45096669161882,-2.19913426804291
"9143480","2008-08-12",19.9620025503144,0.614285714285714,0.399999999999999,0.361375661375661,2.90989059365635,2.41744273967698,2.66366666666666,0.736234826476087,52.2736469674916,2.5696,2.61504613835695,-0.936811012904903,-1.94666961701531
"9143479","2008-08-13",20.0182801785318,0.528571428571429,0.576190476190475,0.429365079365079,2.9065384025911,2.44646159740889,2.67649999999999,0.601794597784147,50.6206868068595,2.5764,2.62237331990935,-0.706960877933205,-1.69872786919889
"9143478","2008-08-14",20.2994414712073,0.442857142857143,0.528571428571428,0.501587301587301,2.90692636591458,2.44940696741874,2.67816666666666,0.438436125857694,48.9536345616104,2.58,2.62072354392144,-0.701101693126527,-1.49920263398442
"9143477","2008-08-15",20.7871919957531,0.357142857142857,0.442857142857142,0.515873015873015,2.89759396780075,2.44373936553258,2.67066666666666,0.373674667951365,47.2769352860897,2.5832,2.61129373806525,-0.871433921553966,-1.37364889149833
"9143476","2008-08-18",21.2401031971172,0.4,0.399999999999999,0.457142857142857,2.89393472812118,2.43906527187881,2.66649999999999,0.39777286788142,48.2316837380461,2.588,2.60712123965655,-0.904095429625551,-1.27973819912377
"9143475","2008-08-19",22.0848698614185,0.242857142857143,0.333333333333333,0.392063492063492,2.8981769581385,2.42582304186149,2.66199999999999,0.171150533571028,45.012971764697,2.5888,2.58883840770234,-1.25759418821527,-1.27530939694207
"9143474","2008-08-20",22.4350652120966,0.285714285714286,0.309523809523809,0.347619047619047,2.89942220576741,2.41924446089925,2.65933333333333,0.265364663667207,46.0700161783226,2.5916,2.57699328667536,-1.43041624727478,-1.30633076700861
"9143473","2008-08-21",22.0728324841976,0.357142857142857,0.295238095238095,0.312698412698412,2.88963919962756,2.41536080037243,2.65249999999999,0.417418405037685,47.8687406201725,2.5936,2.57339418178532,-1.3957433574594,-1.32421328509877
"9143472","2008-08-22",21.8775413476955,0.314285714285715,0.319047619047618,0.307936507936508,2.867283156471,2.41338351019565,2.64033333333333,0.352390279327624,46.8588783000613,2.5884,2.56627495754727,-1.44612959179972,-1.34859654643896
"9143471","2008-08-25",20.5367016302628,0.542857142857143,0.404761904761904,0.339682539682539,2.8800573378261,2.42460932884056,2.65233333333333,0.758353674503403,52.6020657566167,2.5908,2.58143829654097,-0.973147111504846,-1.27350665945214
"9143470","2008-08-26",19.2916361783609,0.705882352941176,0.521008403361344,0.414939309056956,2.90116708244201,2.43349958422465,2.66733333333333,0.854953039569259,55.8161036080891,2.5992,2.60791319033551,-0.286453661540864,-1.07609605986988
"9143469","2008-08-27",18.4878079160161,0.485294117647059,0.578011204481792,0.50126050420168,2.90554857594117,2.44345142405882,2.67449999999999,0.598464142907311,50.305685108967,2.6024,2.61085809829077,-0.205933597671915,-0.902063567430289
"9143468","2008-08-28",17.7919746858049,0.294117647058823,0.495098039215685,0.531372549019607,2.9075889679563,2.44541103204369,2.67649999999999,0.543633988340121,49.9516321933195,2.5992,2.61207701851867,-0.17103157067222,-0.755857168078675
"9143467","2008-08-29",16.606405656808,0.833333333333333,0.537581699346404,0.536896981014627,2.93490200866281,2.45309799133718,2.69399999999999,0.913722854449801,57.9243537116948,2.602,2.64646674938285,0.615357515710091,-0.481614231320922
"9143466","2008-09-02",15.9903742971728,0.644067796610169,0.590506259000774,0.541061999187622,2.96632451342738,2.44667548657261,2.70649999999999,0.910854228463077,57.1401431795151,2.62,2.6736045161318,1.15613327530664,-0.15406472999541
"9143465","2008-09-03",16.0030844390485,0.76056338028169,0.745988170075063,0.624692042807414,3.0188843654565,2.41844896787682,2.71866666666666,1.07957942087154,61.6171094443973,2.6412,2.71845724731423,2.03032115834905,0.282812447673481
"9143464","2008-09-04",16.5384240886659,0.734939759036145,0.713190311976,0.68322824701728,3.07775703950236,2.38424296049763,2.73099999999999,1.10897586093628,63.41750988534,2.6636,2.76666294767233,2.87756146607978,0.801762251354741
"9143463","2008-09-05",16.4536760533488,0.626506024096386,0.707336387804739,0.722171623285268,3.11993682922253,2.37906317077746,2.74949999999999,0.89210464117418,59.5499086910738,2.6772,2.79644122131602,3.23615862161239,1.28864152540627
"9143462","2008-09-08",16.1228196815124,0.578313253012048,0.646586345381525,0.689037681720755,3.13840922235015,2.41359077764984,2.77599999999999,0.809042908107315,57.8609454734102,2.6956,2.81691572514055,3.36048016513617,1.70300925335225
"9143461","2008-09-09",15.2568045031287,0.3125,0.505773092369477,0.619898608518581,3.14107965318928,2.41458701347738,2.77783333333333,0.580982697025905,50.1951759111122,2.7048,2.80799362845514,2.85344213438536,1.93309582955887
"9143460","2008-09-10",14.4526475517725,0.294871794871795,0.395228349294613,0.515862595681872,3.14330812622691,2.41602520710641,2.77966666666666,0.550874287058397,50.1951759111122,2.7048,2.80026114466113,2.42370917509969,2.03121849866704
"9143459","2008-09-11",13.4274112253269,0.320512820512821,0.309294871794871,0.403432104486321,3.14962738373975,2.42203928292691,2.78583333333333,0.58360957699195,50.948858904656,2.7012,2.79622632537298,2.11636591174502,2.04824798128263
"9143458","2008-09-12",12.5945066488164,0.235294117647058,0.283559577677224,0.329360932922236,3.1559374366346,2.43672923003206,2.79633333333333,0.588523276128099,51.3453164115096,2.708,2.79406281532325,1.88006510979379,2.01461140698487
"9143457","2008-09-15",12.0562790521193,0.11764705882353,0.224484665661135,0.272446371711077,3.15534016516999,2.45599316816334,2.80566666666666,0.491897203118172,48.0026904619144,2.724,2.78152110661348,1.44490695722066,1.90067051703202
"9143456","2008-09-16",11.5564962837577,0.220588235294118,0.191176470588234,0.233073571308865,3.15517285006648,2.47682714993351,2.81599999999999,0.515724529048509,51.0081019851545,2.7264,2.77998495906502,1.28794948670223,1.77812631096607
"9143455","2008-09-17",11.0201439673002,0.220588235294118,0.186274509803921,0.200645215351097,3.14021626584763,2.52411706748569,2.83216666666666,0.496483250307058,51.0081019851545,2.728,2.77865363118968,1.15034068803279,1.65256918637941
"9143454","2008-09-18",10.5221025305896,0.183333333333333,0.208169934640522,0.195206971677559,3.12632192644529,2.5686780735547,2.84749999999999,0.510460678985523,52.8154997950376,2.7336,2.78283314703106,1.14416912726061,1.55088917455565
"9143453","2008-09-19",10.1602391197238,0.3,0.234640522875816,0.209694989106753,3.12243434323745,2.60423232342921,2.86333333333333,0.628649955265211,55.8828255975487,2.7444,2.79578872742692,1.32597277260698,1.50590589416592
"9143452","2008-09-22",9.9686813561225,0.316666666666667,0.266666666666665,0.236492374727668,3.10594119426938,2.65772547239728,2.88183333333333,0.637210715731104,56.3196763018119,2.758,2.80835023043666,1.48017397810134,1.500759510953
"9143451","2008-09-23",10.5946152514559,0,0.205555555555554,0.235620915032679,3.10804065718676,2.65229267614656,2.88016666666666,0.185132999004255,43.370032714858,2.7592,2.78190353304511,0.785690866760791,1.35774578211456
"9143450","2008-09-24",11.1758395828369,0.0754716981132076,0.130712788259957,0.200978336827393,3.1116593360348,2.63800733063186,2.87483333333333,0.187182435677399,45.3048206027159,2.7664,2.76431639530576,0.344123522381312,1.15502133016791
"9143449","2008-09-25",11.8862777111392,0.0204081632653066,0.0319599537928369,0.12274276586945,3.11582733600097,2.62950599733235,2.87266666666666,0.0969742957679528,44.0881994617876,2.7712,2.74507420926499,-0.0948652473354406,0.90504401466724
"9143448","2008-09-26",13.1322203715636,0,0.0319599537928369,0.0648775652818772,3.13530922842409,2.59602410490923,2.86566666666666,-0.0729807601330518,39.8613299384706,2.7696,2.71373098136299,-0.763371166199833,0.571360978493825
"9143447","2008-09-29",14.7978215116999,0,0.00680272108843441,0.0235742095580364,3.15922251275371,2.53244415391295,2.84583333333333,-0.0570815611956611,36.1308917903185,2.7648,2.67190018384793,-1.61415721053274,0.134257340688512
"9143446","2008-09-30",16.3444511418265,0,-1.12294433011565e-15,0.0129208916270904,3.17402642949965,2.47297357050034,2.8235,0.000513175045756286,36.1308917903185,2.7536,2.63564682600154,-2.27581998792709,-0.347758125034608
"9143445","2008-10-01",17.9656439420313,0,-1.12294433011565e-15,0.00226757369614434,3.16456115570533,2.417772177628,2.79116666666666,0.00298320199869161,34.7590238604417,2.7368,2.598893915868,-2.90244924273891,-0.858696348575469
"9143444","2008-10-02",19.4710372565071,0,-1.12294433011565e-15,-8.40184403531434e-16,3.12242073421685,2.38657926578314,2.7545,0.0454183892190725,34.7590238604417,2.726,2.56704139375227,-3.37225660840312,-1.361408400541
"9143443","2008-10-03",21.3291345497238,0,-1.12294433011565e-15,-8.40184403531434e-16,3.11216469760409,2.32216863572924,2.71716666666666,-0.0365005647337897,31.3119319548332,2.7116,2.52610254125196,-4.02821612968258,-1.89476994636932
"9143442","2008-10-06",24.0701774714918,0,-1.12294433011565e-15,-8.40184403531434e-16,3.13730908163417,2.20269091836582,2.67,-0.156239475582741,23.5237212482541,2.6748,2.44928886908504,-5.51997871678392,-2.61981170045224
"9143441","2008-10-07",26.9996222102204,0,-1.12294433011565e-15,-8.40184403531434e-16,3.19530723503633,2.04902609829699,2.62216666666666,-0.147456058448098,20.5108329142765,2.632,2.36005035320703,-7.25958017599375,-3.54776539556054
"9143440","2008-10-08",30.0492835575006,0,-1.12294433011565e-15,-8.40184403531434e-16,3.25022449441078,1.88644217225588,2.56833333333333,-0.107379432829489,17.8970646247832,2.5756,2.25871030611276,-9.26147544336693,-4.69050740512182
"9143439","2008-10-09",32.6925031961063,0,-1.12294433011565e-15,-8.40184403531434e-16,3.26991042054182,1.75675624612484,2.51333333333333,-0.0066679123837834,17.8970646247832,2.5164,2.17088226529773,-10.8436190672545,-5.92112973754836
"9143438","2008-10-10",32.7500518288825,0,-1.12294433011565e-15,-8.40184403531434e-16,3.26608102686679,1.64925230646654,2.45766666666666,0.0602502658265584,15.9345547872306,2.4548,2.0747646299247,-12.6391172943242,-7.26472724890353
"9143437","2008-10-13",32.8034898450318,0.104895104895105,0.0349650349650339,0.0116550116550108,3.2587082025229,1.54662513081042,2.40266666666666,0.0895837776353733,24.813375877197,2.4008,2.01146267926807,-13.4343839421262,-8.49865858754807
"9143436","2008-10-14",33.1309435659462,0.0522388059701493,0.052377970288417,0.0291143350844835,3.23480400550723,1.45419599449276,2.3445,0.117452767564164,23.3942210212346,2.3516,1.94593432203233,-14.3028014816737,-9.6594871663732
"9143435","2008-10-15",33.5043419510119,0.0403225806451613,0.0658188305034707,0.0510539452523075,3.20018385410026,1.36581614589973,2.283,0.127664618742117,23.0394559577021,2.3016,1.88647641242802,-14.9855003015411,-10.7246897934068
"9143434","2008-10-16",33.7692528462353,0.201612903225806,0.0980580966137045,0.0720849658018643,3.13457879892949,1.31975453440383,2.22716666666666,0.229725897108722,33.8435666050967,2.2588,1.86161289077095,-14.5601873170281,-11.491789298131
"9143433","2008-10-17",33.0680177337368,0.256410256410256,0.166115246760407,0.109997391292528,3.03537928196711,1.30695405136621,2.17116666666666,0.29104293302806,36.2529487444305,2.2176,1.84673117200149,-13.8650505215667,-11.9664415428182
"9143432","2008-10-20",31.4581972352417,0.321100917431193,0.259708025689084,0.174627123021065,2.91369242954142,1.32330757045857,2.1185,0.35632408489366,38.6588094936384,2.1816,1.84050034906796,-12.9557439034977,-12.1643020149541
"9143431","2008-10-21",29.4701548208808,0.486238532110092,0.354583235317179,0.26013550258889,2.82669871725759,1.3403012827424,2.0835,0.468492051825557,46.4885015734639,2.15,1.85910030252556,-11.3231302823654,-11.9960676684363
"9143430","2008-10-22",28.2551206008391,0.450549450549451,0.419296300030244,0.344529187012169,2.72730505532354,1.35602827800979,2.04166666666666,0.389397480380461,42.5859204042844,2.1136,1.85922026218882,-10.423581580127,-11.6815704507745
"9143429","2008-10-23",27.5579033939789,0.359550561797753,0.43211284815243,0.401997461166618,2.6248033610739,1.37552997225943,2.00016666666666,0.377128576199271,39.8817937646183,2.072,1.84732422723031,-9.98662974582292,-11.3425823097842
"9143428","2008-10-24",26.9104874161802,0.359550561797753,0.389883524714984,0.41376422429922,2.53724240826992,1.38742425839674,1.96233333333333,0.35881825456379,39.8817937646183,2.0276,1.83701433026627,-9.53713019631478,-10.9814918870903
"9143427","2008-10-27",27.261048735992,0.112359550561798,0.277153558052433,0.366383310306616,2.45509219561155,1.38390780438845,1.9195,0.239073867869884,33.7976789286988,1.974,1.79874575289743,-10.0473260673949,-10.7946587231512
"9143426","2008-10-28",27.7739345255718,0.0561797752808989,0.176029962546815,0.281022348438078,2.36654712126523,1.38145287873476,1.874,0.184632542498028,32.5811535247453,1.9296,1.75891298584444,-10.5947818274909,-10.7546833440191
"9143425","2008-10-29",27.9421035943858,0.0224719101123596,0.0636704119850176,0.172284644194756,2.27317495596352,1.38849171070314,1.83083333333333,0.190096237115954,31.8406082823208,1.8824,1.72039125439852,-11.0823483450092,-10.8202163442172
"9143424","2008-10-30",28.0186639846417,0.0441176470588235,0.0409231108173596,0.0935411617830644,2.15183486378618,1.42583180288048,1.78883333333333,0.212351993292141,33.4691280646618,1.8376,1.69100575381205,-11.2372491811413,-10.903622911602
"9143423","2008-10-31",28.0897557755936,0.0441176470588235,0.0369024014100011,0.047165308070793,2.04483067273589,1.4601693272641,1.7525,0.182152181305282,33.4691280646618,1.7972,1.66553831997044,-11.2582178850753,-10.9745419062967
"9143422","2008-11-03",28.1557695814775,0.191176470588235,0.0931372549019597,0.056987589043107,1.99210483825244,1.47056182841422,1.73133333333333,0.312096033977343,39.0947456398708,1.7652,1.65679987730772,-10.6871490832606,-10.9170633416894
"9143421","2008-11-04",28.2170681155126,0.25,0.161764705882352,0.0972681207314377,1.97354377224543,1.46645622775456,1.72,0.368530261902611,41.2352140555974,1.7348,1.65455989366669,-9.93079656566799,-10.7198099864851
"9143420","2008-11-05",28.9343453146391,0.0588235294117647,0.166666666666665,0.140522875816993,1.97412739534469,1.44720593798864,1.71066666666666,0.201410274459526,36.7186440869253,1.7008,1.6352852411778,-9.85535291211851,-10.5469185716118
"9143419","2008-11-06",27.569204483034,0.323529411764706,0.210784313725489,0.179738562091502,1.97465887051263,1.44734112948736,1.711,0.580280502702276,45.6030584867449,1.674,1.64258054235409,-8.82084237812729,-10.2017033329149
"9143418","2008-11-07",26.3015737108293,0.397058823529412,0.259803921568626,0.212418300653594,1.97696809211523,1.44769857455143,1.71233333333333,0.615253189491781,47.7955733404966,1.6532,1.65556980337354,-7.66752796047597,-9.69486825842713
"9143417","2008-11-10",24.7975898737541,0.566037735849056,0.42887532371439,0.299821186336169,1.99058198759021,1.44875134574311,1.71966666666666,0.734390582944998,49.1206635190614,1.646,1.67082716292374,-6.53237437964713,-9.06236948267113
"9143416","2008-11-11",23.5122982885522,0.30188679245283,0.421661117277098,0.370113454186705,1.99218191139439,1.4528180886056,1.72249999999999,0.495364909742985,43.5635095589796,1.64,1.66538354120057,-6.23270753987214,-8.49643709411133
"9143415","2008-11-12",22.4901622499002,0.245283018867925,0.371069182389936,0.407201874460475,1.99177166788222,1.46389499878443,1.72783333333333,0.45990225007891,42.4551106641389,1.64,1.65666573570716,-6.07306710742234,-8.01176309677353
"9143414","2008-11-13",21.3306464522619,0.245283018867925,0.264150943396225,0.352293747687753,1.99078177105891,1.46288489560774,1.72683333333333,0.480741188024702,42.4551106641389,1.64,1.64911030427954,-5.88277310845612,-7.58596509911005
"9143413","2008-11-14",19.9034834129497,0.716981132075471,0.402515723270439,0.345911949685533,2.00373336596508,1.45893330070158,1.73133333333333,0.809593697616566,53.812652946539,1.656,1.67589559704227,-4.47138231652221,-6.96304854259248
"9143412","2008-11-17",19.4930149620283,0.433962264150943,0.465408805031445,0.377358490566037,1.98603020990185,1.46096979009814,1.72349999999999,0.518728003411521,47.7261238716314,1.66,1.67910951743663,-4.02727288909575,-6.37589341189314
"9143411","2008-11-18",20.2327180586128,0,0.383647798742137,0.417190775681341,1.92602777605565,1.47797222394434,1.70199999999999,0.287228764638447,39.9418495047611,1.6576,1.64989491511175,-4.77946792301768,-6.05660831411804
"9143410","2008-11-19",20.919585219727,0.259259259259259,0.231073841136733,0.360043481636772,1.89892229268174,1.48541104065158,1.69216666666666,0.502821366192442,45.5236166538351,1.6616,1.64324225976352,-4.65374240892635,-5.77603513307971
"9143409","2008-11-20",22.1436480838355,0,0.0864197530864188,0.233713797655097,1.88015345067872,1.47451321598793,1.67733333333333,0.186092940384992,41.1145816770219,1.6516,1.61747662512838,-5.23900570905702,-5.66862924827517
"9143408","2008-11-21",23.7158670555561,0,0.0864197530864188,0.134637782436524,1.88575922025395,1.42857411307938,1.65716666666666,-0.0697910887996771,37.7061416424907,1.6344,1.57781307511126,-6.31023720283715,-5.79695083918757
"9143407","2008-11-24",24.3993540263359,0.191176470588235,0.0637254901960774,0.0788549987896385,1.88762534850593,1.41437465149406,1.65099999999999,0.216147627079018,42.811790737235,1.6204,1.56077133176309,-6.45045732898695,-5.92765213714744
"9143406","2008-11-25",25.3247163796952,0.0735294117647059,0.0882352941176461,0.0794601791333809,1.89315220529322,1.39951446137343,1.64633333333333,0.142787984700823,40.606178467782,1.596,1.53533515419468,-6.91194154409883,-6.12451001853772
"9143405","2008-11-26",26.1040718261791,0.117647058823529,0.127450980392156,0.0931372549019599,1.89605640987943,1.39027692345389,1.64316666666666,0.20375759129293,41.8167206344604,1.5776,1.51729046696873,-7.05752730278465,-6.31111347538711
"9143404","2008-11-28",26.1157655348307,0.338235294117647,0.176470588235293,0.130718954248365,1.89675948772287,1.39390717894379,1.64533333333333,0.456249579417441,47.5706892436976,1.5688,1.52165173803956,-6.31135977608501,-6.31116273552669
"9143403","2008-12-01",25.6764953249308,0.558823529411764,0.338235294117646,0.214052287581698,1.90632953290813,1.4020038004252,1.65416666666666,0.676803722125541,52.617026661551,1.566,1.54543150630095,-4.87500001105051,-6.02393019063145
"9143402","2008-12-02",24.5641080779485,0.676470588235294,0.524509803921567,0.346405228758169,1.92724133414036,1.40075866585963,1.66399999999999,0.815300027904224,55.0992407346964,1.5752,1.57670730546083,-3.29509319332096,-5.47816279116936
"9143401","2008-12-03",24.694900279095,0.308823529411764,0.51470588235294,0.459150326797385,1.9261015052093,1.39756516145736,1.66183333333333,0.401930427403768,46.8411576384351,1.5764,1.57047966473272,-3.2871915729161,-5.03996854751871
"9143400","2008-12-04",24.5429583049231,0.558823529411764,0.51470588235294,0.517973856209149,1.93227975641275,1.40972024358723,1.67099999999999,0.625663517848154,52.0986100011927,1.5856,1.58774904276835,-2.38701431724661,-4.50937770146429
"9143399","2008-12-05",23.8658191600666,0.655737704918032,0.507794921247186,0.512402228651022,1.93510962626056,1.40922370707276,1.67216666666666,0.69871229897427,52.6914064942925,1.5944,1.60538250373257,-1.55912838770645,-3.91932783871272
"9143398","2008-12-08",22.9117421356554,0.693548387096774,0.636036540475523,0.55284578135855,1.94074060887907,1.40759272445425,1.67416666666666,0.761028263887437,53.6186144941297,1.6044,1.62466483656823,-0.750207713621243,-3.28550381369443
"9143397","2008-12-09",21.7655197985111,0.848484848484848,0.732590313499884,0.625473925074198,1.95409738088259,1.4009026191174,1.67749999999999,0.926311580718549,57.5052941062863,1.6156,1.6587095250258,0.511524228165205,-2.5260982053225
"9143396","2008-12-10",20.2267021420005,0.864864864864864,0.802299366815495,0.723642073596967,1.99995120139742,1.38238213193591,1.69116666666666,0.989284003374953,59.7410714696377,1.6284,1.69888158835569,1.84767051538253,-1.65134446118149
"9143395","2008-12-11",19.6885360194882,0.822222222222222,0.845190645190644,0.793360108502008,2.07107057721676,1.35192942278323,1.71149999999999,1.05876837371359,62.4038313931517,1.6504,1.74703070990827,3.29804707299153,-0.66146615434689
"9143394","2008-12-12",19.1888103342982,0.823529411764705,0.83687216628393,0.82812072609669,2.12737823489495,1.33362176510504,1.73049999999999,0.961308575870368,62.6697297277968,1.6656,1.7900932819205,4.39862086535725,0.350551249593938
"9143393","2008-12-15",17.9355170362804,0.68235294117647,0.776034858387798,0.819365889954124,2.1374132854838,1.33025338118286,1.73383333333333,0.78845998431375,57.4215038264395,1.674,1.81141417766443,4.65705378289607,1.21185175625436
"9143392","2008-12-16",17.6388070209812,0.682926829268292,0.729603060736489,0.780836695136073,2.17178070539011,1.32521929460988,1.74849999999999,0.828584156003874,57.7391156902094,1.6816,1.83122562064251,4.84060387844221,1.93760218069193
"9143391","2008-12-17",17.0391922187293,0.550724637681159,0.638668136041973,0.71476868505542,2.19868919992653,1.33697746674013,1.76783333333333,0.761688440943193,55.5095079515098,1.6928,1.84172887122351,4.70738152622709,2.49155804979897
"9143390","2008-12-18",16.8992024612811,0.788732394366196,0.674127953771882,0.680799716850115,2.24867863185647,1.33165470147685,1.79016666666666,0.881487681775674,61.3027958079486,1.7124,1.87483168839371,5.31016566083213,3.0552795720056
"9143389","2008-12-19",17.7762387870828,0.680851063829787,0.673436031959047,0.662077373924301,2.3156165846585,1.33671674867482,1.82616666666666,0.95340015088197,63.573091275419,1.7352,1.91418746327455,6.03199138119708,3.65062193384389
"9143388","2008-12-22",19.0549192797689,0.813084112149532,0.760889190115171,0.702817725282034,2.402415384716,1.35691794861733,1.87966666666666,1.06145522670092,69.172734182755,1.7572,1.97896246817127,7.42230916750894,4.4049593805769
"9143387","2008-12-23",20.4105280989608,0.757894736842105,0.750609970940474,0.728311731004898,2.48852934824333,1.36880398508999,1.92866666666666,1.00726724488978,69.6102085164665,1.786,2.0377674724151,8.43586434021562,5.21114037250465
"9143386","2008-12-24",21.6693077167819,0.903225806451613,0.82473488514775,0.778744682067799,2.57143960802112,1.39722705864554,1.98433333333333,1.01012910764626,72.5471038041246,1.83,2.10739847609309,9.60051474011718,6.08901524602715
"9143385","2008-12-26",21.5940127615422,0.711111111111111,0.790743884801609,0.788696246963278,2.60657771933443,1.45742228066556,2.03199999999999,0.860844714921253,64.4075085297226,1.8616,2.14507867928068,9.7156600093069,6.8143441986831
"9143384","2008-12-29",20.0891201274818,0.337662337662338,0.650666418408353,0.755381729452571,2.61436146360663,1.51330520306002,2.06383333333333,0.678162255368574,54.6897815967358,1.8892,2.14440152204325,8.76591641235607,7.2046586414177
"9143383","2008-12-30",18.6917198244257,0.351351351351351,0.466708266708266,0.636039523306076,2.61942682424513,1.55357317575486,2.08649999999999,0.603360031485297,55.5563519376391,1.9232,2.14781465243749,8.03344512267243,7.37041593766864
"9143382","2008-12-31",18.544460843342,0.27027027027027,0.319761319761319,0.479045334959313,2.63033927809786,1.58366072190212,2.10699999999999,0.627068620268105,53.3583662117277,1.9496,2.14277269877916,7.14781097620303,7.32589494537552
"9143381","2009-01-02",18.4077203609072,0.486486486486486,0.369369369369369,0.385279651946318,2.62136941115587,1.66429725551079,2.14283333333333,0.692078864951863,58.1170005984049,1.9856,2.15973633894193,6.96230527614956,7.25317701153033
"9143380","2009-01-05",17.3870576185984,0.27027027027027,0.342342342342342,0.343824343824344,2.60770781195864,1.72529218804135,2.16649999999999,0.549296497955121,52.3636220855543,2.014,2.15310482708301,6.14702101172551,7.03194581156936
"9143379","2009-01-06",16.6779392334393,0.486486486486486,0.414414414414414,0.375375375375375,2.60266925169249,1.78599741497416,2.19433333333333,0.67020300413267,56.9529379964484,2.0428,2.16869085013861,6.02689115532058,6.83093488031961
"9143378","2009-01-07",15.5391856309555,0.337837837837838,0.364864864864864,0.373873873873874,2.58222080114749,1.8437791988525,2.213,0.464339315050118,53.1610120444593,2.0612,2.16753207012013,5.45825599216194,6.55639910268808
"9143377","2009-01-08",15.0132966152436,0.160714285714286,0.328346203346203,0.369208494208494,2.57222292015562,1.88677707984437,2.2295,0.52018151182748,53.7637770878392,2.0772,2.16919446077078,5.02427929664786,6.24997514148003
"9143376","2009-01-09",14.524971100654,0.203703703703704,0.234085275751942,0.309098781321004,2.5669758661811,1.91669080048555,2.24183333333333,0.497180723608703,55.0107694677379,2.1048,2.17596853266801,4.77321493471883,5.95462310012779
"9143375","2009-01-12",13.6669739655245,0.0740740740740741,0.146164021164021,0.236198500087389,2.56627040729764,1.92139625936902,2.24383333333333,0.359662539906915,52.3499205875267,2.1228,2.17250606164561,4.26524468946421,5.61674741799508
"9143374","2009-01-13",14.1141345935099,0,0.0925925925925923,0.157613963169519,2.56530778260764,1.93369221739235,2.2495,0.437461959179976,50.471989872482,2.138,2.16283858675953,3.63532405011116,5.22046274441829
"9143373","2009-01-14",14.4090032921989,0,0.0246913580246909,0.0878159905937684,2.55124544137784,1.96475455862215,2.258,0.293119830331838,49.7039232671946,2.1512,2.15179344185826,3.0264331294505,4.78165682142473
"9143372","2009-01-15",13.8220688387295,0,-4.62592926927149e-16,0.0390946502057613,2.55514505406136,1.9575216126053,2.25633333333333,0.0599235542715315,44.2634167262668,2.1532,2.12222098294382,1.9529003725268,4.21590553164515
"9143371","2009-01-16",13.2770582747937,0.0175438596491228,0.00584795321637381,0.0101797704136885,2.55556810658007,1.95676522675325,2.25616666666666,0.0555020264036769,44.6980098509622,2.1524,2.09792485188465,1.11978892241338,3.59668220979879
"9143370","2009-01-20",13.7223162561834,0,0.00584795321637381,0.0038986354775828,2.56518969676978,1.93314363656355,2.24916666666666,0.105777676099491,41.557372556069,2.144,2.06486820496669,0.100571708096409,2.89746010945832
"9143369","2009-01-21",14.5259601655379,0.338461538461538,0.118668466036886,0.0434547908232118,2.56193556768842,1.9273977656449,2.24466666666666,0.398088551291342,50.6799571045683,2.144,2.06555244430447,0.148401564335843,2.34764840043382
"9143368","2009-01-22",15.6029611322728,0.546875,0.295112179487179,0.139876199580147,2.53791914065081,1.93441419268251,2.23616666666666,0.600247728214454,55.1363934041841,2.154,2.08347878506387,0.685313478351568,2.01518141601737
"9143367","2009-01-23",16.6030334585267,0.671874999999999,0.519070512820512,0.310950386114859,2.50925433329995,1.94674566670004,2.228,0.687256374146247,57.6711267798199,2.1668,2.10968161372202,1.39697639744472,1.89154041230284
"9143366","2009-01-26",17.177612152914,0.593749999999999,0.604166666666666,0.472783119658119,2.44270492572335,1.98162840760997,2.21216666666666,0.618201638684629,55.5583569147302,2.1796,2.12572406522575,1.74189875386419,1.86161208061511
"9143365","2009-01-27",16.5614581794536,0.312499999999999,0.526041666666666,0.549759615384615,2.4024606368227,1.99320602984395,2.19783333333333,0.407555510217401,48.648759949696,2.178,2.11562752319565,1.31381038387084,1.75205174126626
"9143364","2009-01-28",16.0393930433993,0.468749999999999,0.458333333333332,0.529513888888888,2.39955078665202,1.99311588001464,2.19633333333333,0.58283409253701,52.2050525729307,2.1772,2.1202105201029,1.34030339456785,1.66970207192658
"9143363","2009-01-29",15.554618274206,0.499999999999999,0.427083333333332,0.47048611111111,2.39955078665202,1.99311588001464,2.19633333333333,0.500820139530082,52.9074986497228,2.168,2.12684911742251,1.42036414802893,1.61983448714705
"9143362","2009-01-30",15.3803705992517,0.499999999999999,0.489583333333332,0.458333333333332,2.3974022397768,1.99259776022319,2.19499999999999,0.545289353896368,52.9074986497228,2.158,2.13260256843284,1.46607755770305,1.58908310125825
"9143361","2009-02-02",16.4499431736094,0.555555555555555,0.518518518518517,0.478395061728394,2.40318252627318,1.98981747372681,2.1965,0.887470265519611,55.9133497483638,2.1456,2.14825555930846,1.78204712614167,1.62767590623493
"9143360","2009-02-03",18.0330343149994,0.528089887640449,0.527881814398667,0.511994555416839,2.44552202152583,1.97247797847416,2.209,1.03060598412945,58.4145575090034,2.1428,2.17115481806734,2.26289230696242,1.75471918638043
"9143359","2009-02-04",19.9470934953142,0.769230769230769,0.617625404142257,0.554675245686481,2.55374203845935,1.90392462820731,2.22883333333333,1.2712422886181,67.7140096123495,2.1632,2.23500084232502,3.79085199781455,2.16194574866725
"9143358","2009-02-05",21.8358021288851,0.907407407407407,0.734909354759541,0.626805524433489,2.68828308239018,1.83705025094315,2.26266666666666,1.20564320885695,71.4626434796993,2.1896,2.31433406334835,5.51375130551917,2.83230686003764
"9143357","2009-02-06",21.7531860687092,0.53030303030303,0.735647068980401,0.696060609294067,2.76503729457832,1.81162937208834,2.28833333333333,0.991220307998079,59.8261938291151,2.2072,2.34575618823524,5.79506276707726,3.42485804144556
"9143356","2009-02-09",21.6764711556887,0.491071428571429,0.642927288760621,0.704494570833521,2.8198186657996,1.80284800086706,2.31133333333333,0.88218080429336,61.045998114682,2.2204,2.37965536313721,6.10260761595429,3.96040795634731
"9143355","2009-02-10",21.6052358793126,0.607142857142857,0.542839105339105,0.640471154360042,2.88590125969441,1.80009874030558,2.343,0.90860714424977,64.0982529411076,2.2452,2.42636798138558,6.68344938822232,4.50501624272231
"9143354","2009-02-11",20.7983730050034,0.5,0.532738095238094,0.572834829779274,2.92320173885028,1.80879826114971,2.366,0.772791682799906,59.4663191529566,2.2588,2.45085225053417,6.65199318749357,4.93441163167656
"9143353","2009-02-12",20.3324638258009,0.526785714285714,0.544642857142856,0.540073352573352,2.96064821328378,1.82868512004954,2.39466666666666,0.77857209764001,60.2398696013524,2.278,2.47607195046295,6.63918722019912,5.27536674938107
"9143352","2009-02-13",20.5122295084505,0.5625,0.529761904761904,0.535714285714285,2.99281931167765,1.87551402165567,2.43416666666666,0.812507843455929,61.3003509748373,2.298,2.50326235706789,6.67134603035193,5.55456260557524
"9143351","2009-02-17",20.7212271247232,0.607843137254902,0.565709617180205,0.546704793028322,3.02410917049931,1.92989082950068,2.47699999999999,0.837836291730681,63.6496131353456,2.32,2.5388273761255,6.89144242274435,5.82193856900907
"9143350","2009-02-18",20.1840205181187,0.49,0.5534477124183,0.549639744786803,3.02887201173487,2.00112798826512,2.51499999999999,0.738386207465227,58.9401585210479,2.3404,2.55498372597544,6.63152414601003,5.98385568440926
"9143349","2009-02-19",19.6851858119861,0.51,0.5359477124183,0.551701680672269,3.04564213996075,2.04335786003924,2.54449999999999,0.724986068840334,59.5265226051284,2.3636,2.57165256251204,6.4100495400734,6.06909445554209
"9143348","2009-02-20",18.9487166176605,0.423913043478261,0.47463768115942,0.52134436866534,3.0559795475972,2.07268711906945,2.56433333333333,0.631191898012632,57.7502141985178,2.386,2.58076555417711,6.03701506639085,6.06267857771184
"9143347","2009-02-23",17.990497422619,0.329411764705882,0.421108269394714,0.477231220990811,3.06240887257925,2.09925779408741,2.58083333333333,0.585656343892786,55.9521334449693,2.4128,2.58333014695349,5.55201597517965,5.9605460572054
"9143346","2009-02-24",18.3486673254914,0.241935483870968,0.331753430685036,0.409166460413057,3.07674963703689,2.1392503629631,2.60799999999999,0.715466833507228,59.3589243489013,2.4432,2.59888612735969,5.41467857988083,5.85137256174049
"9143345","2009-02-25",18.6812536638729,0.338709677419354,0.303352308665401,0.352071336248384,3.06680130586138,2.21253202747195,2.63966666666666,0.679880829796878,61.2933079072219,2.4796,2.62036797704507,5.42368376335753,5.7658348020639
"9143344","2009-02-26",19.44127766592,0.241935483870968,0.274193548387096,0.303099762579178,3.05492956349079,2.2800704365092,2.6675,0.653791395773935,58.3047215656552,2.5048,2.63098558010572,5.18246517806944,5.64916087726501
"9143343","2009-02-27",19.3971432158105,0,0.193548387096774,0.257031414716424,3.01331865251472,2.3700146808186,2.69166666666666,0.48186445727064,53.6127609976347,2.5208,2.62685416942496,4.63111267745089,5.44555123730218
"9143342","2009-03-02",19.1392510268468,0,0.0806451612903221,0.182795698924731,2.9522231153967,2.46844355126995,2.71033333333333,0.244373934252704,52.2542041871682,2.5324,2.61927361350163,4.05587682291491,5.16761635442473
"9143341","2009-03-03",18.4758499278302,0,-5.82867087928207e-16,0.0913978494623654,2.93710345862358,2.49022987470974,2.71366666666666,-0.149699028504909,40.7602060232957,2.5336,2.57137046503475,2.60611200294953,4.65531548412969
"9143340","2009-03-04",17.8598346216005,0.493506493506494,0.164502164502164,0.0817157752641622,2.91661916513887,2.53071416819446,2.72366666666666,0.335019843819662,54.0909592747136,2.5572,2.58052106969678,2.61373113320222,4.2469986139442
"9143339","2009-03-05",18.4289321752497,0.155844155844156,0.216450216450216,0.126984126984127,2.93582718772371,2.48383947894294,2.70983333333333,-0.0674933079306545,46.3976746473246,2.5664,2.55378492707054,1.78138953842037,3.75387679883943
"9143338","2009-03-06",17.7506174003394,0.27906976744186,0.309473472264169,0.230141951072183,2.91674946643317,2.48725053356682,2.702,0.510865374299133,49.9368179538697,2.5796,2.54661360346114,1.48266681145091,3.29963480136173
"9143337","2009-03-09",17.1207536807799,0.290697674418604,0.241870532568206,0.255931407094198,2.91367369466753,2.47099297199913,2.69233333333333,0.208593590381788,50.2317151405215,2.5932,2.54173178966632,1.26311880225216,2.89233160153981
"9143336","2009-03-10",17.6349761851141,0.581395348837209,0.383720930232557,0.311688311688311,2.92986508578598,2.46880158088068,2.69933333333333,0.805091739359343,57.0441070248476,2.6136,2.57083421771081,1.8582856586749,2.68552241296683
"9143335","2009-03-11",19.7382203692185,0.559210526315789,0.477101183190534,0.367564215330433,3.08586330114731,2.36747003218602,2.72666666666666,1.34447710311072,64.3926231114712,2.6452,2.6427229886827,3.35847423418039,2.82011277720954
"9143334","2009-03-12",21.6912328258868,0.664473684210526,0.601693186454508,0.4875050999592,3.20951506968141,2.31181826365191,2.76066666666666,1.15649485369114,67.1585214910309,2.67,2.72635992352501,4.91749508112174,3.23958923799198
"9143333","2009-03-13",23.5047443927932,0.75,0.657894736842105,0.578896368829049,3.33182440283304,2.26184226383362,2.79683333333333,1.09486974296152,69.2486296707366,2.6928,2.81617860038834,6.39001126121108,3.8696736426358
"9143332","2009-03-16",23.979896456369,0.572368421052632,0.662280701754385,0.640622875017,3.3844282968805,2.25290503645282,2.81866666666666,0.854684121280588,60.6195606303182,2.716,2.8580214536699,6.66671576497049,4.42908206710274
"9143331","2009-03-17",24.4211090868323,0.598684210526316,0.640350877192982,0.653508771929824,3.42489953868776,2.24710046131223,2.83599999999999,0.803390739725808,61.3872133899009,2.7388,2.89961859318058,6.90060126262142,4.92338590620647
"9143330","2009-03-18",25.1536623635843,0.638157894736842,0.603070175438596,0.635233918128655,3.48036127519975,2.24363872480024,2.862,0.837990117399391,62.5659769560656,2.7588,2.94366944742317,7.15066399882738,5.36884152473066
"9143329","2009-03-19",26.1979533347265,0.592105263157895,0.609649122807017,0.617690058479532,3.53190268415861,2.24409731584138,2.888,0.812158972069901,60.2548744017421,2.7808,2.97251352110008,7.06295074580372,5.70766336894527
"9143328","2009-03-20",27.3702702709198,0.842105263157895,0.69078947368421,0.634502923976608,3.63507578043758,2.22925755289574,2.93216666666666,0.95845187334564,67.3134933185105,2.8168,3.0481783849534,7.89634189315509,6.14539907378723
"9143327","2009-03-23",28.560242221263,0.8,0.744736842105263,0.68172514619883,3.72029018866807,2.23437647799859,2.97733333333333,0.896613429906244,65.9850516152425,2.8496,3.10842126695961,8.31560783025031,6.57944082507985
"9143326","2009-03-24",28.7195955777418,0.664285714285714,0.768796992481202,0.734774436090226,3.76253190953902,2.2478014237943,3.00516666666666,0.73865631767639,59.9344926494398,2.8712,3.135298431365,8.04715614394893,6.87298388885367
"9143325","2009-03-25",29.1584384553892,0.734375,0.732886904761904,0.748806913116124,3.81951817771785,2.26081515561547,3.04016666666666,0.790733167409555,62.4702081607168,2.9024,3.175925307183,8.06182568470419,7.11075224802377
"9143324","2009-03-26",29.6621744706913,0.826771653543307,0.74181078927634,0.747831562173149,3.88506962838179,2.27526370495154,3.08016666666666,0.81463420069963,64.691625618724,2.9376,3.22713526622527,8.26155324982032,7.34091244838308
"9143323","2009-03-27",28.3938568259057,0.401960784313725,0.654369145952344,0.70968894666353,3.89995068879371,2.32271597787294,3.11133333333333,0.621732040685256,53.5895923835456,2.9588,3.21951723072856,7.35730775691557,7.34419151008958
"9143322","2009-03-30",27.2161332986048,0.388059701492537,0.538930713116523,0.645036882781736,3.91310689004608,2.39222644328725,3.15266666666666,0.671391950775738,57.6074460226726,2.9896,3.23958159996476,7.05651406496848,7.28665602106536
"9143321","2009-03-31",26.1225328803968,0.421052631578947,0.403691039128403,0.53233029939909,3.89185669365947,2.51247663967386,3.20216666666666,0.653088096392668,57.6074460226725,3.0164,3.25697071996945,6.73655681151253,7.17663617915479
"9143320","2009-04-01",24.8850056254498,0.333333333333333,0.380815222134939,0.441145658126622,3.88119302271733,2.591140310616,3.23616666666666,0.580487667177728,56.1968581657989,3.0388,3.26537462397353,6.28498429121687,6.99830580156721
"9143319","2009-04-02",23.2560019232925,0.140350877192982,0.298245614035087,0.360917291766143,3.81293309587501,2.74140023745831,3.27716666666666,0.496422570429624,53.115446515535,3.0592,3.25799134077706,5.59159857477864,6.7169643562095
"9143318","2009-04-03",21.7015810269797,0,0.157894736842105,0.278985191004044,3.77207455235118,2.83492544764881,3.3035,0.425127531665361,51.4580210279526,3.0812,3.24359249534012,4.83864827809533,6.34130114058666
"9143317","2009-04-06",20.2655404556877,0.181818181818182,0.107389686337054,0.187843345738082,3.66420278435837,3.01813054897495,3.34116666666666,0.462078543763058,54.0325457235909,3.1084,3.24444682929477,4.4398369418402,5.96100830083737
"9143316","2009-04-07",19.561728638029,0.563636363636363,0.248484848484848,0.171256423888003,3.60934533917736,3.13965466082263,3.3745,0.781390865855872,58.9556288460321,3.1564,3.27318725205547,4.589314579892,5.6866695566483
"9143315","2009-04-08",18.9081890930602,0.636363636363636,0.46060606060606,0.272160198475988,3.62665750898471,3.14134249101528,3.384,0.78709874653439,59.8379525376995,3.1908,3.3034289517814,4.74379322209062,5.49809428973676
"9143314","2009-04-09",18.7543590839905,0.727272727272726,0.642424242424241,0.45050505050505,3.65466897699375,3.13766435633957,3.39616666666666,0.881363451678998,60.9674770363229,3.2376,3.33630509154388,4.92280367145863,5.38303616608114
"9143313","2009-04-13",18.692814909206,0.836363636363635,0.733333333333332,0.612121212121211,3.68580449334015,3.12719550665984,3.4065,0.918002584218426,62.3363652033075,3.282,3.3727977460047,5.14027091692189,5.33448311624929
"9143312","2009-04-14",18.6356667469061,0.909090909090908,0.824242424242423,0.733333333333332,3.71551467132728,3.14181866200604,3.42866666666666,0.909043575088339,63.2613985511344,3.3276,3.40975804653741,5.33576796432214,5.33474008586386
"9143311","2009-04-15",19.5849433574377,0.6625,0.802651515151514,0.786742424242423,3.7594630220187,3.15553697798129,3.4575,1.01744746411475,63.9760147593669,3.3644,3.44579030699909,5.48771831396488,5.36533573148406
"9143310","2009-04-16",20.6959890822539,0.850574712643678,0.807388540578195,0.811427493324044,3.84498414713295,3.13534918620037,3.49016666666666,1.12449948362786,68.5828229042379,3.3956,3.50501826606587,6.01162939318611,5.49459446382447
"9143309","2009-04-17",23.3330167938557,0.55,0.687691570881226,0.765910542203645,4.01865192307306,3.05968141026026,3.53916666666666,1.26210198704619,71.2247503940878,3.426,3.57501583059042,6.64310543155404,5.72429665737039
"9143308","2009-04-20",25.7816853832003,0.7625,0.721024904214559,0.738701671891327,4.19589514651588,2.96677152015078,3.58133333333333,1.18232897706708,76.4124236795128,3.4648,3.68101371984503,7.76737373170864,6.13291207223804
"9143307","2009-04-21",28.2283161205619,0.81875,0.710416666666666,0.706377713920817,4.36611746369888,2.89154920296778,3.62883333333333,1.10209714055092,77.5653993327446,3.518,3.78487855719903,8.6906597033108,6.64446159845259
"9143306","2009-04-22",30.978424465077,0.809782608695652,0.797010869565217,0.742817480148814,4.57293165383379,2.82373501283287,3.69833333333333,1.10503965564886,79.7023622891411,3.5768,3.89889474957249,9.62571124829212,7.2407115284205
"9143305","2009-04-23",33.567295930922,0.839572192513369,0.822701600403006,0.77670971221163,4.75992743651545,2.76940589681787,3.76466666666666,1.03017930843073,80.5874053508543,3.6364,4.00837544962949,10.3453953561336,7.86164829396313
"9143304","2009-04-24",35.9712480063496,0.847457627118644,0.832270809442555,0.817327759803593,4.9111062169946,2.73856044967205,3.82483333333333,0.9442560802096,80.9233266183807,3.7,4.10725872301223,10.7953290903528,8.44838445324105
"9143303","2009-04-27",36.0230224113285,0.576923076923077,0.754650965518363,0.803207791787975,4.97854643628669,2.78912023037997,3.88383333333333,0.773816033800386,65.1420137562829,3.7328,4.14095755994393,10.2507341070818,8.8088543840092
"9143302","2009-04-28",34.5713779643445,0.328947368421053,0.584442690820924,0.723788155260614,5.00091434702347,2.84241898630985,3.92166666666666,0.615049278239466,54.5641213468063,3.7528,4.12216321861807,9.01950440238823,8.85098438768501
"9143301","2009-04-29",33.2234224064309,0.394557823129252,0.433476089491127,0.590856581943471,5.02171802810576,2.90161530522756,3.96166666666666,0.618704940072439,57.2629074996895,3.7856,4.12320812280233,8.20356516494878,8.72150054313776
"9143300","2009-04-30",31.9717493883682,0.397163120567376,0.373556104039227,0.463824961450426,5.02954693067586,2.97978640265747,4.00466666666666,0.595295684868211,58.0878260176072,3.8148,4.12944703976202,7.54822796588228,8.48684602768667
"9143299","2009-05-01",31.171386906103,0.437956204379562,0.409892382692063,0.405641525407472,5.03017759813719,3.08115573519614,4.05566666666666,0.621941508807928,59.7607293987319,3.8424,4.14552076779375,7.1015835881423,8.20979353977779
"9143298","2009-05-04",31.0040269964374,0.559701492537313,0.46494027249475,0.41612958640868,5.03215785310606,3.20417548022727,4.11816666666666,0.699764873055964,63.3093031246088,3.8928,4.18345133208792,7.01036383263127,7.96990759834849
"9143297","2009-05-05",31.5953783723612,0.672566371681416,0.55674135619943,0.477191337128748,5.06339053969914,3.31527612696752,4.18933333333333,0.815006078924889,67.1252400079608,3.944,4.24565782114286,7.26249571535205,7.8284252217492
"9143296","2009-05-06",32.304667334122,0.892156862745098,0.708141575654609,0.576607734782929,5.13445571661584,3.38754428338416,4.261,0.888685990075579,70.9681114872801,4.0056,4.33423677832381,7.83541059197808,7.82982229579498
"9143295","2009-05-07",33.7544243195125,0.653061224489796,0.739261486305436,0.668048139386492,5.22412033419418,3.45854633247248,4.34133333333333,0.946691368301529,71.6543283116583,4.0712,4.41767187454731,8.25311135749243,7.91448010813447
"9143294","2009-05-08",35.1006272345179,0.680272108843537,0.741830065359477,0.729744375773174,5.28492705031032,3.54673961635633,4.41583333333333,0.884020725821029,72.2200364367272,4.1428,4.49531562460767,8.52920304656142,8.03742469581986
"9143293","2009-05-11",35.9106665569499,0.619047619047619,0.65079365079365,0.710628400819521,5.30282357808504,3.65984308858162,4.48133333333333,0.785253945290806,68.8886827355504,4.2132,4.55060687465998,8.46951411414607,8.1238425794851
"9143292","2009-05-12",36.416178409705,0.585034013605442,0.628117913832199,0.673580543328442,5.29497622973842,3.79335710359491,4.54416666666666,0.750285393139976,67.0385626629593,4.2776,4.59185929137198,8.22784447857316,8.14464295930271
"9143291","2009-05-13",35.6941560039683,0.408163265306122,0.537414965986394,0.605442176870748,5.25665067700852,3.9276826563248,4.59216666666666,0.603714559860082,58.2742694379966,4.3232,4.59294471918905,7.4920774032357,8.01412984808931
"9143290","2009-05-14",33.7829912586445,0.183673469387755,0.392290249433106,0.519274376417233,5.21518169151996,4.01715164181336,4.61616666666666,0.330694285687572,49.4395633390083,4.354,4.54988542329718,6.2591951460635,7.66314290768415
"9143289","2009-05-15",32.4945046709561,0.421768707482993,0.337868480725623,0.422524565381708,5.21643236423976,4.05956763576024,4.638,0.559355830440885,56.9024469667476,4.3968,4.55923403352422,5.83388805303438,7.2972919367542
"9143288","2009-05-18",31.604558830585,0.574626865671642,0.39335634751413,0.374505025890953,5.24666619020373,4.0806671431296,4.66366666666666,0.731275203305999,61.7646748704027,4.4484,4.60466949572099,5.91805087063053,7.02144372352946
"9143287","2009-05-19",30.5866190720451,0.523076923076923,0.506490832077186,0.412571886772313,5.26960920808843,4.09539079191157,4.6825,0.679552058142462,60.4530856814806,4.4964,4.63738022962486,5.82251519220143,6.78165801726386
"9143286","2009-05-20",29.6976634748089,0.524590163934426,0.54076465089433,0.480203943495215,5.28701304981984,4.09498695018015,4.691,0.697702606291845,61.1635975419889,4.5448,4.67106286567488,5.74435837454503,6.57419808872009
"9143285","2009-05-21",27.6816687742531,0.25,0.432555695670449,0.493270392880655,5.27706960430927,4.09093039569073,4.684,0.496627714545702,52.9652810425039,4.572,4.65758781691823,5.06968519504192,6.27329550998446
"9143284","2009-05-22",25.8096736951655,0.283333333333334,0.35264116575592,0.441987170773566,5.26940580491923,4.08726086174743,4.67833333333333,0.498590133404292,53.7989209065278,4.5952,4.65124277466246,4.5524712862733,5.92913066524223
"9143283","2009-05-26",24.1797312233442,0.208333333333333,0.247222222222222,0.34413969454953,5.26956848394892,4.09809818271774,4.68383333333333,0.422746654435127,51.5835896104644,4.6012,4.6337437380408,3.9413833585789,5.53158120390956
"9143282","2009-05-27",23.0779298344546,0.108333333333334,0.2,0.266621129326047,5.24532276412547,4.15201056920786,4.69866666666666,0.287800775406625,48.7038586948346,4.5988,4.60257790630203,3.21052641616657,5.06737024636096
"9143281","2009-05-28",22.3214817316686,0.051020408163266,0.122562358276644,0.189928193499622,5.22576133175821,4.19190533490845,4.70883333333333,0.217401004049968,46.827006102948,4.586,4.56490085212843,2.46075218126056,4.54604663334088
"9143280","2009-05-29",21.6190656362245,0.220779220779222,0.126710987425273,0.149757781900639,5.19663834011723,4.25036165988277,4.7235,0.256765995110823,49.943074000542,4.5748,4.54824740517797,2.0545251437047,4.04774233541365
"9143279","2009-06-01",21.5698015176239,0,0.0905998763141621,0.11329107400536,5.19324186822094,4.25642479844572,4.72483333333333,0.0678629837194713,45.6240503830633,4.5552,4.50981441782091,1.39450805465773,3.51709547926246
"9143278","2009-06-02",21.5564649422814,0,0.0735930735930734,0.0969679791108363,5.20873348098552,4.22293318568113,4.71583333333333,0.0815582507280274,45.389208745889,4.5508,4.47517249544479,0.840985660427385,2.98187351549545
"9143277","2009-06-03",20.8537114046706,0.12,0.0399999999999995,0.068064316635745,5.20967787925849,4.18898878740817,4.69933333333333,0.216531375084235,47.9842446073577,4.5644,4.45714949605215,0.557264781460987,2.49695176868856
"9143276","2009-06-04",20.8585034910698,0,0.0399999999999995,0.0511976911976908,5.19362348139868,4.14070985193465,4.66716666666666,0.148119285730403,43.3057490192546,4.5652,4.41619622991186,-0.0153288487469538,1.99449564520145
"9143275","2009-06-05",20.8629532855833,0.105882352941176,0.0752941176470583,0.0517647058823524,5.12901016789009,4.12365649877657,4.62633333333333,0.18866677507032,45.9919567614421,4.568,4.39270339925695,-0.303385365988096,1.53491944296354
"9143274","2009-06-08",20.6527050270616,0.235294117647058,0.113725490196078,0.0763398692810451,5.05745164505207,4.12688168828125,4.59216666666666,0.293495733159596,49.1624033741928,4.572,4.38700961268935,-0.325808861379706,1.16277378209489
"9143273","2009-06-09",20.5727002110592,0.2,0.180392156862744,0.12313725490196,5.00710224384909,4.12023108948424,4.56366666666666,0.292904904209902,48.329136173286,4.5676,4.37807499766411,-0.39452085100059,0.851314855475797
"9143272","2009-06-10",20.7689026866374,0.133333333333333,0.18954248366013,0.161220043572984,4.95788866724796,4.10844466608537,4.53316666666666,0.237279130394438,46.3548599136271,4.5516,4.36099833130889,-0.572320782507851,0.566587727879067
"9143271","2009-06-11",20.9510906996742,0.151515151515151,0.161616161616161,0.177183600713012,4.9382259818216,4.08444068484506,4.51133333333333,0.244666486092012,46.3548599136271,4.5252,4.34619855380104,-0.705861071659986,0.312097967971257
"9143270","2009-06-12",21.5164380024233,0,0.0949494949494942,0.148702713408595,4.94350930120083,4.06249069879917,4.503,0.20904889790685,43.4163730252322,4.4928,4.32003874662757,-0.98796882417358,0.0520846095422896
"9143269","2009-06-15",22.3041289702798,0,0.0505050505050499,0.102356902356902,4.92899125865689,4.02334207467644,4.47616666666666,0.161936793979074,41.436252269485,4.456,4.28803358041056,-1.33025729977098,-0.224383772320364
"9143268","2009-06-16",23.0355562975751,0.0188679245283015,0.00628930817610005,0.050581284543548,4.85747018971941,4.01886314361392,4.43816666666666,0.184198535460414,41.8443056917336,4.4232,4.26162910302249,-1.56765063774135,-0.49303714540456
"9143267","2009-06-17",23.7147388157779,0.25,0.0896226415094333,0.0488056667301944,4.77645949373435,4.03587383959898,4.40616666666666,0.293631793324753,46.6482986901762,4.3972,4.25474522261949,-1.51194628213498,-0.696818972750644
"9143266","2009-06-18",24.8256733741619,0.0196078431372545,0.0961585892218515,0.0640235129691282,4.66587252448236,4.07046080885097,4.36816666666666,0.161578711486517,42.8374765171731,4.3768,4.23277919293689,-1.67763646001249,-0.892982470203013
"9143265","2009-06-19",25.8572554640899,0.0784313725490196,0.116013071895424,0.10059810087557,4.61685636267209,4.06681030399457,4.34183333333333,0.157301425896565,44.0676618393266,4.3708,4.21774196721197,-1.7331302704281,-1.06101203024803
"9143264","2009-06-22",27.7105729729454,0,0.032679738562091,0.0816171332264555,4.58391765367141,4.02808234632859,4.306,-0.122486544897724,36.462147571276,4.34,4.16870970491704,-2.27376909663509,-1.30356344352544
"9143263","2009-06-23",29.787300666158,0,0.0261437908496728,0.0582788671023959,4.58591883668457,3.94908116331543,4.2675,-0.197456644354649,33.2570499969334,4.2924,4.1075484109281,-2.95208855631522,-1.6332684660834
"9143262","2009-06-24",31.4548198354595,0.126582278481013,0.0421940928270038,0.0336725407462558,4.58159508578842,3.89673824754491,4.23916666666666,0.00476267779329381,37.4841798749715,4.2508,4.06787528947102,-3.26598213472787,-1.95981119981229
"9143261","2009-06-25",33.1631667487509,0.0506329113924051,0.0590717299578055,0.042469871211494,4.58141148056987,3.84092185276346,4.21116666666666,0.0212627068793025,36.0104930697484,4.2052,4.02549191754155,-3.60031949527421,-2.28791285890468
"9143260","2009-06-26",30.8111658164661,0.257425742574258,0.144880310815891,0.0820487112002335,4.54452465490381,3.85047534509618,4.1975,0.532418445897222,44.6095048349294,4.1812,4.01809299520268,-3.38861103976432,-2.50805249507661
"9143259","2009-06-29",28.6271649507731,0.584158415841584,0.297405689936082,0.167119243569926,4.55531010595486,3.8473565607118,4.20133333333333,0.775912642356034,54.4889504140137,4.1688,4.05568059584232,-2.53019097152329,-2.51248019036594
"9143258","2009-06-30",26.5991641469153,0.633663366336633,0.491749174917491,0.311345058556488,4.57081863613619,3.8431813638638,4.207,0.788147233046331,55.776002348897,4.162,4.09492318306335,-1.73416044749026,-2.35681624179081
"9143257","2009-07-01",25.5776291913434,0.615384615384615,0.61106879918761,0.466741221347061,4.58394999665134,3.83738333668199,4.21066666666666,0.865227489100392,55.776002348897,4.16,4.12893342532157,-1.09431633853613,-2.10431626113987
"9143256","2009-07-02",24.6290610183124,0.653846153846153,0.634298045189133,0.579038673098078,4.61544781190805,3.82721885475861,4.22133333333333,0.86622184969023,56.9067046602836,4.1628,4.16374230194536,-0.506735791589008,-1.7848001672297
"9143255","2009-07-06",23.0782047349788,0.528846153846153,0.599358974358973,0.614908606245239,4.61819500530584,3.82713832802749,4.22266666666667,0.648324812498926,52.2325848093701,4.1556,4.17657666168598,-0.291167884695032,-1.48607371072277
"9143254","2009-07-07",23.228347536143,0.508196721311475,0.563629676334593,0.599095565294233,4.6401107017858,3.81822263154753,4.22916666666667,0.866027132193462,54.4042847078961,4.1584,4.19703310679451,0.0136704552130107,-1.18612487753561
"9143253","2009-07-08",23.4284559684184,0.774193548387096,0.603745474514908,0.588911375069491,4.71729199059666,3.77937467607001,4.24833333333333,1.04908891436759,63.1642624105579,4.1752,4.26009535922191,0.889732141697697,-0.770953473688949
"9143252","2009-07-09",22.3793903662684,0.564516129032258,0.615635466243609,0.59433687236437,4.75098260665954,3.77201739334045,4.2615,0.818533620082467,54.5356909240315,4.178,4.28008264465899,1.07342382561808,-0.402078013827543
"9143251","2009-07-10",21.4052580214149,0.709677419354838,0.68279569892473,0.634058879894416,4.80258023975878,3.75875309357455,4.28066666666667,0.879373157181821,58.7381194026901,4.1956,4.32140495870446,1.53591879823032,-0.014478651415971
"9143250","2009-07-13",20.2701247221759,0.669354838709677,0.647849462365591,0.648760209177977,4.84538031305559,3.75561968694441,4.3005,0.814595081817868,57.1576493261011,4.2076,4.35055096421053,1.78426515625252,0.345270110117727
"9143249","2009-07-14",19.4251547857034,0.783333333333333,0.720788530465949,0.683811230585423,4.90639878170894,3.75360121829105,4.33,0.873005646130193,60.584093766218,4.2212,4.39581083564913,2.22740166566278,0.721696421226737
"9143248","2009-07-15",18.2948980434736,0.725,0.72589605734767,0.698178016726403,4.95468162971097,3.76098503695569,4.35783333333333,0.811776601295006,58.2430684314333,4.2332,4.42570272422924,2.4173024677725,1.06081763053589
"9143247","2009-07-16",18.2882611354326,0.701612903225806,0.736648745519713,0.727777777777777,5.04320169607219,3.74346497059447,4.39333333333333,0.93855035318056,63.0726053442045,4.2568,4.48094236099868,2.92647778402662,1.43394966123403
"9143246","2009-07-17",18.3544979145805,0.824742268041236,0.75045172375568,0.737665508874354,5.15334337224896,3.7283232944177,4.44083333333333,0.974262323631175,67.1626637975077,4.2892,4.55815004619885,3.66630654913691,1.88042103881461
"9143245","2009-07-20",18.4160034952179,0.845360824742267,0.790571998669769,0.759224155981721,5.24827467010964,3.73072532989035,4.4895,0.919865535689665,67.5149185050429,4.3264,4.62773004003901,4.22047427376877,2.34843168580544
"9143244","2009-07-21",17.5461534285192,0.663265306122449,0.777789466301984,0.772937729575811,5.29397521582551,3.79102478417449,4.5425,0.817708415357024,61.4780390765503,4.3596,4.66536603470047,4.30412187647216,2.73956972393878
"9143243","2009-07-22",16.8860903117569,0.428571428571428,0.645732519812048,0.738031328261267,5.27178209170285,3.90955124163048,4.59066666666666,0.64388163356423,54.3918868611312,4.3832,4.66731723007374,3.92655636452952,2.97696705205693
"9143242","2009-07-23",16.2731745604776,0.663265306122449,0.585034013605441,0.669518666573158,5.2608129995757,4.02452033375763,4.64266666666666,0.740504001644778,59.42806284705,4.4112,4.69967493273058,3.97562965227731,3.17669957210101
"9143241","2009-07-24",15.4961746228849,0.626373626373626,0.572736787022501,0.601167773479997,5.21209179606791,4.18224153726542,4.69716666666666,0.74226823061648,59.1223824657298,4.4436,4.72638494169983,3.94826929209562,3.33101351609993
"9143240","2009-07-27",14.7746746808345,0.590361445783132,0.626666792759735,0.594812531129226,5.20971412084155,4.25728587915845,4.7335,0.72381388679736,59.1223824657298,4.4748,4.74953361613986,3.87916715755752,3.44064424439145
"9143239","2009-07-28",14.1216566682782,0.590361445783132,0.602365505979963,0.600589695254067,5.22646856144763,4.30053143855237,4.7635,0.751816954846342,59.1223824657298,4.5168,4.76959580065454,3.77872865996129,3.50826112750542
"9143238","2009-07-29",14.2385122688718,0.45679012345679,0.545837671674351,0.59162332347135,5.24647068148113,4.34452931851887,4.7955,0.789560582751093,59.3833187521368,4.5648,4.78831636056727,3.67191975720162,3.54099285344466
"9143237","2009-07-30",14.3470210408515,0.716049382716049,0.58773365065199,0.578645609435435,5.28706033664664,4.37360633002002,4.83033333333333,0.882796138754687,64.5071390224391,4.6172,4.83254084582497,3.89100024413482,3.61099433158269
"9143236","2009-07-31",14.6730137689607,0.876712328767123,0.683183944979987,0.60558508910211,5.34288539547176,4.39578127119491,4.86933333333333,0.944160949027503,67.4547520150557,4.6776,4.88953539971497,4.23961524585492,3.73671851443714
"9143235","2009-08-03",15.407845161952,0.771084337349397,0.787948682944189,0.686288759525389,5.3654525204712,4.4715474795288,4.9185,0.95288181047345,67.4547520150558,4.7292,4.93893067975298,4.45466759998276,3.88030833154626
"9143234","2009-08-04",16.0190462091799,0.74025974025974,0.796018802125419,0.755717143349865,5.39604391073736,4.51795608926264,4.957,0.890621520548984,66.9938530409252,4.7672,4.98040658911925,4.54893520327027,4.01403370589106
"9143233","2009-08-05",16.6782528157983,0.753246753246752,0.754863610285296,0.779610365118302,5.44016203362677,4.52883796637322,4.9845,0.86083029643268,67.2349483341359,4.8036,5.01768571057001,4.58122496309499,4.12747195733185
"9143232","2009-08-06",17.3382625586684,0,0.497835497835497,0.682905970082071,5.42398258623289,4.56101741376711,4.9925,0.19967888052059,42.0783875338806,4.8096,4.94866094916068,3.34237085352003,3.97045173656949
"9143231","2009-08-07",17.4589686572904,0.473684210526316,0.408976987924356,0.55389203201505,5.41919310188438,4.60480689811562,5.012,0.567126219002342,53.2355888038999,4.832,4.94883948927259,3.05500720628329,3.78736283051225
"9143230","2009-08-10",16.674667319582,0.62,0.364561403508771,0.423791296422875,5.42426191366377,4.66007141966956,5.04216666666666,0.767603433446468,56.6340664307312,4.8664,4.97166089070291,3.06792676727758,3.64347561786531
"9143229","2009-08-11",15.9463875059956,0.71,0.601228070175438,0.458255487202855,5.44336227255308,4.69463772744691,5.069,0.804072663511231,58.3593661349893,4.9016,5.00343943860919,3.18442990321737,3.55166647493572
"9143228","2009-08-12",15.133141949658,0.82,0.716666666666666,0.560818713450292,5.46520607791335,4.73779392208665,5.1015,0.882864099491833,60.4314205923052,4.9276,5.0456475134613,3.40970596526613,3.52327437300181
"9143227","2009-08-13",14.5816098175391,0.725,0.751666666666666,0.68985380116959,5.52033093015946,4.7343357365072,5.12733333333333,0.948688070251354,61.3723226771382,4.966,5.08889451166646,3.62013189548871,3.54264587749919
"9143226","2009-08-14",13.6995649054776,0.525925925925926,0.690308641975308,0.71954732510288,5.55619672737702,4.72913660595631,5.14266666666667,0.83935461207408,56.7240077743854,4.9908,5.10504191011093,3.48967447324808,3.53205159664897
"9143225","2009-08-17",12.8805232014206,0.555555555555555,0.60216049382716,0.681378600823045,5.57698171812944,4.73068494853722,5.15383333333333,0.731794181089915,57.5888321182481,5.0192,5.12436965542947,3.4087203576781,3.50738534885479
"9143224","2009-08-18",11.9862748260936,0.622222222222222,0.567901234567901,0.620123456790123,5.60801792077696,4.73998207922304,5.174,0.78723852333907,59.5476404048199,5.0452,5.15312036803888,3.44405060327724,3.49471839973928
"9143223","2009-08-19",11.5195402425232,0.555555555555555,0.577777777777777,0.58261316872428,5.6030840169603,4.80058264970636,5.20183333333333,0.676323687128656,56.7261430964937,5.0704,5.16603765230036,3.29142986888618,3.45406069356866
"9143222","2009-08-20",10.8856394968997,0.57037037037037,0.582716049382716,0.576131687242798,5.61555966140222,4.83377367193111,5.22466666666667,0.720009059149756,57.2113377003393,5.0876,5.17989929866031,3.16433605973803,3.39611576680253
"9143221","2009-08-21",10.2970173759637,0.681481481481481,0.602469135802469,0.587654320987654,5.63161696924006,4.86871636409327,5.25016666666666,0.770677462577541,60.7645033780924,5.102,5.2119127255056,3.2572581356652,3.36834424057507
"9143220","2009-08-24",9.99922879619839,0.674074074074074,0.641975308641975,0.609053497942386,5.6418883276786,4.91044500565472,5.27616666666666,0.760443966420932,60.4043822346962,5.1152,5.23832436210486,3.27463299132262,3.34960199072458
"9143219","2009-08-25",9.38771489564518,0.629629629629629,0.661728395061728,0.635390946502057,5.64783329355608,4.94950003977725,5.29866666666666,0.711933198367888,58.1765496005263,5.1328,5.25321444715754,3.15790838554324,3.31126326968831
"9143218","2009-08-26",8.78285094824002,0.411111111111111,0.571604938271605,0.625102880658436,5.64663969617885,4.98236030382115,5.3145,0.588567151126761,57.043689172358,5.1584,5.26211918753654,2.98424294466271,3.24585920468319
"9143217","2009-08-27",8.26584252254259,0.328767123287672,0.456502621342804,0.563278651558712,5.6546240675571,4.99737593244289,5.326,0.627805611780709,58.2121179030637,5.1764,5.27516996253167,2.87416293867144,3.17151995148084
"9143216","2009-08-28",7.78576327010926,0.28125,0.340376078132927,0.456161212582445,5.66385380937002,5.00181285729664,5.33283333333333,0.64173342757645,59.1104431424409,5.196,5.29048063419411,2.79961240664888,3.09713844251445
"9143215","2009-08-31",8.54870195475141,0,0.20333904109589,0.333405913523874,5.66220907914348,4.99412425418984,5.32816666666666,0.353062570799335,49.2323979811618,5.2052,5.26908321630156,2.31671193757332,2.94105314152622
"9143214","2009-09-01",9.81585345753204,0,0.0937499999999995,0.212488373076272,5.66546211914147,4.97253788085852,5.319,0.208000785432604,45.1680333676501,5.2092,5.23320545412802,1.71396741538163,2.69563599629731
"9143213","2009-09-02",11.8651874481947,0,-3.14563190310461e-16,0.0990296803652965,5.69932215557511,4.89167784442488,5.2955,-0.0598586660292272,38.5731370526532,5.2028,5.16877806024429,0.835532517082926,2.32361530045443
"9143212","2009-09-03",12.8110623817036,0.244444444444444,0.081481481481481,0.0584104938271602,5.64546995217034,4.97619671449632,5.31083333333333,0.0953321930597747,46.0396663298733,5.1968,5.14227431887838,0.473786029591583,1.95364944628186
"9143211","2009-09-04",13.275056233626,0.255555555555556,0.166666666666666,0.0827160493827158,5.64515299223891,4.97684700776108,5.311,0.139386739611053,46.3588352818046,5.1856,5.12063774302793,0.199527392015697,1.60282503542863
"9143210","2009-09-08",13.1918348626458,0.277777777777778,0.259259259259259,0.169135802469135,5.64852384905262,4.96014281761404,5.30433333333333,0.222537386597006,47.0336134695632,5.1752,5.10455271062421,0.0129860653103275,1.28485724140497
"9143209","2009-09-09",12.5669811144155,0.566666666666666,0.366666666666666,0.264197530864197,5.65306288659383,4.96260378007283,5.30783333333333,0.585209004816779,54.9648745923879,5.1756,5.12527901587431,0.273093923832657,1.08250457789051
"9143208","2009-09-10",13.4726364892737,0.568,0.470814814814814,0.36558024691358,5.69437419827019,4.94729246839647,5.32083333333333,0.927217871758982,59.9348069074956,5.1836,5.1699084804244,0.782305768462588,1.02246481600492
"9143207","2009-09-11",15.5852064728797,0.679558011049724,0.604741559238796,0.480741013573426,5.87991406456264,4.83108593543735,5.3555,1.27975915273688,69.3924961807122,5.2428,5.27792068303448,1.95789382906375,1.20955061861669
"9143206","2009-09-14",18.3048305464582,0.627705627705628,0.625087879585117,0.566881417879576,6.12886849023188,4.68846484310144,5.40866666666666,1.2484013263557,72.3647458339208,5.2928,5.40086459196322,3.15664754289442,1.59897000347223
"9143205","2009-09-15",21.2681735647448,0.847583643122677,0.718282427292676,0.649370622038863,6.54979154682561,4.44920845317439,5.4995,1.29366851599706,80.183330377694,5.3692,5.61808264636812,5.20929444328722,2.32103489143523
"9143204","2009-09-16",23.8928756165012,0.836431226765799,0.770573499198034,0.704647935358609,6.85055484849351,4.31877848483981,5.58466666666666,1.10905853381721,79.3099166519467,5.4408,5.80233829351904,6.62797703551254,3.18242332025069
"9143203","2009-09-17",24.4515380038202,0.650557620817844,0.77819083023544,0.75568225224205,7.00477061095738,4.30156272237595,5.65316666666666,0.892188359298927,66.3398092214456,5.488,5.89535985438317,6.93727306731444,3.93339326966344
"9143202","2009-09-18",24.9702959349022,0.706319702602231,0.731102850061958,0.759955726498477,7.15823493486892,4.28876506513107,5.7235,0.876318059555715,68.028998287837,5.5392,5.99597854046541,7.2799681253011,4.60270824079097
"9143201","2009-09-21",26.214551215014,0.792253521126761,0.716376948182278,0.741890209493225,7.37510612721967,4.24589387278033,5.8105,0.942976236175781,71.6091508912264,5.6108,6.12984806840336,7.89593743794879,5.26135408022254
"9143200","2009-09-22",28.0354078390118,0.84070796460177,0.779760396110253,0.742413398118163,7.70003785702971,4.15229547630362,5.92616666666666,1.0225388808964,76.4729966918387,5.7048,6.32586832594958,9.0040353734711,6.00989033887225
"9143199","2009-09-23",30.2219295358195,0.864864864864865,0.832608783531131,0.776248709274554,8.11497975423422,4.02635357909911,6.07066666666666,1.05422039162705,79.9816329920046,5.818,6.5717525491563,10.3866723383204,6.88524673876188
"9143198","2009-09-24",31.4241388697827,0.766404199475066,0.823992342980567,0.812120507540651,8.42683318284424,3.99683348382243,6.21183333333333,0.948043672276458,74.3271511011411,5.924,6.74885220926879,10.9476105936707,7.69771950974365
"9143197","2009-09-25",29.3450532321513,0.369393139841689,0.666887401393873,0.774496175968524,8.492210516262,4.083789483738,6.288,0.64638650178199,52.2336299554315,5.9692,6.70233858136629,9.49011319257964,8.05619824631085
"9143196","2009-09-28",27.5195430442903,0.54957507082153,0.561790803379428,0.684223515917956,8.61749825323083,4.1648350801025,6.39116666666667,0.746781148855982,59.1993764028703,6.0404,6.76869343718412,9.1786607492522,8.28069074689912
"9143195","2009-09-29",25.8244264412765,0.597597597597598,0.505521936086939,0.57806671362008,8.73494674074696,4.28871992591971,6.51183333333333,0.754485442853855,61.1080842738528,6.122,6.85953431222624,9.1086221751187,8.44627703254303
"9143194","2009-09-30",24.2503895956209,0.562277580071174,0.569816749496767,0.545709829654378,8.82519075587041,4.45714257746293,6.64116666666667,0.743167342319451,61.9515111506186,6.2104,6.95292973726274,9.0598494784736,8.56899152172915
"9143193","2009-10-01",23.0473080851818,0.351351351351352,0.503742176340041,0.526360287307916,8.80747260320849,4.72652739679151,6.767,0.645309473664961,56.5487516671547,6.282,6.97387243896104,8.39790424010789,8.5347740654049
"9143192","2009-10-02",22.4493365666378,0.158995815899582,0.357541582440702,0.47703350275917,8.74305789819893,4.98160876846774,6.86233333333333,0.522420437024323,52.9050173679285,6.3388,6.9480227804329,7.40901349308252,8.30962195094042
"9143191","2009-10-05",21.8940772994183,0.205020920502092,0.238456029251008,0.366579929343917,8.65145382531399,5.26821284135267,6.95983333333333,0.517783736645392,53.9697257417093,6.3988,6.94028640970851,6.6769771309936,7.98309298695106
"9143190","2009-10-06",21.6361271276134,0.138075313807531,0.167364016736402,0.254453876142704,8.51587745923771,5.58545587409562,7.05066666666667,0.458822762131403,52.123841652774,6.4628,6.91224822174738,5.84493445292189,7.55546128014522
"9143189","2009-10-07",21.3966019680802,0.150627615062761,0.164574616457461,0.19013155414829,8.37670736522963,5.8786259681037,7.12766666666667,0.411532106097798,52.4522169231101,6.5332,6.89194845884773,5.16196875037109,7.0767627741904
"9143188","2009-10-08",20.4628881087386,0.313807531380753,0.200836820083682,0.177591817759182,8.2553632256535,6.1626367743465,7.209,0.527555759440346,56.6179308880222,6.6292,6.92635533100137,5.01823648257664,6.66505751586765
"9143187","2009-10-09",19.3688870192574,0.376569037656904,0.280334728033473,0.215248721524872,8.20446608621164,6.33620058045503,7.27033333333334,0.569404839016257,58.1370787258508,6.7224,6.97617462020118,5.01676833900961,6.33539968049604
"9143186","2009-10-12",18.2679504672704,0.510460251046025,0.400278940027894,0.293816829381683,8.21142799793783,6.45190533539551,7.33166666666667,0.716914891062102,61.254227327956,6.828,7.06201800417436,5.31446150243942,6.13121204488472
"9143185","2009-10-13",17.4524220235923,0.506276150627615,0.464435146443515,0.381682938168294,8.25397482247264,6.46669184419403,7.36033333333333,0.712426723289411,61.1011144174165,6.9324,7.13508227028444,5.46423941773795,5.99781751945536
"9143184","2009-10-14",16.5973239730172,0.70059880239521,0.57244506802295,0.47905305149812,8.28719301136386,6.49047365530281,7.38883333333334,0.671330782570404,60.4502084937192,7.0248,7.19307130091318,5.46643464286947,5.89154094413818
"9143183","2009-10-15",16.8304452046727,0.649425287356322,0.618766746793049,0.551882320419838,8.34433958956755,6.56832707709912,7.45633333333334,0.841776871355678,63.4871570262277,7.1208,7.28199512745809,5.71654121118601,5.85654099754775
"9143182","2009-10-16",17.0469149197815,0.729885057471264,0.693303049074265,0.628171621296755,8.39767072242408,6.64432927757592,7.521,0.828325477252674,64.8888503493041,7.2016,7.37772911046368,5.98595900943812,5.88242459992582
"9143181","2009-10-19",17.3621364720982,0.844827586206896,0.741379310344827,0.684483035404047,8.4916569837301,6.65567634960323,7.57366666666667,0.868377160827176,66.8468763389815,7.2816,7.48736522906852,6.32733437074444,5.97140655408955
"9143180","2009-10-20",17.9226858680726,0.835227272727272,0.803313305468477,0.745998554962523,8.56700601491096,6.63199398508904,7.5995,0.860290611077403,66.8468763389815,7.3284,7.58238319852605,6.50627360303924,6.07837996387949
"9143179","2009-10-21",17.2480110134865,0.596590909090909,0.758881922675026,0.76785817949611,8.50682096087822,6.65684570578845,7.58183333333333,0.717029929938451,58.8534335877263,7.3596,7.60873210538925,6.12469432178488,6.08764283546057
"9143178","2009-10-22",17.0775422083188,0.142045454545455,0.524621212121212,0.695605480088238,8.42518797119351,6.64281202880649,7.534,0.33505163360415,47.2608623677457,7.3788,7.52490115800402,4.9171030509561,5.85353487855967
"9143177","2009-10-23",16.9192497463773,0.284090909090909,0.340909090909091,0.541470741901776,8.40786121950113,6.70647211383221,7.55716666666667,0.405665318141967,50.5395549093178,7.402,7.48558100360348,4.17828840119963,5.51848558308766
"9143176","2009-10-26",17.1293437735246,0.15606936416185,0.194068575932738,0.353199626321014,8.40819293821532,6.67414039511802,7.54116666666667,0.285954198363734,47.9702574453743,7.4032,7.42483686978968,3.33767267978333,5.0823230024268
"9143175","2009-10-27",17.3424724387836,0.026490066225165,0.155550113159308,0.230175926667046,8.39979164214879,6.62954169118455,7.51466666666667,0.273290018669549,47.8393023200824,7.38,7.37085862048439,2.62863225468766,4.59158485287897
"9143174","2009-10-28",18.4789472873641,0,0.0608531434623383,0.136823944184795,8.41923418676933,6.50409914656401,7.46166666666667,0.0727020204039489,40.8702952760448,7.3108,7.24674413775314,1.40538849079888,3.95434558046295
"9143173","2009-10-29",19.534245361046,0.0048780487804877,0.0104560383352175,0.0756197649856214,8.44777798915339,6.40355534417994,7.42566666666667,0.115664825649716,41.0298006618129,7.2528,7.14051158605272,0.429227244583341,3.24932191328703
"9143172","2009-10-30",20.5141650008935,0.0048780487804877,0.00325203252032508,0.0248537381059604,8.47740942773559,6.33525723893107,7.40633333333333,0.104914469776469,41.0298006618129,7.2548,7.04844337457903,-0.350636304844321,2.52933026966076
"9143171","2009-11-02",22.0286551032711,0,0.00325203252032508,0.00565336779195603,8.54443393303687,6.18956606696313,7.367,0.0185858692968516,36.3652535392058,7.2084,6.91398425796849,-1.43988666639703,1.7354868824492
"9143170","2009-11-03",23.4349673411932,0.0693877551020408,0.0247552679608428,0.0104197776671644,8.58963331517358,6.08103335149308,7.33533333333333,0.0859576330604801,39.4395713847755,7.1588,6.82011969023936,-2.09591021630489,0.969207462698384
"9143169","2009-11-04",23.9384746037836,0.106122448979592,0.0585034013605441,0.0288369006139041,8.61407324125268,6.00959342541399,7.31183333333333,0.163976406595861,41.0629547029595,7.1084,6.75077039820744,-2.48911382885056,0.277543204388595
"9143168","2009-11-05",26.0005707887094,0,0.0585034013605441,0.0472540235606438,8.75223222638483,5.69176777361517,7.222,-0.0724621301889247,28.7836887966314,7.0228,6.51333434511312,-4.39423167278219,-0.656811771045562
"9143167","2009-11-06",27.9153743889977,0.269886363636364,0.125336270871985,0.0807810245310246,8.76616167148186,5.54083832851814,7.1535,0.151662831743367,42.1018319382826,6.9884,6.43422309909804,-4.71006485221857,-1.46746238728016
"9143166","2009-11-09",29.693406303551,0.289473684210526,0.186453349282297,0.123431007171609,8.73005618775601,5.41027714557732,7.07016666666666,0.191696348764134,42.5886681728721,6.9512,6.37099335255163,-4.86321038225557,-2.14661198627524
"9143165","2009-11-10",31.580755927893,0.265232974910394,0.274864340919095,0.195551320357792,8.69030125685985,5.25669874314015,6.9735,0.160172274259762,40.3074436656672,6.9104,6.28286090554475,-5.25346186199902,-2.76798196142
"9143164","2009-11-11",33.4777738285578,0.210144927536232,0.254950528885717,0.238756073029036,8.64236212640279,5.1046378735972,6.8735,0.167347354051113,38.8723526268561,6.862,6.18514611813878,-5.71991744009258,-3.35836905715452
"9143163","2009-11-12",35.2849635646534,0.213709677419355,0.229695859955327,0.25317024325338,8.5161442535986,4.98152241306806,6.74883333333333,0.166489546401833,38.4120992911693,6.796,6.09379330238694,-6.10278490958868,-3.90725222764135
"9143162","2009-11-13",36.8889306402956,0.270386266094421,0.231413623683336,0.23868667084146,8.34206134745437,4.91027198587896,6.62616666666666,0.213609073931581,39.9436443303152,6.728,6.02795419540202,-6.21560815826,-4.36892341376508
"9143161","2009-11-16",37.8491739884376,0.336538461538462,0.273544801684079,0.244884761774247,8.08542940606899,4.915570593931,6.5005,0.259032380114702,41.0487657526113,6.65,5.98022696934842,-6.14853614914008,-4.72484596084008
"9143160","2009-11-17",38.7662776682097,0.331707317073171,0.312877348235351,0.272611924534255,7.7587000956819,4.9832999043181,6.371,0.26063512015293,40.8176573491715,6.5716,5.93619670676863,-6.05853998428302,-4.99158476552867
"9143159","2009-11-18",39.8821443924052,0.259668508287293,0.309304762299642,0.298575637406357,7.46645489213052,5.03221177453615,6.24933333333333,0.212710152786857,38.3746009721905,6.4864,5.87003714586614,-6.20993393308583,-5.2352545990401
"9143158","2009-11-19",41.3338927242351,0.0517241379310344,0.214366654430499,0.278849588321831,7.35437604753384,4.94295728579949,6.14866666666667,0.117652473045837,34.3662433683472,6.3744,5.76203219308399,-6.79387755981242,-5.54697919119457
"9143157","2009-11-20",42.5591713516528,0.160919540229885,0.157437395482738,0.227036270737626,7.15345359394579,4.94054640605421,6.047,0.191054974918288,37.8611873992417,6.2644,5.69376123400613,-6.93060712122411,-5.82370477720047
"9143156","2009-11-23",43.7195953319964,0.149425287356322,0.120689655172414,0.164164568361884,6.97651445484836,4.93181887848497,5.95416666666667,0.186587411475163,37.6340155044392,6.1456,5.63192640280531,-6.99896134777398,-6.05875609131518
"9143155","2009-11-24",44.0147169637796,0.18,0.163448275862069,0.14719177550574,6.76880491819115,4.96619508180885,5.8675,0.229558781850223,37.834860940514,6.0272,5.57966954909794,-6.96876068184308,-6.24075700942076
"9143154","2009-11-25",43.3370443708977,0.495798319327732,0.275074535561351,0.186404155531945,6.65102727471551,4.99297272528449,5.822,0.446523673363405,45.5739452728231,5.942,5.58904694255154,-6.28424093929991,-6.24945379539659
"9143153","2009-11-27",43.2876000093624,0.206896551724138,0.294231623683957,0.244251478369126,6.51906543685818,4.99760122980849,5.75833333333333,0.242572539760132,40.893706439863,5.8748,5.55050735021134,-6.1774307648069,-6.23504918927865
"9143152","2009-11-30",43.3630146740874,0.170212765957447,0.290969212336439,0.286758457193916,6.38730320447358,5.00069679552642,5.694,0.1966214320428,39.8854465877582,5.7944,5.50643970351649,-6.14434935708515,-6.21690922283995
"9143151","2009-12-01",43.0759255051135,0.279569892473119,0.218893070051568,0.268031302023988,6.31116279655605,4.99050387011062,5.65083333333333,0.287353624989915,41.8165699422252,5.726,5.48158107638096,-5.90870133806045,-6.15526764588405
"9143150","2009-12-02",42.2634897480287,0.464285714285715,0.304689457572093,0.271517246653367,6.2033425977322,5.01899073560113,5.61116666666666,0.408951607388618,44.3206741335363,5.6632,5.47737026619683,-5.46957824942509,-6.01812976659226
"9143149","2009-12-03",41.6295191243826,0.392857142857143,0.378904249871992,0.300828925831884,6.01995083494115,5.10471583172552,5.56233333333333,0.388189008316128,43.3924354103227,5.6212,5.46572089737059,-5.15101547951989,-5.84470690917779
"9143148","2009-12-04",41.0408321167112,0.464285714285715,0.440476190476191,0.374689965973425,6.020116080565,5.10588391943499,5.563,0.41285947918503,44.6410428210378,5.5812,5.46362477772118,-4.75595348778166,-5.62695622489856
"9143147","2009-12-07",39.9376757644955,0.44047619047619,0.432539682539683,0.417306707629288,5.94109886669808,5.13323446663525,5.53716666666667,0.470498349312733,44.2903523211378,5.5404,5.45914147402502,-4.42156500398707,-5.38587798071626
"9143146","2009-12-08",38.913316294581,0.595238095238095,0.5,0.457671957671958,5.84655259214516,5.18311407452151,5.51483333333333,0.628371604005936,47.1941715095964,5.5212,5.47258927748835,-3.91971197710429,-5.09264477999387
"9143145","2009-12-09",38.5309113400042,0.321428571428572,0.452380952380952,0.461640211640212,5.80102565046081,5.19130768287252,5.49616666666666,0.396946889097159,42.9305845262827,5.486,5.45357737382324,-3.81681570131195,-4.83747896425749
"9143144","2009-12-10",38.17582102504,0.426470588235294,0.447712418300653,0.466697790227202,5.78114227888327,5.19685772111673,5.489,0.610106167411395,46.9684378060973,5.4544,5.46110039064681,-3.43085225491849,-4.55615362238969
"9143143","2009-12-11",37.4988242985844,0.455882352941177,0.401260504201681,0.433784624961096,5.78337878435754,5.19662121564245,5.49,0.670428138181476,47.4136451824595,5.4768,5.47028700522723,-3.05997342612466,-4.25691758313668
"9143142","2009-12-14",36.8701844811614,0.485294117647058,0.455882352941176,0.43495175848117,5.77769255733929,5.19830744266071,5.488,0.699061609301644,47.8848143929051,5.462,5.48091540453027,-2.70521667328982,-3.94657740116731
"9143141","2009-12-15",35.3862276863551,0.544117647058823,0.495098039215686,0.450746965452848,5.76796753060048,5.20336580273285,5.48566666666667,0.861907027994858,48.8715061806484,5.4472,5.49546001725956,-2.33823092017514,-3.62490810496888
"9143140","2009-12-16",33.9599658116564,0.808823529411764,0.612745098039215,0.52124183006536,5.79313389232075,5.18886610767924,5.491,1.03342796277741,53.1683890853897,5.4496,5.53206534829162,-1.76422552279918,-3.25277158853494
"9143139","2009-12-17",33.1233138681708,0.602941176470588,0.651960784313725,0.586601307189542,5.81450035198854,5.18316631467813,5.49883333333333,0.829197098605263,49.671829829541,5.4528,5.54512330185274,-1.4963099628227,-2.90147926339249
"9143138","2009-12-18",31.9331513945407,0.532258064516129,0.648007590132827,0.637571157495256,5.83209706370189,5.21756960296478,5.52483333333333,0.860981969898061,50.1759258524184,5.4588,5.55910686160571,-1.24069195822069,-2.56932180235813
"9143137","2009-12-21",30.6212703672051,0.569230769230769,0.568143336739162,0.622703903728572,5.86533803549303,5.22732863117363,5.54633333333333,0.887141628834592,51.4842330295289,5.4628,5.57789261339161,-0.954921312771106,-2.24644170444072
"9143136","2009-12-22",29.4030951275364,0.676923076923076,0.592803970223325,0.602984965698438,5.89378208701938,5.24988457964728,5.57183333333333,0.890590112743927,53.3318166407921,5.4668,5.60350693160606,-0.620885905465551,-1.92133054464569
"9143135","2009-12-23",28.4448873196006,0.615384615384616,0.62051282051282,0.593820042491769,5.91560215102967,5.26939784897033,5.5925,0.810789223614441,52.1105967176373,5.47,5.62037267405859,-0.409446338401687,-1.61895370339689
"9143134","2009-12-24",27.5551229265173,0.646153846153846,0.646153846153846,0.619823545629997,5.92261018832262,5.26705647834405,5.59483333333333,0.782458422320149,52.6938799882857,5.4824,5.63765631751745,-0.211162336358783,-1.33739542998927
"9143133","2009-12-28",26.9177454288648,0.584615384615384,0.615384615384615,0.627350427350427,5.93127075052558,5.29706258280775,5.61416666666667,0.719433734458912,51.3468762476928,5.5084,5.64730214184845,-0.110099163338517,-1.09193617665912
"9143132","2009-12-29",26.2547083373822,0.646153846153846,0.625641025641025,0.629059829059829,5.92329318164719,5.35604015168614,5.63966666666667,0.753267341166129,52.6503727541904,5.5284,5.66099518960199,0.0265278539615776,-0.868243370534979
"9143131","2009-12-30",25.8936429857712,0.404255319148936,0.545008183306056,0.595344608110566,5.91503022275027,5.40030311058306,5.65766666666667,0.640527537064798,50.8176025695838,5.5472,5.66619583098839,0.0628202806409517,-0.682030640299793
"9143130","2009-12-31",26.442807442954,0,0.350136388434261,0.506928532460447,5.91158610737833,5.41341389262167,5.6625,0.374541377161051,44.1910777486801,5.5576,5.64403638685661,-0.191100245707676,-0.58384456138137
"9143129","2010-01-04",24.8701074282952,0.142857142857143,0.182370820668693,0.35917179746967,5.91293166855256,5.44306833144744,5.678,0.695801614500981,47.5081916783763,5.5552,5.63683153527573,-0.26138263421952,-0.519352175949
"9143128","2010-01-05",24.0908707124272,0.139784946236559,0.0942140296979008,0.208907079600285,5.93418406399528,5.46314926933805,5.69866666666667,0.920351112584122,48.9601960213488,5.5684,5.63592066390563,-0.256992843829085,-0.466880309525017
"9143127","2010-01-06",23.5188335679998,0.56701030927835,0.283217466124018,0.186600772163537,6.03631189355696,5.42868810644304,5.7325,1.25293299851381,61.1210674315091,5.6016,5.69113124205155,0.340308175425807,-0.305442612534852
"9143126","2010-01-07",22.7212713493354,0.515463917525773,0.407419724346895,0.261617073389604,6.08354329323367,5.427123373433,5.75533333333333,0.959055741978153,59.3093751084255,5.6288,5.73231374311134,0.730154680421391,-0.0983231539436033
"9143125","2010-01-08",22.2302405835272,0.515463917525773,0.532646048109966,0.407761079526959,6.10920984166205,5.46579015833795,5.7875,0.949421542674517,59.3093751084255,5.6508,5.76800524402983,1.02446141468389,0.126233759781895
"9143124","2010-01-11",22.3215703888218,0.742268041237113,0.59106529209622,0.510377021517694,6.18933272616829,5.45733394049838,5.82333333333333,1.11020137657454,64.6554818138297,5.684,5.82827121149252,1.54211427421878,0.409409862669271
"9143123","2010-01-12",21.2285390376013,0.515463917525773,0.59106529209622,0.571592210767469,6.21546939651548,5.48119727015118,5.84833333333333,0.829124118960177,56.6412681790075,5.706,5.85116838329351,1.62581660889858,0.652691211915132
"9143122","2010-01-13",20.3211142233208,0.247422680412371,0.50171821305842,0.561282932416953,6.21217842369812,5.51282157630188,5.8625,0.534555558806126,48.9232436158,5.7184,5.83634593218771,1.31850666476534,0.785854302485174
"9143121","2010-01-14",19.4785054672032,0.515463917525773,0.426116838487973,0.506300114547537,6.23136552341804,5.53063447658196,5.881,0.755447508438814,55.459288442406,5.736,5.85816647456268,1.41691695430841,0.912066832849821
"9143120","2010-01-15",19.5434465030744,0.278350515463917,0.347079037800688,0.424971363115693,6.23478683063445,5.53654650269889,5.88566666666667,0.530075604573126,49.4330255194902,5.7536,5.84641094462099,1.16456977601569,0.962567421482995
"9143119","2010-01-19",19.9899716120523,0.154639175257732,0.316151202749141,0.3631156930126,6.23223319704047,5.5474334696262,5.88983333333333,0.354215284649291,46.5886187052496,5.7592,5.82022281867153,0.789444654376159,0.927942868061628
"9143118","2010-01-20",21.3583679003844,0,0.144329896907217,0.269186712485682,6.26465470067113,5.4846786326622,5.87466666666667,-0.0530084204178387,39.2854378678489,5.7496,5.74952644284866,-0.0118179161893939,0.739990711211424
"9143117","2010-01-21",22.8720055733777,0,0.0515463917525777,0.170675830469645,6.31618022821137,5.38215310512197,5.84916666666667,-0.105799681128931,37.358378451651,5.7348,5.67358958380217,-0.80194264407818,0.431604040153503
"9143116","2010-01-22",24.2775262697287,0.0852713178294576,0.0284237726098194,0.0747666870898711,6.34311049197467,5.30622284135866,5.82466666666667,0.0261460264847105,40.5014520979345,5.7228,5.62244430596188,-1.26475352851121,0.0923325264205606
"9143115","2010-01-25",26.0153725037261,0,0.0284237726098194,0.036131312324072,6.38546274282161,5.20153725717838,5.7935,-0.0266378733803929,36.8783160527551,5.6956,5.55145173183363,-1.90526410797659,-0.307186800458869
"9143114","2010-01-26",27.2793763269295,0.0724637681159424,0.0525783619818002,0.0364753024004796,6.40395148157187,5.13071518509479,5.76733333333333,0.0989223146719663,39.779103781843,5.678,5.50325816758915,-2.24911728669432,-0.69557289770596
"9143113","2010-01-27",28.634703541171,0.0156250000000004,0.0293629227053145,0.0367883524323112,6.42307646081311,5.05592353918689,5.7395,0.102946148344814,38.2641341274328,5.6564,5.45082374524393,-2.61507264189338,-1.07947284654344
"9143112","2010-01-28",29.893221668681,0.03125,0.0397795893719812,0.0405736246863651,6.43417701617878,4.98482298382122,5.7095,0.136964706400416,38.8907202850519,5.6336,5.40804724587807,-2.84822823486699,-1.43322392420815
"9143111","2010-01-29",31.2301043778515,0,0.0156250000000003,0.0282558373590985,6.44672667952684,4.91227332047316,5.6795,0.141892015317504,37.4577484668733,5.6052,5.36164094642766,-3.10712691363476,-1.76800452209348
"9143110","2010-02-01",32.4714954649384,0,0.0104166666666669,0.0219404186795493,6.46198794280644,4.84701205719356,5.6545,0.156651220033811,37.4577484668733,5.5784,5.32142215357064,-3.27965685260175,-2.07033498819513
"9143109","2010-02-02",33.6242157600905,0.00892857142857203,0.0029761904761909,0.00967261904761922,6.46097187990494,4.78169478676172,5.62133333333333,0.193518914318466,37.8372323462084,5.5512,5.28789919976122,-3.36642098877294,-2.32955218831069
"9143108","2010-02-03",35.1694534005177,0,0.0029761904761909,0.00545634920634941,6.45026630868046,4.69973369131954,5.575,0.154390901374867,33.6584288995173,5.518,5.23351263979306,-3.68906570454987,-2.60145489155853
"9143107","2010-02-04",36.862773049594,0,0.0029761904761909,0.00297619047619074,6.39150515138592,4.62282818194741,5.50716666666667,0.11901842734615,31.3067254535404,5.4784,5.17037762115399,-4.09283252903606,-2.89973041905403
"9143106","2010-02-05",38.4771692155238,0,2.19153399131737e-16,0.00198412698412718,6.3426745795893,4.5453254204107,5.444,0.13798538344991,30.9189794776327,5.44,5.11299393833345,-4.40400657010189,-3.20058564926361
"9143105","2010-02-08",40.0628104325223,0,2.19153399131737e-16,0.000992063492063623,6.27471430436734,4.48161902896599,5.37816666666667,0.15525163378265,30.115608792028,5.408,5.05792807988899,-4.66987911726867,-3.49444434286462
"9143104","2010-02-09",39.8758063049392,0.126582278481012,0.0421940928270043,0.0140646976090014,6.12939775785358,4.48960224214642,5.3095,0.248240967011489,34.6847060971574,5.3764,5.02353766923713,-4.67404435725632,-3.73036434574296
"9143103","2010-02-10",39.6299024161986,0.236111111111111,0.120897796530708,0.0543639631192373,6.00310212449195,4.50156454217471,5.25233333333333,0.296430891729698,37.7526930691407,5.346,5.00306598000551,-4.51601989755317,-3.887495456105
"9143102","2010-02-11",39.4015630909394,0.246376811594203,0.203023400395442,0.122038429917718,5.9088828986926,4.4971171013074,5.203,0.28537516593673,37.7526930691407,5.2988,4.98532384933811,-4.34255041730762,-3.97850644834553
"9143101","2010-02-12",39.2279629429562,0.231884057971015,0.238123993558777,0.187348396828309,5.74235265669263,4.54631400997404,5.14433333333333,0.284566604621355,37.4611577692198,5.2532,4.9686140027597,-4.17470446994346,-4.01774605266511
"9143100","2010-02-16",38.5594546198466,0.253731343283582,0.243997404282933,0.228381599412384,5.58680666481534,4.60252666851799,5.09466666666667,0.315770579494178,37.9769573225474,5.208,4.9554654690584,-3.98083539795473,-4.01036392172304
"9143099","2010-02-17",37.9848885878562,0.271186440677966,0.252267280644188,0.244796226161966,5.43116812481494,4.66916520851839,5.05016666666667,0.302931637851862,37.642611765341,5.1536,4.94273673985062,-3.80068313591008,-3.96842776456044
"9143098","2010-02-18",37.64097608279,0.210526315789474,0.245148033250341,0.247137572725821,5.36447912557902,4.67785420775432,5.02116666666667,0.270131655237091,36.2671958590972,5.1064,4.92637184120387,-3.6819527582618,-3.91113276330072
"9143097","2010-02-19",37.0368976946607,0.333333333333334,0.271682029933592,0.25636578127604,5.32693691695466,4.67706308304534,5.002,0.343046458131084,38.6801018524439,5.07120000000001,4.91752226237668,-3.48325785908649,-3.82555778245787
"9143096","2010-02-22",36.5297429464462,0.312499999999999,0.285453216374269,0.267427759852734,5.27017163035095,4.68816170298239,4.97916666666667,0.323886165544576,38.2898137424791,5.02520000000001,4.90851929405979,-3.30468720165189,-3.72138366629667
"9143095","2010-02-23",36.3804927888025,0.2,0.281944444444444,0.279693230250768,5.2462345380558,4.67809879527753,4.96216666666667,0.267367801891234,35.9461969809089,4.98600000000001,4.89271672151849,-3.22549247116015,-3.62220542726937
"9143094","2010-02-24",36.3475185400613,0.174999999999999,0.229166666666666,0.265521442495126,5.19654109482368,4.68345890517632,4.94,0.253125972363759,35.1733726551838,4.9508,4.87635449198269,-3.16061853626313,-3.52988804906812
"9143093","2010-02-25",36.6277703511645,0.0249999999999995,0.133333333333333,0.214814814814814,5.15946786728692,4.67453213271308,4.917,0.128129419062484,32.8889139871436,4.92760000000001,4.85417389305166,-3.17363537562736,-3.45863751437997
"9143092","2010-02-26",34.8458775367194,0,0.0666666666666662,0.143055555555555,5.11201160798633,4.68365505868034,4.89783333333333,0.271607709764588,32.509931812783,4.9084,4.83361737397811,-3.16617577920187,-3.40014516734435
"9143091","2010-03-01",33.4747265164208,0.459016393442624,0.161338797814208,0.120446265938069,5.10189562165089,4.68977104501578,4.89583333333333,0.97113585957913,49.9133319815132,4.896,4.85313505744769,-2.66368552995067,-3.25285323986561
"9143090","2010-03-02",33.4582008804264,0.652173913043478,0.370396768828701,0.199467411103192,5.2033559127993,4.61897742053404,4.91116666666667,1.34790937133785,61.9799075768272,4.9044,4.912717049788,-1.71808836916001,-2.94590026572449
"9143089","2010-03-03",33.7650198240637,0.676470588235294,0.595886964907132,0.375874177183347,5.31231509349145,4.54935157317522,4.93083333333333,1.24599460067339,64.5655297054388,4.9124,4.97635477648294,-0.819322517962628,-2.52058471617212
"9143088","2010-03-04",32.8244913086294,0,0.442881500426257,0.469721744720697,5.31910586977235,4.50589413022765,4.9125,0.119820212089217,35.438699962645,4.8832,4.89684080628521,-1.73354267469054,-2.3631763078758
"9143087","2010-03-05",31.9511434014403,0.17910447761194,0.285191688615745,0.441320051316378,5.3197779428091,4.49688872385757,4.90833333333333,0.307588518980635,42.1204771898264,4.8628,4.85992869878052,-2.05012584363042,-2.30056621502673
"9143086","2010-03-08",30.5909862408443,0.462686567164179,0.213930348258707,0.314001179100236,5.33347332169151,4.50886001164182,4.92116666666667,0.656234845791623,50.8024808869785,4.8604,4.87860487227645,-1.65401052373954,-2.17125507676929
"9143085","2010-03-09",29.2886240604078,0.5,0.380597014925373,0.293239683933275,5.34885480765123,4.52614519234877,4.9375,0.681311441962215,51.8264220888835,4.86,4.90145755597292,-1.24371265069214,-1.98574659155386
"9143084","2010-03-10",27.2475056008638,0.462686567164179,0.475124378109453,0.356550580431177,5.36793568851449,4.53006431148551,4.949,0.712045275131199,50.6902581474215,4.85720000000001,4.91459654850986,-0.989754267273235,-1.78654812669773
"9143083","2010-03-11",26.3692420940258,0.216417910447761,0.393034825870647,0.416252072968491,5.36561372835139,4.51771960498194,4.94166666666667,0.332919390803539,43.856598592411,4.84880000000001,4.88198367537522,-1.31613022104969,-1.69246454556813
"9143082","2010-03-12",26.3016285161545,0,0.22636815920398,0.364842454394693,5.38514397158554,4.45985602841446,4.9225,0.0613977937046409,38.7431305695856,4.83320000000001,4.81371918532519,-2.05525659799246,-1.76502295605299
"9143081","2010-03-15",26.7108895240985,0,0.0721393034825873,0.230514096185738,5.44291073755796,4.33608926244204,4.8895,-0.0988620100309433,35.4764486653831,4.80960000000001,4.7252232939485,-2.99410369546842,-2.01083910393608
"9143080","2010-03-16",27.0909176029036,0.0318471337579617,0.0106157112526542,0.10304105797974,5.47467421786109,4.23865911547224,4.85666666666667,0.0145690381611239,36.781090038287,4.78960000000001,4.65519352142203,-3.63052450285524,-2.33477618371991
"9143079","2010-03-17",26.6012864756832,0.0573248407643311,0.0297239915074312,0.0374930020808906,5.48449607817023,4.17417058849643,4.82933333333333,0.136731481031864,37.8635062731141,4.76720000000001,4.59983438523243,-4.03257380403033,-2.67433570778199
"9143078","2010-03-18",25.9920771987104,0.0509554140127389,0.0467091295116775,0.0290162774239207,5.49011734516573,4.1182159881676,4.80416666666667,0.17624008504624,37.6897680199707,4.74160000000001,4.5505231338681,-4.32915850576217,-3.00530026737803
"9143077","2010-03-19",25.8957942594725,0,0.0360934182590236,0.0375088464260438,5.50289460584269,4.03443872749064,4.76866666666667,0.105935271738591,34.6112018625098,4.70880000000001,4.48378671601902,-4.84123195898493,-3.37248660569941
"9143076","2010-03-22",25.8063886730372,0.18562874251497,0.0788613855092367,0.053887977759979,5.49442040401425,3.99491292931908,4.74466666666667,0.267923797731822,43.2140076431132,4.6888,4.46728182054982,-4.64416692122182,-3.62682266880389
"9143075","2010-03-23",25.937082693393,0.172932330827068,0.11952035778068,0.0781583871829797,5.48862694263383,3.95237305736617,4.7205,0.256659145393668,41.6896800815416,4.6652,4.44231091114318,-4.58230319964627,-3.81791877497236
"9143074","2010-03-24",26.2703933921129,0.112781954887218,0.157114342743086,0.118498695344334,5.48507424787049,3.90059241879618,4.69283333333333,0.226829727301951,40.1639596458839,4.63880000000001,4.41000278965742,-4.62955416365264,-3.98024585270842
"9143073","2010-03-25",27.0727280996103,0,0.0952380952380957,0.123957598587287,5.4923819472025,3.83128471946416,4.66183333333333,0.171803277036989,36.5615304049511,4.60600000000001,4.35533575103643,-4.98468241098879,-4.18113316436449
"9143072","2010-03-26",28.1495861999586,0,0.0375939849624064,0.0966488076478624,5.50606122365634,3.72927210967699,4.61766666666667,0.105468091578964,34.0917720685872,4.5656,4.28795765089824,-5.49692740670419,-4.44429201283243
"9143071","2010-03-29",27.788705584275,0.0980392156862745,0.0326797385620918,0.0551706062541977,5.45537536718045,3.68229129948622,4.56883333333333,0.243102987444727,38.5612533677743,4.5316,4.24956329744514,-5.56975091390567,-4.66938379304708
"9143070","2010-03-30",27.4536021554258,0.12396694214876,0.0740020526116785,0.0480919253787253,5.32564258475096,3.67735741524903,4.5015,0.232145863974855,38.5612533677743,4.5,4.21628819111912,-5.57029080784516,-4.8495651960067
"9143069","2010-03-31",27.2858036981876,0.104166666666667,0.108724274833901,0.0718020220025567,5.13991977379026,3.7117468928764,4.42583333333333,0.192497545265212,37.5761586676176,4.4672,4.18078309896991,-5.60846543099903,-5.00134524300516
"9143068","2010-04-01",26.9334723878746,0.194805194805195,0.140979601206874,0.107901976217484,5.12615460390963,3.66851206275704,4.39733333333333,0.250281711926317,39.2475394209268,4.4388,4.15667868577392,-5.48459087236925,-5.09799436887798
"9143067","2010-04-05",26.7031028231953,0.155844155844156,0.151605339105339,0.133769738382038,5.08846839143442,3.63319827523224,4.36083333333333,0.265793766024136,38.5800813641657,4.4096,4.1317881943374,-5.38659690747895,-5.15571487659818
"9143066","2010-04-06",25.7766514220968,0.194805194805195,0.181818181818182,0.158134374043465,4.97615442088674,3.64917891244659,4.31266666666667,0.329687889066122,39.6847283625563,4.3704,4.11421643509241,-5.19389071090334,-5.16335004345921
"9143065","2010-04-07",25.1374769923831,0.116883116883117,0.155844155844156,0.163089225589226,4.83117226745395,3.68549439921271,4.25833333333333,0.274514861031656,38.2047796729423,4.31600000000001,4.09098757708009,-5.10303228465181,-5.15128649169773
"9143064","2010-04-08",24.9701517206214,0,0.103896103896104,0.147186147186147,4.63238209556916,3.75961790443084,4.196,0.137931982993198,35.364231551096,4.2532,4.05485590013608,-5.21308376357212,-5.16364594607261
"9143063","2010-04-09",24.703274744973,0.136363636363637,0.0844155844155848,0.114718614718615,4.50350154687902,3.80316511978764,4.15333333333333,0.204903731018263,39.0258743825944,4.2344,4.03554178011793,-5.06831870342911,-5.14458049754391
"9143062","2010-04-12",24.5314452402021,0.106060606060606,0.0808080808080813,0.0897065897065897,4.44408393058757,3.80458273607909,4.12433333333333,0.206542117077821,38.5038635181428,4.2052,4.01613620943554,-4.93955728150732,-5.10357585433659
"9143061","2010-04-13",24.6039380938836,0.0178571428571433,0.0867604617604624,0.0839947089947091,4.44315248284647,3.7675141838202,4.10533333333333,0.117152155170221,36.9088535793374,4.1584,3.99131804817747,-4.90500023934171,-5.06386073133761
"9143060","2010-04-14",24.7498895466447,0,0.0413059163059169,0.0696248196248198,4.43423253348477,3.73410079984856,4.08416666666666,0.141734089054068,36.3680463544677,4.1088,3.96714230842047,-4.86615984599252,-5.0243205542686
"9143059","2010-04-15",25.1243040178472,0,0.0059523809523814,0.0446729196729199,4.40660159973052,3.70439840026947,4.0555,0.107663422480205,34.7242401395008,4.0588,3.93819000063108,-4.90558994015079,-5.00057443144504
"9143058","2010-04-16",25.8502430724528,0,3.08780778723872e-16,0.0157527657527658,4.37741141551307,3.66725525115359,4.02233333333333,0.0414154195783197,32.1185653147647,4.018,3.8997646672136,-5.09007766618793,-5.01847507839362
"9143057","2010-04-19",26.5243293374436,0.0491803278688529,0.0163934426229513,0.00744860785844395,4.36936492827431,3.62730173839236,3.99833333333333,0.111443692040297,33.725289183797,3.9904,3.87046271158512,-5.12269371326726,-5.03931880536834
"9143056","2010-04-20",26.5911634679218,0.0491803278688529,0.0327868852459022,0.0163934426229509,4.30513055363769,3.62520277969565,3.96516666666666,0.159032411649808,33.725289183797,3.9716,3.84506768337377,-5.09518462505553,-5.05049196930578
"9143055","2010-04-21",26.4939803117073,0.213114754098361,0.103825136612022,0.0510018214936249,4.2357829371299,3.64055039620343,3.93816666666667,0.279077938522444,39.2812733589491,3.9548,3.83639199225727,-4.81132643188301,-5.00265886182123
"9143054","2010-04-22",26.7779423601457,0.0819672131147546,0.114754098360656,0.0837887067395266,4.18139555455342,3.64427111211325,3.91283333333333,0.203048330335918,36.6352879871074,3.93320000000001,3.81820639328963,-4.70208440138381,-4.94254396973375
"9143053","2010-04-23",27.0416214051243,0.098360655737705,0.131147540983607,0.116575591985428,4.15504262226131,3.63362404440535,3.89433333333333,0.216798225192011,37.2046962215539,3.9124,3.80377887418435,-4.54450125556266,-4.86293542689953
"9143052","2010-04-26",27.1009132903937,0.127659574468085,0.102662481106849,0.11618804015037,4.15370918665181,3.61862414668152,3.88616666666667,0.251752855320514,37.2046962215539,3.8988,3.7912750242931,-4.37109044279105,-4.76456643007783
"9143051","2010-04-27",27.2641222770781,0.105263157894737,0.110427796033509,0.114745939374655,4.12190795254303,3.61109204745697,3.8665,0.213203918395381,36.4450451873525,3.872,3.77777168772069,-4.22914867205725,-4.65748287847372
"9143050","2010-04-28",27.4156734789993,0.131578947368422,0.121500559910415,0.111530279016924,4.09606201294306,3.60327132039027,3.84966666666667,0.243636932997074,37.1361942569693,3.8488,3.76740212935793,-4.0501997610184,-4.53602625498265
"9143049","2010-04-29",28.5832748171815,0,0.0789473684210532,0.103625241454992,4.09408489304353,3.56424844028979,3.82916666666666,0.0234378482498334,29.8058035056587,3.8204,3.73041517877687,-4.31266286121458,-4.49135357622904
"9143048","2010-04-30",29.7894726408335,0,0.0438596491228075,0.0814358591514248,4.08545027078283,3.52021639588383,3.80283333333333,-0.0239718987464927,28.9273377422558,3.7988,3.69435982160662,-4.54171895168185,-4.5014266513196
"9143047","2010-05-03",31.4880204808263,0,3.33066907387547e-16,0.04093567251462,4.09299771983363,3.4473356134997,3.77016666666666,-0.124939881157154,24.7394299918097,3.7768,3.64177851205907,-5.02706733684226,-4.60655478842413
"9143046","2010-05-04",33.4466825503945,0,3.33066907387547e-16,0.0146198830409357,4.09429921846518,3.36070078153482,3.7275,-0.173620119386345,21.9578786869104,3.7436,3.5788747104512,-5.65470904267493,-4.81618563927429
"9143045","2010-05-05",35.5438667401018,0,3.33066907387547e-16,-6.01370805005293e-17,4.11734084509553,3.24832582157113,3.68283333333333,-0.163011169047399,19.9172636855408,3.706,3.50969141572437,-6.3536281050666,-5.12367413243276
"9143044","2010-05-06",37.6314747269895,0,3.33066907387547e-16,-6.01370805005293e-17,4.14678036515643,3.13521963484356,3.641,-0.0908361690571048,18.8862607009129,3.668,3.44173256029445,-6.9948846779829,-5.49791624154279
"9143043","2010-05-07",39.2447136962763,0.0232558139534884,0.00775193798449646,0.00258397932816532,4.1404658325149,3.0535341674851,3.597,0.0120821755443171,20.3660234187224,3.6288,3.38550155225519,-7.3977139909148,-5.87787579141719
"9143042","2010-05-10",39.9012540994054,0.0232558139534884,0.0155038759689926,0.00775193798449607,4.116887008113,2.99277965855366,3.55483333333333,0.0894520214809481,20.3660234187224,3.5908,3.3367680119545,-7.64988281988235,-6.23227719711022
"9143041","2010-05-11",40.5108987594539,0.0581395348837207,0.0348837209302328,0.0193798449612402,4.09507846568344,2.94092153431656,3.518,0.146495213162392,22.8155824814858,3.5528,3.29853227702723,-7.70463382199054,-6.52674852208628
"9143040","2010-05-12",41.076997372356,0.154761904761905,0.0787190845330383,0.0430355604774208,4.06246096245648,2.90620570421018,3.48433333333333,0.219496771132311,29.0804103391139,3.5204,3.27606130675694,-7.4761605144715,-6.71663092056333
"9143039","2010-05-13",39.9574475023798,0.190476190476191,0.134459210040606,0.0826873385012919,4.02827887721808,2.88572112278191,3.457,0.304240384524772,31.3313004090091,3.494,3.26058646585601,-7.14381072432194,-6.80206688131505
"9143038","2010-05-14",38.2271561547049,0.192307692307692,0.17918192918193,0.130786741251857,4.00158028842979,2.86808637823687,3.43483333333333,0.339875628472406,30.9783531398601,3.4636,3.24584160374188,-6.82979619656573,-6.80761274436519
"9143037","2010-05-17",37.0819672175209,0.0909090909090907,0.157897657897658,0.157179599040064,3.972808036462,2.83852529687133,3.40566666666666,0.254029581636163,28.2378074430156,3.4308,3.22239605657629,-6.7068170713518,-6.78745360976251
"9143036","2010-05-18",36.0185774901359,0.133333333333333,0.138850038850039,0.158643208643209,3.93346888303793,2.81853111696207,3.376,0.288328992719813,30.7132060321941,3.4016,3.20607658236612,-6.46504051267486,-6.72297099034498
"9143035","2010-05-19",35.5870999003903,0,0.0747474747474751,0.123831723831724,3.8765342034716,2.79879912986173,3.33766666666666,0.223803489414491,27.3291399640611,3.3692,3.1785997047173,-6.45597389356318,-6.66957157098862
"9143034","2010-05-20",35.6728665229219,0,0.0444444444444448,0.086013986013986,3.82610771003752,2.76889228996248,3.2975,0.171306345517233,24.4302825550043,3.3352,3.14145307742166,-6.63626049695492,-6.66290935618188
"9143033","2010-05-21",36.1015758007319,0,3.4231876592609e-16,0.0397306397306397,3.77001669871691,2.73864996794975,3.25433333333333,0.140283141842244,22.3846575929119,3.302,3.09859266709878,-6.91971457019153,-6.71427039898381
"9143032","2010-05-24",35.9049009063674,0.140625,0.0468750000000005,0.0304398148148148,3.69109411623838,2.73857255042828,3.21483333333333,0.235963983360207,29.5332266394032,3.2712,3.07344697815227,-6.84422926083662,-6.74026217135437
"9143031","2010-05-25",36.2172793372208,0,0.0468750000000005,0.0312500000000001,3.61371217304761,2.72795449361905,3.17083333333333,0.126496793630096,26.3400496770657,3.236,3.0369873810653,-7.00252862597337,-6.79271546227817
"9143030","2010-05-26",35.6664281036946,0.0454545454545458,0.0620265151515158,0.0519255050505052,3.50853382977445,2.74979950355889,3.12916666666667,0.184782066129011,28.6071971682912,3.198,3.00938906358993,-6.97962854780393,-6.83009807938332
"9143029","2010-05-27",34.4723387454481,0.151515151515152,0.0656565656565661,0.0581860269360271,3.42347162269274,2.77352837730725,3.0985,0.292033123466809,33.7324000677265,3.166,2.99480385511127,-6.70355103246824,-6.80478867000031
"9143028","2010-05-28",32.0142820405126,0,0.0656565656565661,0.064446548821549,3.34269858294281,2.79696808372385,3.06983333333333,0.249876541268346,29.2151022802141,3.128,2.96349667442977,-6.79005911022176,-6.8018427580446
"9143027","2010-06-01",30.3708795464551,0,0.0505050505050509,0.0606060606060607,3.30848389047178,2.77051610952822,3.0395,-0.0195478426417586,26.2415824930612,3.0856,2.92169711783913,-7.0905033672698,-6.85957487988964
"9143026","2010-06-02",28.8448629448302,0.012345679012346,0.00411522633744899,0.0400922808330216,3.30126854342423,2.72639812324243,3.01383333333333,-0.0111296789986297,26.969296781904,3.0444,2.88680416879392,-7.23407111497987,-6.93447412690768
"9143025","2010-06-03",26.8750394295883,0.0740740740740741,0.0288065843621404,0.0278089537348797,3.29877045804209,2.69622954195791,2.9975,0.139028663126316,30.6533789228434,3.0048,2.86323027962139,-7.13736524713896,-6.97505235095394
"9143024","2010-06-04",25.7168137859801,0,0.0288065843621404,0.0205761316872429,3.31020459668543,2.6481287366479,2.97916666666667,0.0431037162677281,27.3808862188849,2.9692,2.82813290900521,-7.29713370351204,-7.03946862146556
"9143023","2010-06-07",25.185018197591,0,0.0246913580246917,0.0274348422496571,3.32830587610788,2.57969412389212,2.954,-0.0218548406571997,24.7898891797316,2.9308,2.78438185447118,-7.63868242205336,-7.15931138158312
"9143022","2010-06-08",24.7964047739086,0,3.28440978118275e-16,0.0178326474622771,3.33599196820108,2.51634136513225,2.92616666666666,0.0247975191603856,24.2947285057925,2.898,2.74379760720836,-7.89722588948085,-7.30689428316267
"9143021","2010-06-09",23.891550200423,0,3.28440978118275e-16,0.00823045267489707,3.32876949674855,2.46856383658478,2.89866666666666,0.10629570072558,24.2947285057925,2.8704,2.70862459291391,-8.02798502619621,-7.45111243176938
"9143020","2010-06-10",22.4028643646079,0.1875,0.0625000000000003,0.0208333333333333,3.29609993514915,2.45656673151751,2.87633333333333,0.305844486799455,35.5008687926045,2.8532,2.69814131385872,-7.60842942743796,-7.48257583090309
"9143019","2010-06-11",21.0205132313511,0.2625,0.15,0.0708333333333332,3.2415139718054,2.46215269486126,2.85183333333333,0.360783434833426,39.3670592187937,2.8408,2.69705580534423,-7.01790762884484,-7.38964219049144
"9143018","2010-06-14",21.2294095734813,0.5125,0.320833333333334,0.177777777777778,3.18637921941526,2.48895411391807,2.83766666666666,0.689745583131818,50.1035519773268,2.8356,2.722781697965,-5.88689295161193,-7.08909234271554
"9143017","2010-06-15",21.4233847483165,0.5375,0.4375,0.302777777777778,3.15694623351677,2.50138709981656,2.82916666666666,0.694490463858455,51.0372454625194,2.8312,2.74774413823633,-4.87609648130177,-6.64649317043279
"9143016","2010-06-16",21.4482109084095,0.5125,0.520833333333334,0.426388888888889,3.11657736760251,2.51942263239749,2.818,0.665227973337252,50.0290570567393,2.8248,2.76671158647149,-4.08693688884302,-6.13458191411483
"9143015","2010-06-17",21.471263771353,0.5125,0.520833333333334,0.493055555555556,3.0961818488431,2.52715148449023,2.81166666666666,0.678666505402203,50.0290570567393,2.8152,2.78315004160862,-3.4223018587855,-5.59212590304897
"9143014","2010-06-18",19.9617605410275,0.307692307692308,0.44423076923077,0.495299145299146,3.08006964376826,2.5235970228984,2.80183333333333,0.412843870154504,40.3279862598256,2.796,2.76939670272747,-3.46328818607784,-5.16635835965474
"9143013","2010-06-21",18.5758734245866,0.292307692307692,0.370833333333334,0.445299145299146,3.07143636725847,2.51623029940819,2.79383333333333,0.37302011976748,39.9309117831188,2.7768,2.75614380903048,-3.48750228155328,-4.83058714403445
"9143012","2010-06-22",18.0084944472863,0.36923076923077,0.323076923076924,0.379380341880342,3.052234148221,2.51909918511233,2.78566666666666,0.526884999718944,42.9552860235707,2.7628,2.75132463449308,-3.32426155551342,-4.52932202633024
"9143011","2010-06-23",17.4816425397931,0.415384615384615,0.35897435897436,0.350961538461539,3.05006586385562,2.51860080281104,2.78433333333333,0.55456614578389,44.7526333363731,2.7488,2.75114801656067,-3.07218435464475,-4.23789449199315
"9143010","2010-06-24",16.9924229114065,0.430769230769231,0.405128205128206,0.362393162393163,3.04172163220928,2.51861170112405,2.78016666666666,0.550658567970648,45.3705175711116,2.7392,2.75232828101925,-2.81078092337309,-3.95247177826913
"9143009","2010-06-25",17.7981637856261,0.36923076923077,0.405128205128206,0.38974358974359,3.02534813662181,2.52431853004485,2.77483333333333,0.663330334693036,43.2851659519731,2.732,2.74801784355001,-2.68976826252365,-3.69993107512004
"9143008","2010-06-28",18.5463517402585,0.476923076923077,0.425641025641026,0.411965811965812,3.01392751548101,2.52807248451899,2.771,0.676321456416831,47.8062903554281,2.7308,2.75361546441001,-2.36188329825837,-3.43232151974771
"9143007","2010-06-29",17.7199899781283,0,0.282051282051283,0.370940170940171,3.01395055436156,2.51738277897178,2.76566666666667,0.273780460793784,38.3899181486546,2.71800000000001,2.73180006915534,-2.65859093358057,-3.27757540251428
"9143006","2010-06-30",16.8184376485286,0,0.15897435897436,0.288888888888889,3.0172072229848,2.50279277701519,2.76,0.201926463118047,37.5925029702048,2.7088,2.7102267266013,-2.92442934985624,-3.20694619198267
"9143005","2010-07-01",16.7234881022858,0.0714285714285715,0.0238095238095244,0.154945054945055,3.01436688928837,2.49529977737829,2.75483333333333,0.349409325166016,40.264962466628,2.70000000000001,2.69686316305446,-2.98575405707566,-3.16270776500127
"9143004","2010-07-02",16.6353206664888,0.0714285714285715,0.0476190476190482,0.076800976800977,3.01463682693655,2.49336317306344,2.754,0.319672451692944,40.264962466628,2.68840000000001,2.68528140798053,-3.00204147232519,-3.13057450646605
"9143003","2010-07-06",16.7253076282609,0.125,0.089285714285715,0.0535714285714289,3.00796119031949,2.51270547634718,2.76033333333333,0.357985821568403,42.4100818085385,2.6836,2.67924388691646,-2.89297940899534,-3.08305548697191
"9143002","2010-07-07",16.399474732501,0.0357142857142857,0.0773809523809531,0.0714285714285718,2.99894133310172,2.53072533356494,2.76483333333333,0.204908275660468,39.8420665080137,2.6812,2.66734470199427,-2.92468117516232,-3.05138062460999
"9143001","2010-07-08",16.0969156150097,0.053571428571429,0.0714285714285723,0.0793650793650798,2.99245390519114,2.54354609480885,2.768,0.17773635628334,40.6165437256592,2.6788,2.65836540839503,-2.8880384355809,-3.01871218680418
"9143000","2010-07-09",15.8859274867891,0.053571428571429,0.0476190476190485,0.065476190476191,2.99540310699873,2.5319302263346,2.76366666666666,0.204405574272904,40.6165437256592,2.6744,2.65058335394236,-2.82764355034454,-2.98049845951225
"9142999","2010-07-12",15.1468573493163,0,0.0357142857142866,0.0515873015873021,2.99975397432657,2.51224602567342,2.756,0.159492731434202,37.2770693426887,2.67200000000001,2.63583890675004,-2.93053222564389,-2.97050521273858
"9142998","2010-07-13",16.0239087392707,0.101694915254237,0.0517554479418894,0.0450295937584078,2.96668872622928,2.51964460710405,2.74316666666666,0.433265348861518,42.3790655616727,2.676,2.63106038585004,-2.79805565775361,-2.93601530174158
"9142997","2010-07-14",16.8383136013712,0.355932203389831,0.152542372881357,0.0800040355125105,2.93699093884159,2.53234239449174,2.73466666666667,0.628506578674467,52.7308706370336,2.6868,2.64691900107003,-2.20895428952292,-2.79060309929785
"9142996","2010-07-15",16.3308089635571,0.101694915254237,0.186440677966102,0.130246166263116,2.90829125232729,2.53537541433938,2.72183333333333,0.334189575677563,44.18270756661,2.6916,2.6406631342607,-2.17439567677483,-2.66736161479325
"9142995","2010-07-16",15.8595546570154,0.133333333333333,0.196986817325801,0.17865662272442,2.87624619712871,2.53842046953796,2.70733333333333,0.251351086848669,44.18270756661,2.6904,2.63524138302594,-2.12319592793275,-2.55852847742115
"9142994","2010-07-19",15.9318954830429,0.125,0.120009416195857,0.167812303829253,2.8715582742099,2.53210839245676,2.70183333333333,0.327662335017274,43.6357813754679,2.6864,2.62920919862248,-2.089750323318,-2.46477284660052
"9142993","2010-07-20",15.9990691072113,0.325,0.194444444444445,0.170480225988701,2.86980178336329,2.53086488330338,2.70033333333333,0.479347188226595,49.0675993963037,2.6776,2.63464797213948,-1.79760673511313,-2.33133962430304
"9142992","2010-07-21",16.0614446153676,0.325,0.258333333333334,0.190929064657878,2.85803021511182,2.53163645155484,2.69483333333333,0.485191710525778,49.0675993963037,2.668,2.63936157585422,-1.54817911221412,-2.17470752188526
"9142991","2010-07-22",16.7132118075159,0.3,0.316666666666667,0.256481481481482,2.84408385107062,2.53558281559604,2.68983333333333,0.576174784839377,48.3915312636692,2.6588,2.64211336574032,-1.365241712299,-2.01281435996801
"9142990","2010-07-23",17.3816197439034,0.450000000000001,0.358333333333334,0.311111111111111,2.83542639716671,2.53924026949996,2.68733333333333,0.734087038037598,52.6105660792107,2.652,2.65249825030828,-1.0257229242664,-1.81539607282769
"9142989","2010-07-26",19.1580122312288,0.549019607843137,0.433006535947713,0.369335511982571,2.84727284355446,2.53139382311221,2.68933333333333,1.15636943233221,58.674368810427,2.6576,2.67483181693384,-0.449921705102863,-1.54230119928272
"9142988","2010-07-27",20.6998160039625,0.529411764705883,0.509477124183007,0.433605664488018,2.85268959454785,2.52797707211882,2.69033333333333,1.07384092223934,57.8768279410337,2.6632,2.69285424134266,-0.0263252122251423,-1.23910600187121
"9142987","2010-07-28",21.4870744082459,0.411764705882353,0.496732026143792,0.479738562091504,2.86525478135262,2.52974521864738,2.6975,0.795570313606197,53.2039510450403,2.6644,2.70047367583031,0.127206285732595,-0.965843544350446
"9142986","2010-07-29",22.2735739673006,0.607843137254902,0.516339869281047,0.507516339869282,2.88809222955974,2.53290777044026,2.7105,0.939677645395329,59.127050571205,2.6684,2.72041051905293,0.538959059796817,-0.664883023520993
"9142985","2010-07-30",23.7097145804004,0.630434782608696,0.550014208581984,0.521028701335607,2.92478363048432,2.52188303618234,2.72333333333333,1.0212203778548,60.7327926821778,2.6732,2.74168911651254,0.939735789502527,-0.343959260916289
"9142984","2010-08-02",25.5332189077784,0.719298245614035,0.652525388492545,0.572959822118525,2.98797528219983,2.49802471780016,2.743,1.13339723613459,66.4162620797236,2.6844,2.7761305676442,1.58427206358176,0.0416870039833206
"9142983","2010-08-03",27.1137944795928,0.701754385964913,0.683829138062548,0.628789578379026,3.03426701325528,2.48606632007805,2.76016666666667,0.998296828271892,65.5646211915307,2.6924,2.80464649195831,2.0342312978513,0.440195862756916
"9142982","2010-08-04",28.5814717962776,0.719298245614035,0.713450292397662,0.683268272984251,3.06955905173978,2.49044094826021,2.78,0.920179116956094,66.0336671720621,2.7088,2.83069362636387,2.38548613050578,0.829253916306688
"9142981","2010-08-05",29.8165819061693,0.701754385964913,0.707602339181287,0.701627256547166,3.09730850960322,2.50202482373011,2.79966666666667,0.864532079661695,65.0790344036229,2.7256,2.85193447618202,2.60041691584481,1.18348651621431
"9142980","2010-08-06",30.9634698653543,0.62,0.680350877192983,0.700467836257311,3.1188057394717,2.51886092719496,2.81883333333333,0.818640419509931,63.1138194352291,2.74,2.86767654602442,2.68018876773084,1.48282696651762
"9142979","2010-08-09",30.859132461943,0.44,0.587251461988305,0.658401559454192,3.12013266697854,2.55153399968812,2.83583333333333,0.66561183147932,55.056756069355,2.7508,2.86931967322116,2.46140653248557,1.67854287971121
"9142978","2010-08-10",30.0725287025419,0.319999999999999,0.46,0.575867446393763,3.12119437661272,2.56380562338727,2.8425,0.507475333225791,50.4343102808626,2.758,2.86274371679167,2.09554088793731,1.76194248135643
"9142977","2010-08-11",27.9380465966412,0,0.253333333333334,0.433528265107213,3.12239110261739,2.55494223071594,2.83866666666667,0.273254167841553,41.1359314712753,2.7612,2.83704455455278,1.36551918740684,1.68265782256651
"9142976","2010-08-12",25.9560274983048,0.0612244897959189,0.127074829931973,0.280136054421769,3.11909662982264,2.56390337017736,2.8415,0.275153370174039,43.3841267848407,2.7652,2.81877194727908,0.859386104636495,1.51800347898051
"9142975","2010-08-13",24.1155811927068,0.0816326530612245,0.0476190476190484,0.142675736961452,3.11151551317276,2.58148448682724,2.8465,0.267623666267465,44.1498495136808,2.7696,2.8042690209752,0.479702719543251,1.31034332709306
"9142974","2010-08-16",22.4065953375086,0.0408163265306123,0.0612244897959192,0.0786394557823134,3.10569639966156,2.59463693367177,2.85016666666667,0.238777952695893,42.9001465964445,2.7756,2.78903315151184,0.11835208224098,1.07194507812264
"9142973","2010-08-17",21.5589349577205,0.0204081632653066,0.0476190476190484,0.0521541950113385,3.1031993887848,2.60146727788187,2.85233333333333,0.269465290035936,42.2560936227111,2.7788,2.77449539797693,-0.196314413981946,0.818293179701723
"9142972","2010-08-18",21.505664938817,0.265306122448979,0.108843537414967,0.0725623582766445,3.0998004149855,2.62053291834783,2.86016666666667,0.471832014282819,51.6387581280861,2.7808,2.77789601158001,-0.0959178297890162,0.635450977803576
"9142971","2010-08-19",21.4561999212638,0.428571428571428,0.238095238095239,0.131519274376418,3.09916998549381,2.63883001450619,2.869,0.545618458798933,56.6910778587632,2.792,2.79150987670267,0.21292519841245,0.55094582192535
"9142970","2010-08-20",21.2844241631684,0.444444444444445,0.379440665154951,0.242126480221719,3.09968821095161,2.65097845571506,2.87533333333333,0.517828896979928,55.9048693936074,2.8028,2.80197522647565,0.422665753789397,0.52528980829816
"9142969","2010-08-23",21.3009986424367,0.452380952380952,0.441798941798942,0.353111615016377,3.09884318441799,2.65049014891534,2.87466666666667,0.519330005554555,55.0822119032372,2.8136,2.80971186294556,0.552965049630627,0.530824856564653
"9142968","2010-08-24",20.2206740291391,0.0238095238095244,0.306878306878308,0.376039304610734,3.09955419030472,2.63611247636194,2.86783333333333,0.224165241307745,42.8571756731535,2.814,2.79241694788616,0.136290073090217,0.451917899869766
"9142967","2010-08-25",18.8252831114503,0.071428571428572,0.182539682539684,0.310405643738978,3.10025544762686,2.6324112190398,2.86633333333333,0.286966129799935,44.3354653359654,2.8152,2.780094688168,-0.136145116165354,0.334305296662742
"9142966","2010-08-26",18.3195526770646,0,0.0317460317460327,0.173721340388008,3.10558253875194,2.60741746124806,2.8565,0.125626105839289,39.3963312573204,2.8132,2.75741539641227,-0.609205680576064,0.145603101214981
"9142965","2010-08-27",18.1689497904553,0,0.0238095238095246,0.0793650793650801,3.10820028846537,2.57279971153463,2.8405,0.0757070939875937,37.4020033143297,2.8072,2.73242667689063,-1.09346896189304,-0.102211311406623
"9142964","2010-08-30",17.2132915991134,0.0540540540540541,0.0180180180180186,0.0245245245245251,3.08128748265803,2.55971251734197,2.8205,0.179496375817484,39.0630289854993,2.798,2.71343645330521,-1.40613034190218,-0.362995117505734
"9142963","2010-08-31",16.325894707153,0.162162162162162,0.0720720720720727,0.0379665379665385,3.05147010083765,2.55352989916235,2.8025,0.24059803520164,42.3574117843484,2.7908,2.70231159286452,-1.51948060552229,-0.594292215109046
"9142962","2010-09-01",15.4964495056299,0.18918918918919,0.135135135135136,0.0750750750750756,3.01709801483197,2.55590198516803,2.7865,0.319671763594176,43.1843740375168,2.7864,2.69400338048258,-1.56240940289922,-0.787915652667082
"9142961","2010-09-02",15.3318381328705,0.540540540540541,0.297297297297298,0.168168168168169,2.98202890126484,2.57063776540182,2.77633333333333,0.589938739011432,52.6871293823699,2.7832,2.70413626308491,-1.19345583959811,-0.869023690053288
"9142960","2010-09-03",15.1789847153081,0.540540540540541,0.423423423423424,0.285285285285286,2.9430176091853,2.58964905748137,2.76633333333333,0.623572588607866,52.6871293823699,2.7788,2.71291809467359,-0.89125948964216,-0.873470849971062
"9142959","2010-09-07",14.2807735713832,0.351351351351352,0.477477477477479,0.3993993993994,2.91695099840083,2.59671566826584,2.75683333333333,0.447434490359834,47.7044317470561,2.7668,2.71119568205044,-0.850452984898253,-0.868867276956501
"9142958","2010-09-08",13.9996584832192,0.333333333333333,0.408408408408409,0.436436436436437,2.90688899860359,2.59744433472974,2.75216666666667,0.503770194813063,47.0203119687897,2.7548,2.70836959111038,-0.838304174768667,-0.862754656518934
"9142957","2010-09-09",13.7386230442097,0.388888888888889,0.357857857857859,0.414581247914582,2.90819408007114,2.6011392532622,2.75466666666667,0.517369319312646,48.6077108190738,2.7432,2.70858697896233,-0.760362397884728,-0.842276204792093
"9142956","2010-09-10",13.2612732032528,0.333333333333333,0.351851851851852,0.372706039372707,2.90837285930181,2.60262714069819,2.7555,0.427499666167351,47.0883028967464,2.7312,2.70610871510069,-0.749582682008432,-0.823737500235361
"9142955","2010-09-13",12.8180197795072,0.454545454545456,0.392255892255893,0.367321867321868,2.90889456599308,2.60443876734025,2.75666666666667,0.467154509639009,49.6316346701389,2.7212,2.7079608864206,-0.644194855338409,-0.78782897125597
"9142954","2010-09-14",12.8357908914649,0.484848484848485,0.424242424242425,0.389450056116724,2.9103233183011,2.60801001503223,2.75916666666667,0.524808699845175,50.4859983562839,2.7152,2.71089943489785,-0.524838380762682,-0.735230853157313
"9142953","2010-09-15",12.8522926382829,0.484848484848485,0.474747474747476,0.430415263748598,2.91113710575888,2.60952956090778,2.76033333333333,0.498894811025044,50.4859983562839,2.7116,2.71344617691147,-0.425365148348256,-0.673257712195501
"9142952","2010-09-16",13.3008734484735,0.454545454545456,0.474747474747476,0.457912457912459,2.90191874163757,2.6107479250291,2.75633333333333,0.535488904601414,49.5119856222587,2.7136,2.71432001998994,-0.371979330712746,-0.61300203589895
"9142951","2010-09-17",14.9201964467545,0.560975609756097,0.500123183050013,0.483206044181655,2.89963682579594,2.61202984087072,2.75583333333333,0.931723404419229,58.1972529698462,2.7184,2.72841068399128,-0.0329197449384644,-0.496985577706853
"9142950","2010-09-20",16.4238535165869,0.513513513513513,0.509678192605023,0.494849616800837,2.89397958831154,2.61502041168846,2.7545,0.866242358123655,58.1972529698462,2.7228,2.74062259279244,0.231779909875418,-0.351232480190399
"9142949","2010-09-21",17.8201065100027,0.555555555555555,0.543348226275056,0.517716533976697,2.89095088225477,2.6167157844119,2.75383333333333,0.923602476781538,59.8012615490056,2.7288,2.75387291375345,0.493374550774539,-0.182311073997411
"9142948","2010-09-22",18.1426603647208,0.290322580645161,0.453130549904744,0.502052322928274,2.8997086714366,2.6172913285634,2.7585,0.764974284411896,53.2055083075743,2.7328,2.75735652525299,0.518361313886184,-0.0421765964206922
"9142947","2010-09-23",18.9828834816995,0.225806451612903,0.357228195937873,0.451235657372558,2.90777306152013,2.6165602718132,2.76216666666667,0.767273059715766,51.179175538135,2.7312,2.75770898855259,0.474172202986067,0.0610931634606597
"9142946","2010-09-24",19.4494018653015,0.161290322580646,0.225806451612904,0.34538839915184,2.90633014350416,2.62766985649584,2.767,0.498803800365989,49.1627819639352,2.7256,2.75534779007891,0.376323974461168,0.124139325660761
"9142945","2010-09-27",18.6205651209374,0,0.129032258064517,0.237355635205098,2.89634574406638,2.64565425593362,2.771,0.190190252388892,41.2809236678637,2.7168,2.74130141806839,0.0341125502889339,0.106133970586396
"9142944","2010-09-28",17.8509310011707,0.0285714285714292,0.0632872503840257,0.139375320020482,2.89279362225636,2.65220637774364,2.7725,0.129379076819874,42.3861750210728,2.7088,2.73046122899261,-0.20651547006979,0.0436040824551586
"9142943","2010-09-29",17.1362707471016,0.0285714285714292,0.0190476190476201,0.0704557091653875,2.89205814432314,2.65360852234352,2.77283333333333,0.110679469471885,42.3861750210728,2.708,2.72106639846026,-0.393543329304835,-0.0438253998968401
"9142942","2010-09-30",17.0583923115949,0.0857142857142864,0.0476190476190489,0.0433179723502315,2.89164732612916,2.65468600720418,2.77316666666667,0.233430473153874,44.7963522466469,2.7072,2.71559087866556,-0.477441425589598,-0.130548605035392
"9142941","2010-10-01",16.9860766214814,0.0285714285714292,0.0476190476190489,0.0380952380952392,2.88837016012619,2.64696317320714,2.76766666666667,0.233506746617463,42.8652200259582,2.7092,2.70817876151015,-0.596920229686349,-0.223822929965583
"9142940","2010-10-04",16.9189263378047,0.0285714285714292,0.0476190476190489,0.0476190476190488,2.88450079581369,2.64016587085298,2.76233333333333,0.258528175988402,42.8652200259582,2.7128,2.70175492664213,-0.684189529628532,-0.315896249898173
"9142939","2010-10-05",18.0347383513398,0.342857142857143,0.133333333333334,0.0761904761904773,2.88965902941377,2.64234097058623,2.766,0.691386482482223,55.1877117730016,2.72,2.71085426975651,-0.420316411445576,-0.336780282207653
"9142938","2010-10-06",19.0708495067654,0.485714285714285,0.285714285714287,0.155555555555557,2.89901688200648,2.64231645132685,2.77066666666667,0.796064949321604,59.466974947393,2.7276,2.72540703378898,-0.0627732265143011,-0.281978871068983
"9142937","2010-10-07",20.2246370205515,0.457142857142857,0.428571428571429,0.282539682539683,2.90740510228504,2.64259489771496,2.775,0.770634082183577,58.2685231649102,2.7344,2.73668609595045,0.187509778296691,-0.188081141195848
"9142936","2010-10-08",21.2960111404958,0.542857142857143,0.495238095238096,0.403174603174604,2.91836584979029,2.64496748354304,2.78166666666667,0.810901638392124,60.8195778481449,2.7372,2.75046128315706,0.46755026734917,-0.0569548594868445
"9142935","2010-10-11",22.2908585375868,0.571428571428572,0.523809523809525,0.482539682539683,2.92928615564795,2.64671384435205,2.788,0.801987597234797,61.6608981654721,2.7404,2.76373311206945,0.709068814832015,0.0962498753769273
"9142934","2010-10-12",23.2146454063143,0.571428571428572,0.561904761904763,0.526984126984128,2.93744430571556,2.64822236095111,2.79283333333333,0.743757437069363,61.6608981654721,2.7464,2.77523536379352,0.888877958098178,0.254775491921177
"9142933","2010-10-13",24.4162101494404,0.777777777777778,0.640211640211641,0.57530864197531,2.94740093859549,2.65026572807117,2.79883333333333,0.773164080835256,62.5924790333206,2.7532,2.78653731528772,1.04716013729247,0.413252420995436
"9142932","2010-10-14",25.27210203991,0.740740740740741,0.696649029982364,0.632921810699589,2.95445095071811,2.65321571594856,2.80383333333333,0.708585603810265,60.9963530086659,2.7588,2.79499900658269,1.12972084762828,0.556546106322004
"9142931","2010-10-15",26.5240723039334,0.714285714285714,0.744268077601412,0.693709582598472,2.95548494785642,2.65284838547691,2.80416666666667,0.772604206680566,62.0388365895624,2.7656,2.803665805705,1.20931314471344,0.687099514000292
"9142930","2010-10-18",28.9222430006926,0.613636363636364,0.689554272887607,0.710157126823794,2.98048487011442,2.64084846321891,2.81066666666667,1.01820121879381,68.4048451468979,2.774,2.82051036494433,1.45511704995227,0.840703021190688
"9142929","2010-10-19",31.2059738143298,0.822222222222222,0.716714766714767,0.716845705734595,3.0197220290526,2.6202779709474,2.82,1.092490141897,74.8845510313639,2.786,2.84844231628509,1.90876448854393,1.05431531466134
"9142928","2010-10-20",33.3265809984214,0.844444444444445,0.760101010101011,0.722123349901128,3.0577002554277,2.6052997445723,2.8315,1.01245152861341,75.4272674281725,2.7984,2.87398334078041,2.26417165187613,1.2962865821043
"9142927","2010-10-21",35.2957162407923,0.866666666666666,0.844444444444445,0.773753407086741,3.09122616736845,2.59444049929821,2.84283333333333,0.950563185936524,75.9860970659039,2.8116,2.89745222867635,2.53916854440348,1.54486297456413
"9142926","2010-10-22",37.2567869638371,0.799999999999999,0.837037037037038,0.813860830527498,3.12316540880204,2.59316792453129,2.85816666666667,0.905976769800565,75.9860970659039,2.8208,2.91779193151951,2.72129068516715,1.78014851668474
"9142925","2010-10-25",37.7604865389328,0.612903225806451,0.759856630824373,0.813779370768618,3.13710468811927,2.61189531188072,2.8745,0.777032373340409,67.1328887493663,2.828,2.92875300731691,2.69407433540405,1.9629336804286
"9142924","2010-10-26",39.8083196541757,0.384615384615384,0.599172870140612,0.732022179334007,3.16356794647745,2.62876538685588,2.89616666666667,0.912301691592559,67.9374864557044,2.8348,2.93958593967465,2.66792889470995,2.10393272328487
"9142923","2010-10-27",41.7098789754727,0.653061224489796,0.550193278303878,0.636407593089621,3.20297479585715,2.64202520414285,2.9225,1.00658146625659,77.0235553438849,2.85,2.96897448105137,3.01870454905373,2.28688708843864
"9142922","2010-10-28",43.2761829778772,0.625,0.554225536368394,0.567863894937628,3.23223083682219,2.6607691631778,2.9465,0.926100316486891,75.4877077508143,2.8656,2.99311121691118,3.22595511094526,2.47470069293997
"9142921","2010-10-29",43.7622449236705,0.520833333333333,0.599631519274377,0.568016777982216,3.24120142055478,2.69446524611189,2.96783333333333,0.796608628159482,68.1685165736406,2.88,3.00736305465636,3.21500777421715,2.6227621091954
"9142920","2010-11-01",44.2135881590499,0.541666666666666,0.5625,0.572119018547591,3.2414399664828,2.73622670018386,2.98883333333333,0.766224204651855,68.8196683982526,2.8984,3.02104798070218,3.19421643734041,2.7370529748244
"9142919","2010-11-02",43.5244414027421,0.416666666666666,0.493055555555556,0.551729024943311,3.24668235176495,2.75965098156838,3.00316666666667,0.698823606155494,60.7851669862341,2.914,3.02490824994189,2.98234859411783,2.78611209868309
"9142918","2010-11-03",42.7094158863263,0.382978723404255,0.44710401891253,0.500886524822695,3.2471894469021,2.78014388643123,3.01366666666667,0.592068105639734,59.5375796317385,2.9292,3.02692048328297,2.7559037640424,2.78007043175495
"9142917","2010-11-04",42.3054443187936,0.299999999999999,0.366548463356974,0.435569345941687,3.24702222528283,2.8033111080505,3.02516666666667,0.616066508139882,60.4125937911888,2.944,3.02999775217857,2.57330281045194,2.73871690749435
"9142916","2010-11-05",42.6042477068534,0.333333333333333,0.338770685579197,0.384141055949567,3.2544894218248,2.82384391150853,3.03916666666667,0.749625265850452,65.2660717304291,2.962,3.04066471855476,2.55802286243134,2.70257809848175
"9142915","2010-11-08",43.0140662532855,0.545454545454546,0.392929292929293,0.366082813955155,3.26756157386738,2.84343842613262,3.0555,0.840702932088885,69.9022628484718,2.9828,3.0592427560808,2.69810698550454,2.70168387588631
"9142914","2010-11-09",42.4910006863495,0.393939393939394,0.424242424242425,0.385314134250305,3.26531482182012,2.87368517817988,3.0695,0.688528459304168,63.3933592262202,2.9972,3.06867705527002,2.64478206138159,2.69030351298536
"9142913","2010-11-10",41.4991103621368,0.303030303030303,0.414141414141415,0.410437710437711,3.2581571448486,2.90517618848473,3.08166666666667,0.618042251049133,59.795680699052,3.0084,3.07285344790069,2.49429976188236,2.65110276276476
"9142912","2010-11-11",40.5780693467964,0.333333333333333,0.343434343434344,0.393939393939394,3.24206670817296,2.9475999584937,3.09483333333333,0.619424915393577,60.5983858154342,3.0204,3.07780632151393,2.37360055723792,2.59560232165939
"9142911","2010-11-12",39.5410217511122,0.281250000000001,0.305871212121213,0.354482323232324,3.21848204412991,2.99418462253676,3.10633333333333,0.546069782077467,59.3228576169769,3.0308,3.0807654786454,2.22581788169733,2.52164543366698
"9142910","2010-11-15",37.557166196094,0,0.204861111111112,0.284722222222223,3.21044346115546,3.00955653884454,3.11,0.251103758150014,52.2204505966564,3.0384,3.07533008149268,1.9292887181251,2.40317409055861
"9142909","2010-11-16",35.2698160129851,0,0.0937500000000009,0.201494107744108,3.21729649964279,2.99637016702387,3.10683333333333,-0.0137459109312227,43.7576611276041,3.0424,3.05861940396033,1.44088574747783,2.21071642194245
"9142908","2010-11-17",33.1458479858126,0.241379310344827,0.0804597701149431,0.126356960408685,3.21841220119268,2.99292113214066,3.10566666666667,0.208783736124299,50.4796370848965,3.0488,3.05347015009895,1.22404289619589,2.01338171679314
"9142907","2010-11-18",31.8948543894443,0.0344827586206889,0.091954022988506,0.0887212643678165,3.22275666994669,2.98224333005331,3.1025,0.087687457541319,45.4638646347733,3.0532,3.04100746341909,0.882939349177381,1.78729324326999
"9142906","2010-11-19",30.8466603286787,0,0.091954022988506,0.0881226053639849,3.22857820134566,2.96742179865434,3.098,0.0609272241270571,44.667257263603,3.0568,3.02887313496321,0.578699565748519,1.54557450776569
"9142905","2010-11-22",29.8733372722535,0.103448275862068,0.0459770114942531,0.0766283524904216,3.22991998844976,2.96441334488358,3.09716666666667,0.146587625556175,47.6317602040817,3.0588,3.02235671696812,0.412475057708117,1.31895461775418
"9142904","2010-11-23",28.9695372912873,0.103448275862068,0.0689655172413796,0.0689655172413794,3.23025617362806,2.9524104930386,3.09133333333333,0.171280355557211,47.6317602040817,3.0568,3.0167091547057,0.277400083565982,1.11064371091654
"9142903","2010-11-24",27.9379575634101,0.137931034482759,0.114942528735632,0.0766283524904216,3.214072412079,2.948927587921,3.0815,0.230336052279896,48.6943915961777,3.0548,3.01314793407827,0.19481348224768,0.927477665182767
"9142902","2010-11-26",26.9800621018098,0.137931034482759,0.126436781609196,0.103448275862069,3.19968576246448,2.94364757086886,3.07166666666667,0.194056059195064,48.6943915961777,3.0524,3.01006154286784,0.127852031697162,0.767552538485646
"9142901","2010-11-29",26.5424275228788,0.0454545454545445,0.107105538140021,0.116161616161616,3.19544665162043,2.93255334837957,3.064,0.167799322931705,45.4832685108019,3.0488,3.00338667048546,-0.00582101690966841,0.612877827406583
"9142900","2010-11-30",26.9133206876821,0,0.0611285266457685,0.0982236154649951,3.19419603434403,2.9151372989893,3.05466666666667,0.0771499507083896,39.8265407970626,3.0448,2.9896017810874,-0.27081568903593,0.436139124118081
"9142899","2010-12-01",27.2577214835708,0.148148148148148,0.0645342312008983,0.0775894319955626,3.19244796702296,2.90155203297704,3.047,0.155088567454859,44.7590527835593,3.042,2.98298821027575,-0.369178681849203,0.275075562924624
"9142898","2010-12-02",27.9375710201316,0.0400000000000009,0.0627160493827171,0.0627929357431278,3.19465945149043,2.8866738818429,3.04066666666667,0.140675805709604,41.979671351954,3.032,2.97325644890565,-0.522858074242383,0.115488835491223
"9142897","2010-12-03",27.632313229528,0.2,0.129382716049384,0.0855443322109996,3.19159572862062,2.87840427137938,3.035,0.271172983778211,45.6164706670268,3.0236,2.96882225571823,-0.557094218764742,-0.0190277753599703
"9142896","2010-12-06",28.2820008270996,0,0.080000000000001,0.0906995884773672,3.17968052532745,2.86698614133922,3.02333333333333,0.148218818013244,38.6577535675888,3.014,2.95431262162246,-0.79368164624547,-0.17395854953707
"9142895","2010-12-07",28.8852821677017,0.130434782608697,0.110144927536233,0.106509214528539,3.14891584478738,2.87008415521262,3.0095,0.190972475911619,42.2175055252095,3.0052,2.94573760540613,-0.889926015957643,-0.317152042821185
"9142894","2010-12-08",29.4454719839751,0.173913043478261,0.10144927536232,0.0971980676328512,3.12905384813546,2.86694615186454,2.998,0.176977563531153,43.3966462887551,2.9992,2.93963925801865,-0.928529378447496,-0.439427509946447
"9142893","2010-12-09",29.9656482419433,0.210526315789474,0.171624713958811,0.127739638952455,3.11032565468353,2.86434101198313,2.98733333333333,0.185617230066183,43.3966462887551,2.9936,2.93435402361616,-0.948485575965785,-0.541239123150315
"9142892","2010-12-10",28.8113675863572,0.157894736842107,0.180778032036615,0.151284007119248,3.08383906234615,2.87049427098718,2.97716666666667,0.263293963361728,42.3933336053118,2.9872,2.92844015380068,-0.980820390717241,-0.6291553766637
"9142891","2010-12-13",27.7395355490271,0.421052631578948,0.263157894736844,0.20518688024409,3.0546944399336,2.88363889339973,2.96916666666667,0.426924322225796,48.7708550688803,2.9804,2.92998146662725,-0.858804507790845,-0.675085202889129
"9142890","2010-12-14",27.0682826814274,0.315789473684211,0.298245614035089,0.247393846936182,3.03858107231745,2.88808559434921,2.96333333333333,0.367105641511568,46.5508621540056,2.97,2.92865060441029,-0.807907606891667,-0.701649683689637
"9142889","2010-12-15",25.223937375908,0.5,0.412280701754387,0.324561403508773,3.03858107231745,2.88808559434921,2.96333333333333,0.699341537732661,51.3231673429402,2.9632,2.93283052382225,-0.649864203196304,-0.69129258759097
"9142888","2010-12-16",23.5113310207827,0.550000000000001,0.455263157894738,0.388596491228071,3.02915342169612,2.89284657830388,2.961,0.737209904716903,52.465830198452,2.958,2.93778645397928,-0.491512140991757,-0.651336498271127
"9142887","2010-12-17",21.9358925309626,0.5,0.516666666666668,0.461403508771931,3.02458412950683,2.8937492038265,2.95916666666667,0.557324143083365,51.1721871431483,2.952,2.94074826011538,-0.389064195007638,-0.59888203761843
"9142886","2010-12-20",20.6590927741986,0.550000000000001,0.533333333333335,0.501754385964913,3.02418691075157,2.89381308924843,2.959,0.66107528150883,52.435201413432,2.9468,2.94464849209999,-0.277293538842183,-0.53456433786318
"9142885","2010-12-21",19.8424629977612,0.3,0.450000000000001,0.500000000000001,3.01820909670864,2.89312423662469,2.95566666666667,0.348103119856013,46.0247694458734,2.942,2.94136202648666,-0.322074330879007,-0.492066336466346
"9142884","2010-12-22",19.726734724337,0.1,0.316666666666668,0.433333333333334,3.015,2.88566666666667,2.95033333333333,0.0592783505154677,41.6390592155312,2.9392,2.93318042295511,-0.462293899232979,-0.486111849019673
"9142883","2010-12-23",20.1825732766549,0,0.133333333333334,0.300000000000001,3.01266726332283,2.87299940334384,2.94283333333333,-0.0930736917268766,37.7637358506096,2.932,2.92075636656109,-0.676582876694953,-0.524206054554729
"9142882","2010-12-27",20.9872437870562,0,0.0333333333333341,0.161111111111112,3.01420182058918,2.85613151274415,2.93516666666667,-0.102052769834341,35.1234544979409,2.926,2.90598885101961,-0.920237444846361,-0.603412332613055
"9142881","2010-12-28",21.858242971077,0,7.86407975776153e-16,0.0555555555555561,3.0191153238377,2.83521800949564,2.92716666666667,-0.100878813240652,34.263509779017,2.92,2.891857004217,-1.12984016419987,-0.708697898930418
"9142880","2010-12-29",22.9135195595367,0,7.86407975776153e-16,0.0111111111111116,3.02636224630723,2.8149710870261,2.92066666666667,-0.0392846152491539,32.5471776826026,2.912,2.87694273698807,-1.33821404274415,-0.834601127693164
"9142879","2010-12-30",24.7171371202316,0,7.86407975776153e-16,5.04226290350592e-16,3.04339106117664,2.77627560549003,2.90983333333333,-0.173241961499669,26.7705820803473,2.9008,2.85335037205632,-1.71163474265168,-1.01000785068487
"9142878","2010-12-31",24.8427234277355,0.166666666666666,0.055555555555556,0.0185185185185189,3.04542190842704,2.76057809157296,2.903,0.11499369065523,35.9520072836217,2.8916,2.84090365578215,-1.81981171750905,-1.1719686240497
"9142877","2011-01-03",23.4583006133104,0.472222222222222,0.212962962962963,0.0895061728395064,3.04056504248124,2.76076829085209,2.90066666666667,0.557184366533344,48.6606929750813,2.8868,2.84478316834453,-1.57537015279211,-1.25264892979818
"9142876","2011-01-04",22.5210827081681,0.805555555555556,0.481481481481482,0.25,3.05264102340943,2.75802564325724,2.90533333333333,0.843951267177518,58.3661308280938,2.888,2.86414541256526,-1.03038575230396,-1.20819629429934
"9142875","2011-01-05",22.0609449889645,0.352941176470587,0.543572984749456,0.412672476397967,3.05057145162034,2.75542854837966,2.903,0.410777684151668,45.3007311177077,2.8848,2.85825935755656,-1.0662835654943,-1.17981374853833
"9142874","2011-01-06",21.9765291498381,0.235294117647058,0.464596949891068,0.496550472040668,3.04997387013387,2.74702612986613,2.8985,0.251882398593784,42.8690776231461,2.8784,2.84782477654902,-1.19463852463101,-1.18277870375687
"9142873","2011-01-07",21.3971667141847,0.470588235294117,0.352941176470588,0.453703703703704,3.04892104653361,2.74607895346639,2.8975,0.475234618397863,48.7897136198859,2.8764,2.84944813967581,-1.05796275864555,-1.1578155147346
"9142872","2011-01-10",20.8591873096495,0.529411764705882,0.411764705882353,0.409767610748003,3.04719603765602,2.74547062901064,2.89633333333333,0.523199902293372,50.1797548365968,2.874,2.85352172105237,-0.882835404952231,-1.10281949277813
"9142871","2011-01-11",20.6552256194325,0.441176470588235,0.480392156862745,0.415032679738562,3.04091196417779,2.7440880358222,2.8925,0.457887492193605,48.0719139268495,2.8736,2.85305215824539,-0.819421904240347,-1.04613997507057
"9142870","2011-01-12",20.3229280412391,0.5,0.490196078431373,0.46078431372549,3.03676475669515,2.74356857663818,2.89016666666667,0.522169456637318,49.5921155416505,2.8728,2.85531187047934,-0.704498215274829,-0.977811623111424
"9142869","2011-01-13",19.1962615895157,0.647058823529411,0.529411764705883,0.5,3.02963176040548,2.74636823959452,2.888,0.71887746019148,53.2748803755571,2.8736,2.86393695441543,-0.467009200918755,-0.87565113867289
"9142868","2011-01-14",18.1500713129155,0.647058823529411,0.598039215686275,0.53921568627451,3.0217075102068,2.74962582312653,2.88566666666667,0.724197374893536,53.2748803755571,2.8744,2.87141202716004,-0.275973675169516,-0.755715645972215
"9142867","2011-01-18",17.1786089132152,0.735294117647059,0.676470588235295,0.601307189542484,3.02115110475858,2.74984889524142,2.8855,0.786887944893103,55.5354111031769,2.8768,2.8818904235387,-0.0404007162410958,-0.612652660025992
"9142866","2011-01-19",17.5337055277344,0.411764705882352,0.598039215686275,0.624183006535948,3.00939589916543,2.75227076750123,2.88083333333333,0.52268674903763,46.6278037238977,2.8728,2.87630503373354,-0.160056586821511,-0.522133445385095
"9142865","2011-01-20",17.8634380983594,0.285714285714286,0.477591036414567,0.584033613445378,3.00353130122667,2.75146869877333,2.8775,0.470245486926654,46.6278037238977,2.8696,2.87146436256907,-0.252215941014367,-0.46814994451095
"9142864","2011-01-21",18.1696183425112,0.230769230769231,0.309416074121957,0.461682108740932,3.00186463456001,2.74980203210666,2.87583333333333,0.437184916845156,46.6278037238977,2.8648,2.86726911422652,-0.32173313524928,-0.438866582658616
"9142863","2011-01-24",18.8836316192167,0.0769230769230769,0.197802197802199,0.32826976944624,3.00186205073011,2.74647128260322,2.87416666666667,0.314010504967043,43.4617407526404,2.858,2.85829989899632,-0.484227484934041,-0.447938763113701
"9142862","2011-01-25",19.3600645077257,0.130434782608697,0.146042363433669,0.217753545119274,3.00188188995232,2.74611811004768,2.874,0.354031976899731,44.476759550557,2.85200000000001,2.85185991246348,-0.578636587067616,-0.474078327904484
"9142861","2011-01-26",19.9166728819685,0.0869565217391305,0.0981047937569689,0.147316451664278,3.00175759285048,2.74657574048285,2.87416666666667,0.287733076768211,43.6331663595181,2.84520000000001,2.84494525746835,-0.674401081777587,-0.514142878679104
"9142860","2011-01-27",19.8442141853895,0.0476190476190487,0.0883367839889595,0.110827980393199,3.00072842918601,2.75060490414732,2.87566666666667,0.344077041557895,44.7614718690308,2.84080000000001,2.8402858898059,-0.714033099429645,-0.554120922829213
"9142859","2011-01-28",19.7769311099948,0.285714285714286,0.140096618357489,0.108846065367805,2.98853031062016,2.77680302271318,2.88266666666667,0.44017461427914,50.1360506130277,2.84000000000001,2.84291443783178,-0.59661190444843,-0.562619119153056
"9142858","2011-01-31",20.2426680119255,0.0952380952380953,0.142857142857144,0.123763515067864,2.98464251521517,2.78569081811816,2.88516666666667,0.289731206399629,46.2584087785977,2.8392,2.83985917945421,-0.610115320373406,-0.572118359397126
"9142857","2011-02-01",20.6751379922897,0.142857142857144,0.174603174603176,0.152518978605936,2.98133151868809,2.78233514797858,2.88183333333333,0.340030583372781,47.3546404871773,2.84,2.83854462219365,-0.58571907261642,-0.574838502040985
"9142856","2011-02-02",21.2123177461674,0.0952380952380953,0.111111111111112,0.142857142857144,2.95655265003451,2.78978068329882,2.87316666666667,0.261150904957156,46.3367476237625,2.8408,2.83607200590116,-0.588087550055949,-0.577488311643978
"9142855","2011-02-03",21.8495574892457,0.0500000000000011,0.0960317460317477,0.127248677248678,2.9566336171306,2.7843663828694,2.8705,0.22620059253315,45.2883861470963,2.842,2.83259573844767,-0.611477668181981,-0.584286182951578
"9142854","2011-02-04",22.5822377308441,0,0.0484126984126996,0.085185185185186,2.95790623954767,2.78142709378566,2.86966666666667,0.143017311037087,44.2111715900473,2.846,2.82824963998798,-0.651169056815681,-0.597662757724399
"9142853","2011-02-07",21.8061920063589,0.0555555555555568,0.0351851851851868,0.0598765432098775,2.95591444493644,2.77775222173023,2.86683333333333,0.31196911782344,45.6045298202394,2.848,2.82581635465625,-0.646775386277265,-0.607485283434972
"9142852","2011-02-08",21.4166107430608,0,0.0185185185185198,0.0340388007054682,2.95310189655301,2.77089810344699,2.862,0.196310749682716,43.2765314571265,2.8448,2.82104084070209,-0.692588762197655,-0.624505979187509
"9142851","2011-02-09",21.6617955793967,0,0.0185185185185198,0.0240740740740749,2.9555280543864,2.7574719456136,2.8565,0.0632550768770799,38.9896746391587,2.8352,2.81156872860848,-0.834266817058538,-0.666458146761715
"9142850","2011-02-10",20.1279971865021,0,8.32667268468867e-16,0.0123456790123462,2.95220508909832,2.75046157756835,2.85133333333333,0.212506243397161,37.9768592995784,2.832,2.80202623146068,-0.964994486045601,-0.726165414618492
"9142849","2011-02-11",18.7037558216714,0.0624999999999988,0.0208333333333338,0.0131172839506176,2.9380655679509,2.7469344320491,2.8425,0.138119313526161,39.6647202789252,2.8308,2.79508940059926,-1.02861962308102,-0.786656256310997
"9142848","2011-02-14",17.3812459829001,0.124999999999998,0.0624999999999996,0.0277777777777775,2.92142643978498,2.74590689354835,2.83366666666667,0.137267369750177,41.3826053823573,2.8268,2.79041081385269,-1.03857583554262,-0.837040172157322
"9142847","2011-02-15",16.3171861018187,0.124999999999998,0.104166666666665,0.062499999999999,2.89276776805076,2.75556556528257,2.82416666666667,0.129500603432597,41.3826053823573,2.822,2.78635603867233,-1.03477652438596,-0.87658744260305
"9142846","2011-02-16",18.3075538023583,0.0312499999999993,0.093749999999999,0.0868055555555541,2.88640531189885,2.75859468810115,2.8225,0.741242335082709,40.0597853359333,2.81800000000001,2.78150856684935,-1.0488941332628,-0.911048780735
"9142845","2011-02-17",20.1557523814307,0.0624999999999987,0.072916666666666,0.0902777777777762,2.88033042888658,2.75600290444676,2.81816666666667,0.219826052273763,42.0545291084982,2.81360000000001,2.77864075793611,-1.01951615887778,-0.932742256363555
"9142844","2011-02-18",21.4935017296247,0,0.0312500000000002,0.0659722222222212,2.87609529257925,2.75123804075408,2.81366666666667,0.150267277003569,39.2417727118599,2.8064,2.77348865687796,-1.04253386730465,-0.954700578551774
"9142843","2011-02-22",23.8344781252572,0.0937499999999994,0.0520833333333335,0.0520833333333327,2.87852066680239,2.75081266653094,2.81466666666667,0.750571615967534,45.1661662545957,2.8004,2.77302350262756,-0.962542979408809,-0.956269058723181
"9142842","2011-02-23",25.6677053652044,0.0312499999999993,0.0416666666666671,0.0416666666666663,2.87629414387678,2.74803918945656,2.81216666666667,0.301177271355533,42.2111529243196,2.7924,2.76995370227722,-0.946512616128581,-0.954317770204261
"9142841","2011-02-24",25.846514654782,0,0.0416666666666671,0.0451388888888887,2.88733879763065,2.72466120236935,2.806,-0.172085994126701,31.2145605193778,2.7848,2.75395987530693,-1.21249901489806,-1.00595401914302
"9142840","2011-02-25",26.0125518522469,0.121951219512196,0.0510670731707325,0.044800135501355,2.88709197160297,2.71424136173036,2.80066666666667,0.0911691215972706,39.6765378997732,2.7792,2.746765225266,-1.26364285816064,-1.05749178694655
"9142839","2011-02-28",26.1667292498929,0.121951219512196,0.0813008130081313,0.0580115176151764,2.88065842800324,2.70534157199676,2.793,0.0645978654185544,39.6765378997732,2.7736,2.7405298618972,-1.28984651081733,-1.1039627317207
"9142838","2011-03-01",26.6512497982611,0.0731707317073177,0.105691056910571,0.0793529810298109,2.87712230342979,2.69621102990354,2.78666666666667,0.113069994834544,37.5344618039839,2.76880000000001,2.73245921364424,-1.35452973672304,-1.15407613272117
"9142837","2011-03-02",27.1011617360316,0.0975609756097562,0.0975609756097573,0.0948509485094858,2.87144865717103,2.68755134282897,2.7795,0.103945638934892,39.2990813160465,2.764,2.72679798515834,-1.36114474710155,-1.19548985559725
"9142836","2011-03-03",28.159228699383,0.170731707317074,0.113821138211383,0.10569105691057,2.86465093319135,2.68634906680865,2.7755,0.37567899811498,44.3757700965996,2.76080000000001,2.72589158713723,-1.26324389431661,-1.20904066334112
"9142835","2011-03-04",29.1417194510666,0.170731707317074,0.146341463414635,0.119241192411925,2.85901185878199,2.68332147455135,2.77116666666667,0.303631825662644,44.3757700965996,2.7572,2.7251060421856,-1.17216438116906,-1.20166540690671
"9142834","2011-03-07",29.8613031801645,0.146341463414634,0.162601626016261,0.140921409214093,2.85533838369346,2.6793282829732,2.76733333333333,0.287890960913267,42.9859458758543,2.7512,2.72309190322752,-1.11677029175199,-1.18468638387576
"9142833","2011-03-08",30.7807506650638,0.219512195121952,0.178861788617887,0.162601626016261,2.84631451398689,2.68101881934644,2.76366666666667,0.47781753073096,48.2248590522148,2.748,2.72534631613052,-0.972797512215196,-1.14230860954365
"9142832","2011-03-09",30.6751700734781,0.114285714285714,0.160046457607434,0.167169957413861,2.84194844449683,2.67605155550316,2.759,0.224728613395464,41.3973099610039,2.7424,2.72063347397978,-0.99536863739984,-1.11292061511489
"9142831","2011-03-10",29.0207102145439,0,0.111265969802556,0.150058072009292,2.85326500436085,2.65006832897248,2.75166666666667,-0.131572013115105,31.7236350499346,2.7332,2.70321567744914,-1.29657164689355,-1.14965082147062
"9142830","2011-03-11",27.7845166479355,0,0.038095238095239,0.103135888501743,2.87673450284852,2.60026549715148,2.7385,-0.254153252999634,24.3655927789262,2.71960000000001,2.67212025378926,-1.87816559564697,-1.29535377630589
"9142829","2011-03-14",26.7362315240136,0,8.51170985545953e-16,0.0497870692992648,2.89872879708677,2.54993786957989,2.72433333333333,-0.171844692200916,23.8687573245649,2.706,2.64383755328402,-2.35080079148812,-1.50644317934234
"9142828","2011-03-15",26.0641755740567,0,8.51170985545953e-16,0.012698412698413,2.91685888554144,2.5004744477919,2.70866666666667,-0.105209938589445,22.3935135963713,2.6908,2.61532587951282,-2.79319009961453,-1.76379256339678
"9142827","2011-03-16",24.8939257858905,0.0769230769230765,0.0256410256410263,0.00854700854700876,2.92092413495228,2.46807586504772,2.6945,0.0484138648843741,27.2366984748366,2.6776,2.59461576224445,-3.0230071532251,-2.01563548136244
"9142826","2011-03-17",23.8072652683077,0.153846153846154,0.0769230769230777,0.0341880341880344,2.90604914624529,2.44761752042138,2.67683333333333,0.114264541597626,31.8189744231156,2.6672,2.58066699394519,-3.08001958206368,-2.22851230150269
"9142825","2011-03-18",22.7982233591236,0.102564102564103,0.111111111111112,0.0712250712250714,2.89932465994443,2.42534200672223,2.66233333333333,0.143446866987402,30.4425775168477,2.6564,2.56591139475249,-3.15424898159479,-2.41365963752111
"9142824","2011-03-21",21.9899254110015,0.0769230769230765,0.111111111111112,0.0997150997151,2.89237147749891,2.40296185583442,2.64766666666667,0.150599431579571,29.7496402537792,2.6448,2.55178987545216,-3.21043360923315,-2.57301443186352
"9142823","2011-03-22",22.2636012532924,0,0.0598290598290606,0.0940170940170943,2.87394160387227,2.37739172946107,2.62566666666667,0.0589566903834464,24.3726176304087,2.6292,2.52755122539187,-3.50452811399692,-2.7593171682902
"9142822","2011-03-23",22.517728821134,0.0930232558139536,0.0566487775790109,0.0758629828397272,2.85882487267325,2.35650846066008,2.60766666666667,0.139669348499694,30.394163100079,2.6152,2.51187772867296,-3.57397848511941,-2.92224943165604
"9142821","2011-03-24",21.6078821183376,0.162790697674418,0.0852713178294582,0.0672497184125093,2.85083851773807,2.3418281489286,2.59633333333333,0.251805972776517,34.6000015421082,2.6028,2.50229403151656,-3.49488312522093,-3.03677617036902
"9142820","2011-03-25",20.612177642209,0.279069767441861,0.178294573643412,0.106738223017293,2.83478392924636,2.33554940408698,2.58516666666667,0.342759272358139,40.9988368573835,2.592,2.50065482731435,-3.23448606444942,-3.0763181491851
"9142819","2011-03-28",20.2239258182786,0.307692307692308,0.24985092426953,0.171138938580799,2.81936145312337,2.3343052135433,2.57683333333333,0.444679954315064,40.9988368573835,2.582,2.49923418367244,-2.99369569312355,-3.05979365797279
"9142818","2011-03-29",19.0785613127016,0.1875,0.258087358378057,0.228744285430332,2.80283379823293,2.32483286843374,2.56383333333333,0.275802388686384,36.0852013180067,2.5684,2.49000295918278,-2.963182491636,-3.04047142470543
"9142817","2011-03-30",18.015008557523,0.2,0.23173076923077,0.246556350626119,2.78558970823198,2.31607695843468,2.55083333333333,0.278138790242359,36.0852013180067,2.5556,2.48200256462508,-2.90685781186635,-3.01374870213761
"9142816","2011-03-31",17.8680760026245,0,0.129166666666668,0.206328264758498,2.76129060823598,2.30037605843068,2.53083333333333,0.114896079815706,27.7331659693451,2.5416,2.4577355560084,-3.2518267739831,-3.06136431650671
"9142815","2011-04-01",17.2328848776104,0.27027027027027,0.156756756756758,0.172551397551398,2.72925089413261,2.30208243920073,2.51566666666667,0.307257927445831,39.3600503607279,2.5296,2.45003748187395,-3.16480700079836,-3.08205285336504
"9142814","2011-04-04",16.6430645472402,0.486486486486487,0.252252252252253,0.179391891891892,2.69325393422945,2.31374606577055,2.5035,0.455644310085878,46.7421906511429,2.5208,2.45403248429075,-2.80067162296386,-3.02577660728481
"9142813","2011-04-05",17.1428687959541,0.18918918918919,0.315315315315317,0.241441441441442,2.63871938979324,2.33361394354009,2.48616666666667,0.261284715734304,39.6031399769939,2.5084,2.44282815305199,-2.84174800330077,-2.988970886488
"9142812","2011-04-06",17.6916666986434,0.162162162162162,0.27927927927928,0.282282282282283,2.58758023704351,2.35208642962316,2.46983333333333,0.146841385861941,39.0196852506152,2.4952,2.43178439931172,-2.87626237259909,-2.96642918371022
"9142811","2011-04-07",18.9705473404161,0,0.117117117117118,0.237237237237238,2.57145932820002,2.33587400513331,2.45366666666667,-0.15227606145547,33.6766174155256,2.4768,2.40887981273683,-3.20312342003722,-3.01376803097562
"9142810","2011-04-08",20.295783623948,0,0.0540540540540549,0.150150150150151,2.57837715949754,2.30262284050246,2.4405,-0.130392060464625,32.7118411868901,2.4576,2.38636250437192,-3.49610181212102,-3.1102347872047
"9142809","2011-04-11",19.9343140912616,0.232558139534883,0.0775193798449619,0.0828968503387111,2.57354151040095,2.29579182293238,2.43466666666667,0.279177669316827,41.704495229621,2.4428,2.38018083712233,-3.35550201584291,-3.15928823293234
"9142808","2011-04-12",18.8963788573332,0.372093023255814,0.2015503875969,0.111041273831972,2.57411625833573,2.29588374166427,2.435,0.601833292787955,46.3384165777999,2.4292,2.38282339217268,-3.00644813316447,-3.12872021297877
"9142807","2011-04-13",17.9325818543997,0.651162790697674,0.418604651162791,0.232558139534884,2.58091451689214,2.29341881644119,2.43716666666667,0.834497756021494,54.1827691836812,2.4224,2.40111360654966,-2.29828297213927,-2.96263276481087
"9142806","2011-04-14",17.7864034837985,0.697674418604651,0.573643410852714,0.397932816537468,2.59497113726641,2.28702886273359,2.441,0.940558760152335,55.3541764011892,2.4204,2.41963179234304,-1.65302608881875,-2.70071142961245
"9142805","2011-04-15",18.8597469233522,0.683333333333333,0.677390180878554,0.556546080964686,2.64567096954486,2.25832903045514,2.452,1.17468380508315,61.2259299861919,2.4276,2.45034755336397,-0.772016690802035,-2.31497248185036
"9142804","2011-04-18",19.8564229743665,0.7,0.693669250645996,0.648234280792421,2.68672360488483,2.24027639511517,2.4635,1.04467059339923,61.7188359985283,2.4356,2.47830121291544,-0.047875955853327,-1.86155317665096
"9142803","2011-04-19",20.7819078788797,0.75,0.711111111111112,0.69405684754522,2.72769328716379,2.23097337950287,2.47933333333333,0.991222510386211,63.2290333705855,2.446,2.50652771786005,0.609192783138623,-1.36740398469304
"9142802","2011-04-20",21.8824651829191,0.883333333333334,0.777777777777779,0.727519379844962,2.77876598719994,2.21623401280006,2.4975,1.01997044312379,66.9709806975604,2.45840000000001,2.54165735547871,1.36112110176962,-0.821698967400508
"9142801","2011-04-21",22.1739853595751,0.783333333333333,0.805555555555557,0.764814814814815,2.81098592559578,2.21101407440422,2.511,0.881684573276567,61.8844669303605,2.4672,2.56410304141488,1.73902027097974,-0.309555119724458
"9142800","2011-04-25",21.8766677086977,0.7,0.78888888888889,0.790740740740741,2.82905080445106,2.2106158622156,2.51983333333333,0.76437704087191,57.935514764737,2.4748,2.57688930255956,1.85706731804109,0.123769367828653
"9142799","2011-04-26",22.3015790956648,0.7,0.727777777777779,0.774074074074075,2.84895371960573,2.2073796137276,2.52816666666667,0.793808615829338,57.935514764737,2.4828,2.58797072888495,1.92686054354185,0.484387602971293
"9142798","2011-04-27",22.8257096904263,0.901639344262295,0.767213114754099,0.761293260473589,2.8871827795676,2.20448388709906,2.54583333333333,0.886944624608189,64.7233366015603,2.4996,2.61490796503363,2.35446254033163,0.858402590443359
"9142797","2011-04-28",21.5562872767767,0.459016393442623,0.68688524590164,0.727292046144506,2.89247541700444,2.21452458299556,2.5535,0.568589044614099,47.5582552878235,2.504,2.60225356969581,1.83777085134718,1.05427624262412
"9142796","2011-04-29",20.3775378926734,0.470588235294118,0.610414657666346,0.688171006107361,2.89299162831365,2.23934170501968,2.56616666666667,0.561959771670907,50.688005689164,2.5096,2.5992864270697,1.59517691573112,1.16245637724552
"9142795","2011-05-02",19.5090634964439,0.333333333333333,0.420979320690025,0.572759741419337,2.89442868088951,2.25223798577716,2.57333333333333,0.505190566226984,49.1098287987815,2.512,2.59271490346041,1.29494677448783,1.18895445669398
"9142794","2011-05-03",18.9298196634572,0,0.267973856209151,0.43312261152184,2.89546998464745,2.25786334868588,2.57666666666667,0.463404814163917,47.5165915937276,2.5132,2.58301958299902,0.952356632331908,1.14163489182157
"9142793","2011-05-04",18.3919503899695,0,0.111111111111112,0.266688096003429,2.89349709248952,2.27250290751048,2.583,0.430756195403905,47.5165915937276,2.5168,2.57461697193248,0.672565513780543,1.04782101621336
"9142792","2011-05-05",17.7873039701818,0,9.43689570931383e-16,0.126361655773421,2.8887734839229,2.29289318274377,2.59083333333333,0.42028600390715,47.5165915937276,2.5204,2.56733470900815,0.445275104233311,0.927311833817353
"9142791","2011-05-06",17.3161610121174,0,9.43689570931383e-16,0.0370370370370375,2.87077823767437,2.3338884289923,2.60233333333333,0.365273409620321,46.883358606572,2.52880000000001,2.5596900811404,0.230630568424561,0.787975580738795
"9142790","2011-05-09",16.7603938474743,0,9.43689570931383e-16,4.81096644004234e-16,2.83875708182011,2.39257625151323,2.61566666666667,0.315470930750866,46.883358606572,2.53320000000001,2.55306473698835,0.059433368871753,0.642267138365386
"9142789","2011-05-10",16.2443243374486,0.0588235294117647,0.0196078431372558,0.00653594771241878,2.82109728050481,2.42723605282853,2.62416666666667,0.294766969548545,48.4760326726231,2.53520000000001,2.54998943872323,-0.0130482969272316,0.511204051306863
"9142788","2011-05-11",15.3527240956286,0.147058823529412,0.0686274509803933,0.0294117647058829,2.81402444584366,2.44697555415634,2.6305,0.389660475982306,50.8563750699963,2.54280000000001,2.5513241802268,0.0241731290156588,0.413797866848622
"9142787","2011-05-12",14.5248095853673,0.147058823529412,0.117647058823531,0.0686274509803929,2.81250309211934,2.45316357454733,2.63283333333333,0.352970990526403,50.8563750699963,2.55080000000001,2.55248095619656,0.0530403380040401,0.341646361079706
"9142786","2011-05-13",13.5903004828651,0.0588235294117647,0.117647058823531,0.101307189542485,2.81295913369197,2.4507075329747,2.63183333333333,0.292501492007667,48.2700831126675,2.5616,2.54948349537035,-0.0187892814779933,0.269559232568166
"9142785","2011-05-16",12.9672020988643,0,0.0686274509803933,0.101307189542485,2.80528566470836,2.43938100195831,2.62233333333333,0.229437719497908,46.5697671249442,2.57240000000001,2.54421902932097,-0.137626574119765,0.18812207123058
"9142784","2011-05-17",13.1756454347067,0,0.0196078431372558,0.0686274509803929,2.80025804012255,2.42107529321078,2.61066666666667,0.137817557755893,41.1113573566299,2.5764,2.53032315874484,-0.449863710771181,0.0605249148302276
"9142783","2011-05-18",13.2242869798541,0.0454545454545465,0.0151515151515164,0.0344622697563881,2.78859530823736,2.40873802509597,2.59866666666667,0.196377196247135,42.1544400554832,2.5784,2.51961340424553,-0.659299712482886,-0.0834400106323951
"9142782","2011-05-19",13.5988453443352,0,0.0151515151515164,0.0166369578134291,2.76092469791593,2.40207530208407,2.5815,0.124262058402597,39.8726870063128,2.57440000000001,2.50633161701279,-0.912476940983054,-0.249247396702527
"9142781","2011-05-20",14.6371561643134,0,0.0151515151515164,0.015151515151516,2.74419609423983,2.38547057242684,2.56483333333333,0.0590872211508745,35.098733074477,2.5668,2.48548740141109,-1.32679244415679,-0.464756406193379
"9142780","2011-05-23",15.6013019257218,0.0333333333333326,0.0111111111111118,0.0138047138047145,2.73466749773158,2.36699916893509,2.55083333333333,0.0988232098129773,36.2725912349286,2.5552,2.46875574788961,-1.60798662338765,-0.693402449632233
"9142779","2011-05-24",16.3202480572844,0.166666666666666,0.0666666666666672,0.0309764309764314,2.71060152037153,2.3627318129618,2.53666666666667,0.202953918860132,40.8788663836116,2.5448,2.45958831483766,-1.68261935413003,-0.891245830531793
"9142778","2011-05-25",15.4454750075702,0.3,0.166666666666667,0.0814814814814816,2.642010430546,2.39965623612066,2.52083333333333,0.386529712988021,45.1485565440943,2.5348,2.45697653952597,-1.59261176611863,-1.03151901764916
"9142777","2011-05-26",14.4981249681598,0.633333333333334,0.366666666666667,0.2,2.63638067226857,2.40161932773143,2.519,0.688844264036485,54.0775645473779,2.5256,2.46804633425584,-1.17947153405817,-1.06110952093096
"9142776","2011-05-27",13.9570543695459,0.774193548387096,0.569175627240144,0.367502986857826,2.63774129102387,2.40092537564279,2.51933333333333,0.896932781518242,57.7784372174192,2.5208,2.48430682302173,-0.68222270832482,-0.985332158409735
"9142775","2011-05-31",14.0367857599335,0.805555555555556,0.737694145758663,0.557845479888491,2.65570874750119,2.39162458583214,2.52366666666667,1.02887180277664,61.1501692035009,2.52,2.5050659132855,-0.127425801379066,-0.813750887003601
"9142774","2011-06-01",13.5342422345596,0.694444444444445,0.758064516129033,0.688311429709279,2.66571910359138,2.38861422974195,2.52716666666667,0.847040690157325,57.2138137366754,2.5176,2.5177237915141,0.178854596665645,-0.615229790269752
"9142773","2011-06-02",13.4237783205265,0.722222222222222,0.740740740740742,0.745499800876145,2.67917044590758,2.38516288742575,2.53216666666667,0.866770616001012,57.9427048859244,2.5104,2.53002728597889,0.446983416969116,-0.402787148821979
"9142772","2011-06-03",13.0246836309943,0.666666666666666,0.694444444444445,0.731083233771406,2.68788592210384,2.38411407789616,2.536,0.776523323677663,55.8919077061869,2.5132,2.53802364784837,0.587967150838686,-0.204636288889846
"9142771","2011-06-06",12.8162471816857,0.388888888888889,0.592592592592593,0.675925925925926,2.68788592210384,2.38411407789616,2.536,0.480248334023025,46.9450861664322,2.5096,2.53162049480192,0.377305799658045,-0.0882478711802674
"9142770","2011-06-07",13.2460270053378,0.222222222222222,0.425925925925927,0.570987654320988,2.68766120649183,2.37733879350817,2.5325,0.277113531692251,42.5446040410216,2.5048,2.518071095495,0.0179641667650277,-0.0670054635912084
"9142769","2011-06-08",13.7443967126478,0.194444444444444,0.268518518518519,0.429012345679013,2.68682065356873,2.36917934643127,2.528,0.264934015227583,41.8406537140592,2.5008,2.504994949429,-0.297141503035081,-0.113032671479983
"9142768","2011-06-09",13.9016820973829,0.388888888888889,0.268518518518519,0.320987654320988,2.6802838935042,2.36738277316247,2.52383333333333,0.445137087882848,48.2905161906227,2.4996,2.50299562283846,-0.318492462467201,-0.154124629677427
"9142767","2011-06-10",13.7421573776402,0.342857142857143,0.308730158730159,0.281922398589066,2.67460435636708,2.36572897696626,2.52016666666667,0.456293052472525,47.4804281728943,2.498,2.49992953979334,-0.363550865731643,-0.19600987688827
"9142766","2011-06-13",14.058522940397,0.129032258064516,0.286926096603517,0.288058257950731,2.6707939017944,2.36087276487226,2.51583333333333,0.352112915600045,44.2805871196745,2.4952,2.49193893448756,-0.522795613507698,-0.261367024212156
"9142765","2011-06-14",13.8785534791705,0.206896551724138,0.226261984215266,0.273972746516314,2.66996953105548,2.36003046894452,2.515,0.47311299428805,48.0508927063118,2.494,2.49034707655588,-0.513857215488145,-0.311865062467353
"9142764","2011-06-15",14.4924224589748,0,0.111976269929552,0.208388116916111,2.6704949520973,2.35683838123604,2.51366666666667,0.286390574200225,42.6162834468155,2.4892,2.4796341330151,-0.725979562743728,-0.394687962522628
"9142763","2011-06-16",15.1657793166037,0,0.06896551724138,0.135734590462066,2.67140641759564,2.3509269157377,2.51116666666667,0.257134753136767,41.8874349315644,2.48280000000001,2.46901624861309,-0.917360954108526,-0.499222560839808
"9142762","2011-06-17",14.435342554075,0.290322580645162,0.096774193548388,0.0925719935731062,2.67252953867626,2.35747046132374,2.515,0.526450065820542,50.1506391838866,2.48,2.47181408213134,-0.766507362383595,-0.552679521148565
"9142761","2011-06-20",14.4027176740071,0.322580645161291,0.204301075268818,0.123346928686195,2.67418506142557,2.37214827190776,2.52316666666667,0.65505837354483,50.9846142024082,2.4788,2.47557220451383,-0.607342366121977,-0.563612090143248
"9142760","2011-06-21",14.4702489228613,0.625,0.412634408602152,0.237903225806452,2.68367563500602,2.38632436499398,2.535,0.853117711573068,58.467457480333,2.4824,2.49216257724532,-0.154825658476565,-0.481854803809911
"9142759","2011-06-22",14.532956511083,0.6875,0.545026881720431,0.387320788530466,2.69303272775021,2.39763393891646,2.54533333333333,0.820470733953976,59.7896265985801,2.4896,2.50920756694594,0.262840501472272,-0.332915742753474
"9142758","2011-06-23",14.1587375798548,0.593749999999999,0.635416666666667,0.531025985663083,2.69856996085377,2.4030967058129,2.55083333333333,0.677681056083192,56.8653262989302,2.4952,2.51997989135315,0.489898351521822,-0.168352923898415
"9142757","2011-06-24",14.7506209712131,0.656249999999999,0.645833333333334,0.608758960573477,2.70849990951861,2.40150009048139,2.555,0.798588666775569,58.3286067575148,2.5028,2.53198257250606,0.724142970159791,0.0101462549132262
"9142756","2011-06-27",15.5742827206579,0.6,0.616666666666667,0.632638888888889,2.71505938692669,2.39927394640664,2.55716666666667,0.815087357530281,58.3286067575148,2.5132,2.54238489617192,0.898123302852438,0.187741664501069
"9142755","2011-06-28",14.9787959109377,0.314285714285714,0.523511904761905,0.595337301587301,2.70185913577806,2.40147419755527,2.55166666666667,0.50554843620498,48.7405452743449,2.5192,2.53806691001567,0.710217407378044,0.292236813076464
"9142754","2011-06-29",14.0699746960509,0.228571428571429,0.380952380952382,0.507043650793651,2.69355214494639,2.39944785505361,2.5465,0.409895907979913,46.2825963219454,2.5224,2.53032465534691,0.460389460113886,0.325867342483948
"9142753","2011-06-30",13.7634552561352,0.457142857142857,0.333333333333334,0.412599206349206,2.68622986090598,2.40177013909402,2.544,0.661710064634066,53.077960986028,2.5272,2.53428136796732,0.511205450418695,0.362934964070898
"9142752","2011-07-01",13.9721199699931,0.657142857142857,0.447619047619048,0.387301587301588,2.69213774837831,2.39919558495503,2.54566666666667,0.867535575652507,58.0755225045154,2.5308,2.54704385223835,0.76444683951904,0.443237339160526
"9142751","2011-07-05",13.0889723615397,0.4,0.504761904761906,0.428571428571429,2.69518858491168,2.40114474842165,2.54816666666667,0.608260501948701,50.611699288883,2.5288,2.5461046719399,0.671684238657444,0.48892671905991
"9142750","2011-07-06",12.2689067251188,0.542857142857143,0.533333333333334,0.495238095238096,2.6994641158993,2.4115358841007,2.5555,0.689283279585176,54.1381058770112,2.5268,2.55195738234791,0.747724556482465,0.540686286544421
"9142749","2011-07-07",11.5074172055851,0.444444444444445,0.462433862433863,0.500176366843034,2.70112544728281,2.42554121938385,2.56333333333333,0.669337218687913,54.832725210948,2.5268,2.55836306470153,0.829576686500344,0.598464366535605
"9142748","2011-07-08",11.0436318055713,0.444444444444445,0.477248677248678,0.491005291005291,2.7059184650338,2.43174820163287,2.56883333333333,0.67446579632666,54.832725210948,2.5264,2.56391465607466,0.883824348075413,0.655536362843567
"9142747","2011-07-11",10.9723129982981,0.407407407407407,0.4320987654321,0.457260435038213,2.71020024154568,2.43879975845432,2.5745,0.667648927819644,53.8861793969172,2.5264,2.56739270193137,0.884889998200045,0.701407089914862
"9142746","2011-07-12",12.5443457252581,0.5,0.450617283950618,0.453321575543798,2.73113327137545,2.44420006195788,2.58766666666667,1.00766750548794,59.8564289158167,2.5336,2.58107367500719,1.12293220390123,0.785712112712136
"9142745","2011-07-13",15.2869982860736,0.548387096774193,0.485264834727201,0.455993628036639,2.80504934520177,2.41095065479824,2.608,1.27476363349671,68.1760176315825,2.5492,2.61293051833956,1.75352225988892,0.979274142147492
"9142744","2011-07-14",18.0324920602408,0.791044776119403,0.613143957631199,0.516342025436339,2.90338131514154,2.37361868485846,2.6385,1.28934723357746,75.1899367082544,2.5728,2.66587311589429,2.78760024549214,1.34093936281642
"9142743","2011-07-15",20.5818791362532,0.835820895522388,0.725084256138662,0.607831016165687,2.97843793317638,2.36222873349029,2.67033333333333,1.14858925648994,76.0861434023146,2.5948,2.71575670044172,3.63022520347547,1.79879653094823
"9142742","2011-07-18",22.4002459889929,0.776119402985075,0.800995024875623,0.713074412881827,3.0382251861362,2.35510814719713,2.69666666666667,1.01723689088781,72.3342728054058,2.6156,2.75365580704949,4.11323448869074,2.26168412249673
"9142741","2011-07-19",23.190561523873,0.671641791044777,0.761194029850747,0.76242443695501,3.0760208811523,2.3589791188477,2.7175,0.875384922910981,66.183693641883,2.6352,2.77716836610956,4.23301136286787,2.65594957057096
"9142740","2011-07-20",23.0109707508404,0.508196721311476,0.651985971780443,0.738058342168937,3.10066677973766,2.36366655359568,2.73216666666667,0.772953330991125,59.9136011511378,2.65,2.78687925062828,4.04628346142817,2.9340163487424
"9142739","2011-07-21",22.9866987886417,0.639344262295082,0.606394258217112,0.673191419949434,3.13256895429845,2.36709771236821,2.74983333333333,0.81810470029675,63.6247906531749,2.6708,2.80596201721118,4.0792748544785,3.16306804988962
"9142738","2011-07-22",22.9641605380287,0.688524590163934,0.612021857923498,0.623467362640351,3.15988621778761,2.37878044887906,2.76933333333333,0.78677294281541,64.9357714413438,2.6932,2.82650041491635,4.13918139205154,3.358290718322
"9142737","2011-07-25",22.9432321624595,0.732142857142857,0.686670569867292,0.635028895335967,3.18723254947666,2.38776745052334,2.7875,0.77831108611408,66.6610762080809,2.7136,2.84963369292751,4.24618119665057,3.53586881398772
"9142736","2011-07-26",23.73744428981,0.732142857142857,0.71760343481655,0.672098620869113,3.21721349455023,2.39678650544977,2.807,0.792124308257392,66.6610762080809,2.7336,2.86968253387051,4.27650643477226,3.68399633814463
"9142735","2011-07-27",25.3579496774763,0.661971830985916,0.708752515090544,0.704342173258128,3.2536363141252,2.41903035254147,2.83633333333333,0.863844353676115,69.2897991549392,2.752,2.8950581960211,4.41211655538256,3.82962038159221
"9142734","2011-07-28",25.9036639337929,0.549295774647887,0.647803487592221,0.691386479166438,3.26387626242742,2.46212373757258,2.863,0.737396612337196,62.2427772368998,2.7664,2.90638376988496,4.24423725004073,3.91254375528192
"9142733","2011-07-29",26.4103986003725,0.603174603174603,0.604814069602803,0.653790024095189,3.27841274957179,2.49658725042821,2.8875,0.746218625781413,65.5448261471704,2.7848,2.92553260056696,4.25301619896019,3.98063824401757
"9142732","2011-08-01",27.4424857595681,0.666666666666667,0.60637901482972,0.619665524008247,3.3078122000536,2.5191877999464,2.9135,0.829476659989233,69.2663954534455,2.806,2.9541282538247,4.44997021546336,4.07450463830673
"9142731","2011-08-02",28.0333737016076,0.577777777777778,0.615873015873017,0.609022033435179,3.31773276555434,2.56626723444566,2.942,0.776792469367327,66.6809414426334,2.826,2.97491115331474,4.46647393398951,4.15289849744329
"9142730","2011-08-03",28.0989992156693,0.488888888888889,0.577777777777779,0.600009936160171,3.31989557111187,2.61643776222146,2.96816666666667,0.73479256975936,63.2888700001295,2.8484,2.98758966620611,4.31825871015945,4.18597053998652
"9142729","2011-08-04",28.1599371930123,0.555555555555556,0.540740740740741,0.578130511463845,3.31464787696982,2.67601878969685,2.99533333333333,0.747404954062897,64.7377077561906,2.8732,3.00257771071196,4.23050417708273,4.19487726740576
"9142728","2011-08-05",28.2165224576879,0.644444444444445,0.562962962962964,0.560493827160494,3.30086438127489,2.74613561872511,3.0235,0.782119858506452,66.6288186787084,2.8964,3.02090068261703,4.21640651395017,4.19918311671464
"9142727","2011-08-08",27.6115405870239,0,0.400000000000001,0.501234567901235,3.25485109426049,2.81848223907284,3.03666666666667,0.148615313603449,42.625713673822,2.9012,2.98478059160143,3.12428576068964,3.98420364550964
"9142726","2011-08-09",27.7800534241755,0,0.214814814814816,0.392592592592593,3.2579369279773,2.8140630720227,3.036,-0.211913972316327,37.4149793194216,2.904,2.93480984605457,1.8483572149939,3.55703435940649
"9142725","2011-08-10",26.7467687644141,0.260869565217392,0.0869565217391311,0.233923778851315,3.25956502520908,2.81010164145759,3.03483333333333,0.177763887851176,46.474712926872,2.912,2.91550186658063,1.31031850739372,3.10769118900394
"9142724","2011-08-11",25.7872901517784,0.420289855072464,0.227053140096619,0.176274825550188,3.25695231490481,2.80204768509519,3.0295,0.325238094337988,51.1304478965384,2.924,2.91343495103655,1.17477237210832,2.72110742562482
"9142723","2011-08-12",25.3511249959823,0.304347826086956,0.328502415458938,0.214170692431562,3.25561739230277,2.78438260769723,3.02,0.202908179587817,47.869315384261,2.9328,2.90097695756501,0.835299164858605,2.34394577347157
"9142722","2011-08-15",25.2163728463681,0.231884057971015,0.318840579710146,0.2914653784219,3.25695327501145,2.76238005832188,3.00966666666667,0.163683095403573,45.8989085367977,2.94,2.88351336322301,0.420754118855315,1.95930744254832
"9142721","2011-08-16",25.0912458502977,0.4,0.312077294685991,0.319806763285024,3.25745052286018,2.75221614380648,3.00483333333333,0.272712748589247,50.304744266724,2.948,2.88171158145994,0.367744649173529,1.64099488387336
"9142720","2011-08-17",24.3484543676504,0.446153846153846,0.359345968041621,0.330087947479252,3.25745052286018,2.75221614380648,3.00483333333333,0.358481522706512,51.5787294947268,2.9512,2.88415003726528,0.405202322673692,1.39383637163343
"9142719","2011-08-18",25.1254033432278,0,0.282051282051283,0.317824848259631,3.27670515914487,2.7029615075218,2.98983333333333,-0.0167813171635572,40.7132941467896,2.9352,2.84759669896324,-0.378798225045618,1.03930945229762
"9142718","2011-08-19",25.5134317646999,0.16923076923077,0.205128205128206,0.282175151740369,3.28023790223873,2.6780954310946,2.97916666666667,0.16923664047774,45.4107528152876,2.9224,2.83058380576814,-0.685214512388099,0.694404659360476
"9142717","2011-08-22",25.8737438703525,0.184615384615385,0.117948717948719,0.201709401709402,3.28147239765819,2.65252760234181,2.967,0.181477079029548,45.8309458968304,2.9116,2.81717263166572,-0.890936239899975,0.377336479508386
"9142716","2011-08-23",25.6800273252949,0.215384615384616,0.189743589743591,0.170940170940171,3.27496791375898,2.63436541957436,2.95466666666667,0.258560623677352,46.714364661164,2.9044,2.80821628077696,-0.986184666084455,0.104632250389818
"9142715","2011-08-24",25.6095355596885,0.184615384615385,0.194871794871796,0.167521367521368,3.25424614660141,2.61808718673193,2.93616666666667,0.238796940467899,45.908078571435,2.8996,2.79778744334003,-1.10731508104505,-0.137757215897155
"9142714","2011-08-25",25.5440789201969,0.222222222222222,0.207407407407408,0.197340930674264,3.24381261776706,2.59885404889961,2.92133333333333,0.244686442486033,45.908078571435,2.8916,2.78874911756136,-1.1904275016112,-0.348291273039964
"9142713","2011-08-26",25.4832977549546,0.25,0.21894586894587,0.207075023741691,3.22692010563063,2.58274656103604,2.90483333333333,0.259640341282909,45.908078571435,2.8824,2.78091590188651,-1.24263836439722,-0.527160691311416
"9142712","2011-08-29",25.1062617064278,0.25,0.240740740740742,0.222364672364673,3.18716556655466,2.58116776677868,2.88416666666667,0.295103766527588,45.908078571435,2.8716,2.77412711496831,-1.26990969806176,-0.675710492661483
"9142711","2011-08-30",24.0439701841709,0.318181818181819,0.272727272727274,0.244137960804628,3.14570900176511,2.5872909982349,2.8665,0.374944337589653,47.1353560528554,2.8616,2.77091016630587,-1.2194979904165,-0.784467992212486
"9142710","2011-08-31",23.0575566277894,0.358974358974359,0.30905205905206,0.274173357506691,3.10173458932423,2.59659874400911,2.84916666666667,0.376270906965607,47.1353560528554,2.8492,2.76812214413175,-1.16621735894883,-0.860817865559755
"9142709","2011-09-01",21.5418092790483,0.307692307692308,0.328282828282829,0.303354053354054,3.04238824595145,2.61994508738189,2.83116666666667,0.41044160009256,45.9268566338063,2.8392,2.76303919158085,-1.16908012081053,-0.922470316609909
"9142708","2011-09-02",20.6659177175562,0.153846153846154,0.273504273504274,0.303613053613054,2.95094870117854,2.66671796548813,2.80883333333333,0.234370739967272,42.413593625032,2.824,2.75063396603674,-1.33230778964225,-1.00443781121638
"9142707","2011-09-06",19.8525898390278,0.205128205128205,0.222222222222223,0.274669774669775,2.94309699347824,2.65890300652176,2.801,0.238441568981132,43.9526773336562,2.806,2.74254943723184,-1.38803921386282,-1.08115809174567
"9142706","2011-09-07",18.5644591828362,0.548387096774193,0.302453818582851,0.266060104769782,2.94231986568149,2.66801346765184,2.80516666666667,0.493316476223291,50.3795560752099,2.7928,2.74754284560093,-1.15426725452047,-1.09577992430063
"9142705","2011-09-08",18.02282124503,0.16,0.304505100634133,0.276393713813069,2.93135209510774,2.66631457155893,2.79883333333333,0.366056701991999,45.9647618787058,2.7784,2.74253713285414,-1.16146360642261,-1.10891666072502
"9142704","2011-09-09",18.2474858560224,0,0.236129032258065,0.281029317158349,2.907010430546,2.66465623612066,2.78583333333333,0.104573242230982,40.9911143528442,2.7592,2.72619884847359,-1.41726665441338,-1.1705866594627
"9142703","2011-09-12",18.456102994801,0.0666666666666668,0.0755555555555563,0.205396562815918,2.8969334068357,2.6550665931643,2.776,0.116869031100049,42.4806006144599,2.7392,2.71470566867711,-1.54493062213976,-1.24545545199811
"9142702","2011-09-13",18.6498189093811,0.133333333333334,0.0666666666666674,0.126117084826762,2.89150449228139,2.64416217438528,2.76783333333333,0.144891605769519,44.0027950227564,2.7356,2.70741157952016,-1.569553868066,-1.31027513521169
"9142701","2011-09-14",19.2439085921986,0,0.0666666666666674,0.0696296296296298,2.87548463588245,2.63684869745089,2.75616666666667,0.0830468761161166,41.0761490343109,2.7356,2.69442336891747,-1.719637121625,-1.39214753249435
"9142700","2011-09-15",19.3840543816694,0.193548387096774,0.108960573476703,0.0807646356033455,2.83391444493644,2.65575222173023,2.74483333333333,0.285775761102322,45.7399108434837,2.7308,2.69116691972848,-1.64084697248421,-1.44188742049232
"9142699","2011-09-16",18.9846199902509,0.483870967741935,0.225806451612904,0.133811230585424,2.83621390799126,2.66211942534207,2.74916666666667,0.677106895429095,51.890943358778,2.7252,2.70034466376468,-1.29382786775116,-1.41227550994409
"9142698","2011-09-19",19.2501987027777,0.258064516129032,0.311827956989248,0.215531660692951,2.83293803668258,2.65906196331742,2.746,0.331297470861735,47.3910325595081,2.72,2.69896537526272,-1.21416130465744,-1.37265266888676
"9142697","2011-09-20",18.8512684206453,0.387096774193549,0.376344086021506,0.304659498207885,2.83233589739797,2.65899743593537,2.74566666666667,0.58268986128289,50.0562935497997,2.7184,2.70310332522769,-1.0197308230968,-1.30206829972877
"9142696","2011-09-21",18.4090568762371,0.35,0.331720430107528,0.339964157706093,2.84004128207935,2.65495871792066,2.7475,0.981766972874949,51.3825479777841,2.7136,2.70935621519733,-0.796868167035469,-1.20102827319011
"9142695","2011-09-22",17.5969585048827,0.25,0.329032258064517,0.345698924731183,2.84241426350075,2.65458573649925,2.7485,0.720946203766302,48.6026993553153,2.706,2.70944205317102,-0.730961015980536,-1.10701482174819
"9142694","2011-09-23",16.6428476194315,0.2,0.266666666666668,0.309139784946237,2.84130046377719,2.65203286955614,2.74666666666667,0.359106009264727,47.2269168200047,2.7092,2.70684977941489,-0.729905097208317,-1.03159287684022
"9142693","2011-09-26",17.0149887425848,0.2,0.216666666666668,0.27078853046595,2.8431754075247,2.65249125914197,2.74783333333333,0.633728997487607,47.2269168200047,2.708,2.70460314215957,-0.720857276458908,-0.969445756763956
"9142692","2011-09-27",17.3605483569415,0.450000000000001,0.283333333333334,0.255555555555556,2.85245338840254,2.6498799449308,2.75116666666667,0.872704332345176,54.6679631114117,2.7104,2.71598938987163,-0.411235619413364,-0.857803729293837
"9142691","2011-09-28",16.151185968986,0.0500000000000001,0.233333333333334,0.244444444444445,2.84723550770629,2.64743115896038,2.74733333333333,0.363199507393637,43.982247284548,2.7056,2.70452413788874,-0.63465082789228,-0.813173149013526
"9142690","2011-09-29",15.2720382420374,0.375,0.291666666666667,0.269444444444445,2.8519034281448,2.64576323852187,2.74883333333333,0.829064087199165,52.1637955085262,2.7068,2.71192091950358,-0.419917016483118,-0.734521922507444
"9142689","2011-09-30",14.9279825110353,0.750000000000001,0.391666666666668,0.305555555555556,2.88668367236278,2.62531632763722,2.756,1.19123656919104,59.5118208949443,2.714,2.73833146356977,0.191005597861138,-0.549416418433728
"9142688","2011-10-03",14.0579937614586,0.475,0.533333333333334,0.405555555555556,2.89823918201863,2.62542748464804,2.76183333333333,0.823177735839163,53.0734318624424,2.7168,2.7465539350938,0.344618386946172,-0.370609457357748
"9142687","2011-10-04",13.8448275111014,0.236842105263159,0.487280701754387,0.470760233918129,2.90154232308397,2.6291243435827,2.76533333333333,0.615019329453571,48.9276159310935,2.7164,2.74301341041462,0.228662877794861,-0.250754990327226
"9142686","2011-10-05",13.646887421484,0.605263157894737,0.439035087719299,0.48654970760234,2.91560272572451,2.62373060760883,2.76966666666667,0.912281015775685,55.481465074946,2.7208,2.75861162235934,0.540880862894788,-0.0924278196828234
"9142685","2011-10-06",14.1643606590926,0.342105263157895,0.394736842105264,0.440350877192983,2.91894519008423,2.62505480991578,2.772,0.629299911001575,50.496853990058,2.7212,2.7587967393781,0.48957486682415,0.0239727176185712
"9142684","2011-10-07",13.7272824378731,0.710526315789474,0.552631578947369,0.462134502923977,2.94264526171104,2.62602140495563,2.78433333333333,0.981117673489183,56.4023832610448,2.728,2.77762384079435,0.846644439594035,0.188507062013664
"9142683","2011-10-10",12.8255701839922,0.500000000000001,0.517543859649124,0.488304093567252,2.95853896414394,2.63412770252273,2.79633333333333,0.891478394940206,53.9279998714839,2.7352,2.7872739953551,0.971507557554774,0.345107161121886
"9142682","2011-10-11",11.9882659482456,0.863636363636364,0.691387559808613,0.587187666135035,2.99631346923859,2.63135319742808,2.81383333333333,1.09230191164177,59.9785760670957,2.748,2.81697079597442,1.51122995563173,0.578331720023855
"9142681","2011-10-12",11.2974229328072,0.840909090909091,0.734848484848486,0.64792663476874,3.02135528506992,2.64297804826341,2.83216666666667,1.00522771475394,59.4530449083141,2.7568,2.8413746898445,1.8823977845172,0.839144932922524
"9142680","2011-10-13",10.6036003286277,0.787234042553191,0.830593165699549,0.752276403452216,3.04767022312027,2.64932977687973,2.8485,0.964008450755515,59.4530449083141,2.7684,2.86252473119857,2.14718532367031,1.10075301107208
"9142679","2011-10-14",11.4698659332696,0.701492537313433,0.776545223591906,0.78066229137998,3.10758575192848,2.62808091473819,2.86783333333333,1.1232123435592,63.1932792413968,2.7876,2.89418810037209,2.60172025865562,1.40094646058879
"9142678","2011-10-17",12.1739840229397,0.686567164179104,0.72509791468191,0.777412101324455,3.14994847877644,2.62971818789023,2.88983333333333,1.01291387296726,62.5716905019835,2.8056,2.92029635365581,2.89343640271227,1.69944444901348
"9142677","2011-10-18",12.9629186597516,0.661016949152542,0.683025550215027,0.728222896162947,3.19174870293208,2.62958463040125,2.91066666666667,0.973171468967208,63.3481920521536,2.8236,2.94559017316837,3.13756800893046,1.98706916099688
"9142676","2011-10-19",13.9655281330445,0.888888888888888,0.745491000740179,0.717871488545705,3.26045299134111,2.6075470086589,2.934,1.06567613581372,69.1978079321777,2.8504,2.99017815007925,3.7406119291953,2.33777771463656
"9142675","2011-10-20",15.220641437122,0.852941176470588,0.80094900483734,0.743155185264181,3.32361068533254,2.5987226480008,2.96116666666667,1.01341262029455,69.8083072283868,2.8756,3.03148773006869,4.20836557425373,2.71189528656
"9142674","2011-10-21",16.3861037909081,0.88235294117647,0.874727668845316,0.807055891474278,3.37319843047696,2.61146823618971,2.99233333333333,0.960793076908853,70.4392694958637,2.898,3.0699560327262,4.56600759223886,3.08271774769577
"9142673","2011-10-24",19.0769754841585,0.422680412371134,0.719324843339398,0.798333839007351,3.41975996534927,2.62324003465073,3.0215,0.920788801069585,60.2665272910262,2.9172,3.0832952283627,4.39928370744553,3.34603093964572
"9142672","2011-10-25",21.5756420564624,0.680412371134021,0.661815241560543,0.751955917915085,3.49366144048577,2.61667189284756,3.05516666666667,1.00722763404798,68.4457867470593,2.9448,3.12818919791434,4.85330992205553,3.64748673612768
"9142671","2011-10-26",24.0701610946046,0.659090909090909,0.587394564198689,0.656178216366209,3.55051778922884,2.64014887743783,3.09533333333333,0.970139077089059,68.7231349470813,2.972,3.16843063819243,5.16442403600907,3.95087419610396
"9142670","2011-10-27",23.7481455004338,0.344444444444445,0.561315908223126,0.603508571327452,3.57222764190913,2.67243902475754,3.12233333333333,0.760431537881808,54.7344419904835,2.99,3.16730655310011,4.66661238383559,4.09402183365029
"9142669","2011-10-28",23.4491310201324,0.56,0.521178451178452,0.556629641200088,3.62314253704801,2.67919079628533,3.15116666666667,0.88367074398745,62.6241288483016,3.0192,3.20099901268676,4.87123420689879,4.24946430829999
"9142668","2011-10-31",23.1714747169953,0.573333333333334,0.492592592592594,0.525028983998056,3.66020493132777,2.7084617353389,3.18433333333334,0.845681483604581,62.8920274519257,3.0488,3.23153247766186,4.99216224098027,4.39800389483604
"9142667","2011-11-01",22.6428005460996,0.533333333333333,0.555555555555556,0.5231088664422,3.67925971985375,2.75974028014625,3.2195,0.80505064698711,61.4685902340971,3.0732,3.25399481397361,4.95001485646367,4.50840608716157
"9142666","2011-11-02",22.1518888159822,0.606060606060607,0.570909090909092,0.539685746352413,3.70468371319411,2.79864962013923,3.25166666666667,0.810878662100859,64.0941047245653,3.1076,3.28546217211046,5.07392047402411,4.62150896453408
"9142665","2011-11-03",21.1294060329665,0.515151515151515,0.551515151515153,0.559326599326599,3.70007482250092,2.87025851083242,3.28516666666667,0.734790917693078,61.1048125777831,3.1344,3.30473388249573,4.96223182408526,4.68965353644431
"9142664","2011-11-04",19.9950366724916,0.46875,0.529987373737375,0.550803872053872,3.69778598277008,2.92288068389659,3.31033333333333,0.667332275124671,60.0986266206472,3.1544,3.31876936482964,4.76728755913283,4.70518034098202
"9142663","2011-11-07",18.8457515593021,0.406779661016949,0.463560392056156,0.515020972436227,3.68206025117439,2.98860641549228,3.33533333333333,0.62690102133971,59.5704388728194,3.1784,3.32960011618568,4.5345705840766,4.67105838960094
"9142662","2011-11-08",18.0503609676815,0.406779661016949,0.427436440677967,0.473661402157165,3.67466749347152,3.03633250652849,3.3555,0.621931799016804,59.5704388728193,3.2056,3.33898676736093,4.29937888779977,4.5967224892407
"9142661","2011-11-09",17.0991027714944,0.372881355932203,0.395480225988701,0.42882568624094,3.65650864440377,3.0941580222629,3.37533333333333,0.579428500490707,58.3803219697589,3.2264,3.34445519837947,4.01768251000663,4.48091449339389
"9142660","2011-11-10",16.2157915893207,0.491525423728814,0.423728813559323,0.415548493408663,3.63249380742035,3.16150619257965,3.397,0.647916132975659,61.2949253291875,3.254,3.35852783859554,3.91671502640289,4.36807459999569
"9142659","2011-11-11",16.5690932870149,0.542372881355932,0.468926553672317,0.429378531073446,3.63210982358417,3.19822350974916,3.41516666666667,0.764662262145006,62.5067552462656,3.2772,3.3747241267828,3.8618767965815,4.26683503931285
"9142658","2011-11-14",16.1103698098531,0.423728813559322,0.48587570621469,0.459510357815443,3.61368491393046,3.24831508606955,3.431,0.615864338282055,57.947733311722,3.2996,3.3794275765451,3.60821590233065,4.13511121191641
"9142657","2011-11-15",15.6844122953457,0.491525423728814,0.48587570621469,0.480225988700565,3.58862127600047,3.30471205733287,3.44666666666667,0.652630948500717,59.7541282205076,3.3172,3.38883723300575,3.46203014155351,4.00049499784383
"9142656","2011-11-16",14.7378550057493,0.0625,0.325918079096046,0.432556497175141,3.57929667014632,3.32703666318701,3.45316666666667,0.421377417005566,56.4877088170986,3.3332,3.39032560193832,3.18988135979299,3.83837227023366
"9142655","2011-11-17",13.8589089511241,0.156250000000001,0.236758474576272,0.349517419962335,3.57271303507085,3.34562029826249,3.45916666666667,0.474312990299389,57.9721966993411,3.3504,3.39561552167987,3.01066615010046,3.67283104620702
"9142654","2011-11-18",13.754329047641,0.0625,0.0937500000000012,0.218808851224106,3.56524304955199,3.36442361711468,3.46483333333333,0.459333284794451,55.9177308457602,3.36240000000001,3.39620011878922,2.76526277374887,3.49131739171539
"9142653","2011-11-21",13.6572191372638,0.120000000000001,0.112916666666668,0.147808380414313,3.55744604365129,3.37988728968205,3.46866666666667,0.301004836182536,56.4714843111653,3.3752,3.39804010295066,2.56494526184423,3.30604296574116
"9142652","2011-11-22",12.8272609450516,0,0.0608333333333346,0.0891666666666671,3.55664285410515,3.37002381256151,3.46333333333333,0.124904300113276,52.2318910009015,3.3848,3.39163475589057,2.23785726168459,3.09240582492985
"9142651","2011-11-23",12.7998521946325,0,0.0400000000000013,0.0712500000000005,3.56764559195532,3.33568774137801,3.45166666666667,-0.196965704175583,46.0294302159886,3.3836,3.37275012177183,1.72015959102458,2.81795657814879
"9142650","2011-11-25",12.8685479135396,0,9.3443771239284e-16,0.0336111111111114,3.57937562770756,3.31662437229244,3.448,-0.12670173128768,45.4482244921459,3.3812,3.35505010553559,1.27024827305575,2.50841491713019
"9142649","2011-11-28",12.4374908135767,0.282051282051282,0.0940170940170949,0.0446723646723648,3.5728076574355,3.30885900923117,3.44083333333333,0.231639719258942,52.5463158899658,3.3824,3.35437675813084,1.16487012486159,2.23970595867647
"9142648","2011-11-29",12.5414309926195,0.153846153846153,0.145299145299146,0.0797720797720797,3.56763234861129,3.29570098472204,3.43166666666667,0.126131148637661,49.3998683785602,3.3876,3.3471265237134,0.949873238387355,1.98173941461865
"9142647","2011-11-30",12.3376236926949,0.128205128205128,0.188034188034189,0.142450142450142,3.55968519540794,3.29131480459206,3.4255,0.318037551814582,48.7708644592818,3.3824,3.33950965388494,0.74662426103822,1.73471638390256
"9142646","2011-12-01",12.2370352576184,0.512820512820513,0.264957264957265,0.199430199430199,3.55029182330818,3.29537484335849,3.42283333333333,0.724256017303946,57.5103631465623,3.3828,3.35290836670028,0.937070705367571,1.57518724819556
"9142645","2011-12-02",12.8915241919773,0.780487804878049,0.473837815301231,0.308943089430894,3.57345397280271,3.28321269386396,3.42833333333333,1.05700783588672,62.9550529572631,3.3988,3.38052058447358,1.35824331057157,1.53179846067076
"9142644","2011-12-05",16.3626591523166,0.347826086956522,0.547044801551695,0.42861329393673,3.69909730574979,3.20256936091688,3.45083333333333,1.38447522689674,66.0760276571774,3.4076,3.4151178398771,1.85536163973432,1.59651109648348
"9142643","2011-12-06",19.5858559012031,0.556521739130435,0.561611876988336,0.527498164613753,3.81919667514216,3.13880332485785,3.479,1.24613701979087,73.3341283941025,3.4256,3.47710212789349,2.76865973946934,1.83094082508065
"9142642","2011-12-07",21.0579832102266,0.391304347826087,0.431884057971016,0.513513578837015,3.85660494011821,3.13439505988179,3.4955,0.870852491308556,62.0210136140263,3.4372,3.50548851084102,3.00429566087872,2.06561179224026
"9142641","2011-12-08",22.4249585686056,0.4,0.449275362318842,0.480923765759397,3.88478129283766,3.13755204049568,3.51116666666667,0.797320622781223,62.3502210016482,3.4456,3.53142337606222,3.17247748976477,2.28698493174516
"9142640","2011-12-09",24.2865446288617,0.469565217391304,0.420289855072465,0.433816425120773,3.93188800845732,3.12911199154268,3.5305,0.902146210812448,64.9665019367048,3.4596,3.56456692592059,3.44257049378456,2.51810204415304
"9142639","2011-12-12",24.883454649333,0.330434782608696,0.400000000000001,0.423188405797102,3.94545057006551,3.13121609660116,3.53833333333333,0.682175206488386,56.5087943538229,3.468,3.57195800246451,3.2541315884657,2.66530795301557
"9142638","2011-12-13",25.505856365176,0.4,0.400000000000001,0.406763285024155,3.96773175111951,3.1362682488805,3.552,0.734125329785921,59.3578108446849,3.48,3.58903026880258,3.24634189537605,2.78151474148767
"9142637","2011-12-14",26.0838008156016,0.426086956521739,0.385507246376813,0.395169082125604,3.98974979539051,3.14125020460949,3.5655,0.729228160052459,60.4052929233386,3.4932,3.60782623296223,3.26740828354193,2.87869344989852
"9142636","2011-12-15",26.8782726469376,0.418181818181818,0.41475625823452,0.400087834870444,4.0147835623896,3.15254977094374,3.58366666666667,0.747032767809787,61.124638168252,3.508,3.62678273523394,3.2882299569885,2.96060075131652
"9142635","2011-12-16",27.1477632888039,0.363636363636364,0.402635046113308,0.40096618357488,4.03229281861885,3.16570718138115,3.599,0.685786600979444,57.7357960285704,3.5176,3.63521170386941,3.13371638940161,2.99522387893354
"9142634","2011-12-19",27.3980045991083,0.372727272727273,0.384848484848486,0.400746596398771,4.04580940845837,3.1808572582083,3.61333333333334,0.650297331433205,58.1522249110097,3.5264,3.64385014335349,2.99817403378377,2.99581390990358
"9142633","2011-12-20",27.8904326613763,0.326315789473684,0.354226475279108,0.3805700020803,4.06272809123093,3.20027190876908,3.6315,0.691507313676159,60.2605827901329,3.54,3.65800345757302,2.96600675800998,2.98985247952486
"9142632","2011-12-21",28.3476872906252,0.301204819277109,0.33341596049269,0.357496973540094,4.07612916172836,3.22887083827165,3.6525,0.6898279767582,62.6897953556125,3.5544,3.67826966322995,3.03548457267129,2.99897889815415
"9142631","2011-12-22",28.2217445366341,0.168831168831169,0.265450592527322,0.317697676099706,4.07016125721067,3.284505409456,3.67733333333334,0.639161865396656,58.8177777735726,3.5684,3.68783370813263,2.92355925242112,2.98389496900754
"9142630","2011-12-23",28.1582671971124,0.258620689655172,0.242885559254484,0.280584037424831,4.05509714298091,3.35156952368576,3.70333333333334,0.642140830377327,59.7110621038577,3.582,3.69878921371494,2.84485727113464,2.95608742943296
"9142629","2011-12-27",28.5184672396277,0.473684210526315,0.300378689670887,0.269571613817563,4.04906890453705,3.40559776212962,3.72733333333333,0.690632739500534,61.0749693710358,3.598,3.71228398521962,2.81421004479918,2.9277119525062
"9142628","2011-12-28",28.8529387076776,0.736842105263158,0.48971566848155,0.344326639135639,4.03174241381037,3.48159091952297,3.75666666666667,0.790828983764264,65.292738479759,3.6176,3.73731278719034,2.97011440822266,2.9361924436495
"9142627","2011-12-29",27.5075909392941,0.263157894736842,0.49122807017544,0.427107476109291,3.9897794894042,3.5642205105958,3.777,0.514882386810556,53.9589626383044,3.6324,3.73500441556496,2.6727685047903,2.88350765587766
"9142626","2011-12-30",26.515342767762,0.696969696969697,0.565656565656567,0.515533434771185,3.96529723761939,3.62903609571394,3.79716666666667,0.75624925371512,59.4355593058077,3.6564,3.7503371601563,2.68607916791266,2.84402195828466
"9142625","2012-01-03",25.258928538659,0.461538461538462,0.473888684415002,0.510257773415669,3.95078977946459,3.67021022053542,3.8105,0.664540377933657,57.18171377865,3.6792,3.75829220546879,2.5797448369798,2.79116653402369
"9142624","2012-01-04",24.0922581830633,0.576923076923076,0.57847707847708,0.539340776182882,3.94872537774193,3.67094128892474,3.80983333333333,0.740594533754282,58.4541936824994,3.6988,3.76918657807295,2.52991187740594,2.73891560270014
"9142623","2012-01-05",23.0089214242959,0.653846153846153,0.564102564102565,0.538822775664881,3.92428490637499,3.68571509362502,3.805,0.856289838266677,59.3221014683516,3.7212,3.78129503432989,2.50331283033594,2.6917950482273
"9142622","2012-01-06",21.5318531616969,0.461538461538462,0.564102564102565,0.568894068894069,3.92854556238537,3.6901211042813,3.80933333333333,0.67056415684046,56.1632905600566,3.742,3.78512236308591,2.34786676359096,2.62300939130003
"9142621","2012-01-09",20.6707208078388,0.0399999999999991,0.385128205128206,0.504444444444444,3.92658912106595,3.69741087893405,3.812,0.389460128947343,50.3847174992234,3.7528,3.77510604800779,1.98848533095983,2.49610457923199
"9142620","2012-01-10",19.8710979078278,0.5,0.333846153846155,0.427692307692308,3.92581082503182,3.69752250830152,3.81166666666667,0.653314898025849,56.2075374393184,3.7636,3.78242524160675,1.93769378856818,2.38442242109923
"9142619","2012-01-11",19.3781266707131,0.374999999999999,0.305000000000001,0.341324786324786,3.91702477166514,3.71964189500153,3.81833333333333,0.508443826003744,54.4859575845065,3.77,3.78476854272585,1.81224760694212,2.26998745826781
"9142618","2012-01-12",19.0879640252738,0.291666666666666,0.38888888888889,0.342578347578347,3.91462856365086,3.72803810301581,3.82133333333333,0.42139648180968,53.3135895670956,3.766,3.78413273702907,1.6511108638904,2.14621213939233
"9142617","2012-01-13",18.2611167713655,0.291666666666666,0.319444444444445,0.337777777777777,3.91345129753597,3.73554870246403,3.8245,0.493442104280742,53.3135895670956,3.7696,3.78358170542519,1.5060761343612,2.0181849383861
"9142616","2012-01-17",17.4933300355936,0.333333333333333,0.305555555555556,0.337962962962963,3.91403029781464,3.73796970218537,3.826,0.503786575095258,53.8889287564747,3.7732,3.78443747803517,1.39637939763078,1.89382383023504
"9142615","2012-01-18",16.8824806386718,0.291666666666666,0.305555555555556,0.310185185185185,3.91176069920761,3.74623930079238,3.829,0.445626365616956,53.1831120984218,3.7732,3.78384581429714,1.27342527857288,1.76974411990261
"9142614","2012-01-19",17.4721957738422,0,0.208333333333334,0.273148148148148,3.91588066908708,3.73978599757958,3.82783333333333,-0.112360001641174,44.9422090516439,3.7744,3.76599970572419,0.887795918976186,1.59335447971732
"9142613","2012-01-20",17.8899907800653,0.2,0.16388888888889,0.225925925925926,3.91770354448102,3.73462978885231,3.82616666666667,0.156786779090469,48.8794261233831,3.7748,3.7585330782943,0.702308328379453,1.41514524944975
"9142612","2012-01-23",18.2779432858438,0.499999999999999,0.233333333333335,0.201851851851852,3.91789596392742,3.73510403607258,3.8265,0.464440442877974,54.1732072702676,3.7776,3.76406200118839,0.740063801312951,1.28012895982239
"9142611","2012-01-24",18.8520805310095,0.245901639344262,0.315300546448089,0.23750758955677,3.93959708872824,3.73006957793842,3.83483333333333,1.06555819115739,54.1732072702676,3.7796,3.76885373436327,0.761000340737072,1.17630323600533
"9142610","2012-01-25",19.3852079729491,0.754098360655739,0.500000000000001,0.349544626593807,4.02507720281774,3.67958946384893,3.85233333333333,1.37123207584272,67.5832090143091,3.7964,3.81433990311484,1.42010270420589,1.22506312964544
"9142609","2012-01-26",19.8802548833216,0.80327868852459,0.601092896174865,0.472131147540984,4.09076585682716,3.64623414317284,3.8685,1.18574035095814,68.5425588552713,3.814,3.85776124936619,1.97372347165552,1.37479519804746
"9142608","2012-01-27",18.6007444600808,0.422535211267606,0.659970753482646,0.587021216552503,4.11818135177589,3.63581864822411,3.877,0.93466599951205,57.0309809196014,3.822,3.8700597494507,1.9877879455116,1.49739374754028
"9142607","2012-01-30",17.4126276384999,0.633802816901408,0.619872238897869,0.626978629518459,4.16314623544252,3.62885376455748,3.896,1.00035017878972,62.3998894800057,3.8336,3.90071844952394,2.28207565335643,1.65433012870351
"9142606","2012-01-31",16.8630041124846,0.47887323943662,0.511737089201879,0.597193360527464,4.1786278289694,3.6293721710306,3.904,0.753676646420383,56.7954730388278,3.8432,3.91262265625408,2.25925140224941,1.77531438341269
"9142605","2012-02-01",15.8583640719191,0.633802816901408,0.582159624413147,0.571256317504297,4.20957350893233,3.62642649106767,3.918,0.874976909712014,60.6058104241584,3.8564,3.93760630208687,2.43745197165797,1.90774190106175
"9142604","2012-02-02",15.1535272751311,0.591549295774648,0.568075117370893,0.553990610328639,4.23104401152245,3.62762265514422,3.92933333333333,0.788355720527295,59.0755848353565,3.8672,3.95525879514196,2.48608181138561,2.02340988312652
"9142603","2012-02-03",14.295783968235,0.577464788732394,0.600938967136151,0.583724569640063,4.2535742578439,3.6284257421561,3.941,0.791664026639693,58.54495204902,3.8736,3.96922428912303,2.47421200754776,2.11357030801077
"9142602","2012-02-06",13.4993080404028,0.577464788732394,0.582159624413147,0.583724569640063,4.27396033156537,3.63537300176797,3.95466666666667,0.764124668305237,58.54495204902,3.8872,3.98132771723996,2.43563709486123,2.17798366538086
"9142601","2012-02-07",13.5281720326791,0.633802816901408,0.5962441314554,0.593114241001565,4.29882682418957,3.65017317581044,3.9745,0.821948907333164,60.2032516547486,3.8972,3.99715068827463,2.45647977139178,2.23368288658305
"9142600","2012-02-08",16.6554295064178,0.395973154362416,0.535746919998741,0.571383558622428,4.42989212142799,3.59444121190534,4.01216666666667,1.2036120574328,67.2561818168176,3.9168,4.03753059650468,2.83872784931862,2.35469187913016
"9142599","2012-02-09",20.0496713286909,0.641176470588235,0.556984147284021,0.56299173291272,4.69605865081436,3.45560801585231,4.07583333333333,1.32026641876895,79.0510128605196,3.9588,4.15119318363739,4.23755120939244,2.73126374518262
"9142598","2012-02-10",23.201467306516,0.770588235294118,0.602579286748258,0.565103451343672,4.9320800383825,3.3619199616175,4.147,1.18973859164175,81.6983433424362,4.0088,4.27903409248574,5.64700480565075,3.31441195727624
"9142597","2012-02-13",25.377538717789,0.67741935483871,0.696394686907023,0.618652706979766,5.07883063174975,3.34116936825025,4.21,1.00259124242346,76.4933127386516,4.0564,4.37516288015431,6.43328924928668,3.93818741567833
"9142596","2012-02-14",28.3870506794238,0.51010101010101,0.652702866744614,0.650558946799964,5.24961556780441,3.31605109886226,4.28283333333333,1.01743813876936,74.6312983869119,4.1064,4.4531411628004,6.8730620327154,4.52516233908575
"9142595","2012-02-15",31.2864507934058,0.807692307692307,0.665070890877344,0.671389481509659,5.51685335710265,3.24314664289735,4.38,1.10840447217346,82.3717741511305,4.1784,4.61005567442701,8.27133624790475,5.27439712084955
"9142594","2012-02-16",33.8050964833188,0.78921568627451,0.702336334689277,0.673370030770411,5.70968743211083,3.24831256788917,4.479,0.996064219127428,81.177412760227,4.2504,4.74204825117008,9.14760859546806,6.04903941577325
"9142593","2012-02-17",35.5596066864274,0.740196078431372,0.779034690799398,0.715480638788672,5.85456235764447,3.29043764235553,4.5725,0.91372142587604,77.161173401531,4.3192,4.8431084843474,9.51566576889216,6.74236468639703
"9142592","2012-02-21",35.9146648900066,0.609137055837563,0.712849606847817,0.731406877445496,5.93870585315614,3.3676274801772,4.65316666666667,0.803439473049878,68.412972143212,4.3784,4.89869401976775,9.2815189611922,7.25019554135607
"9142591","2012-02-22",35.1990216377339,0.492385786802031,0.613906307023657,0.701930201556956,5.9750360566477,3.4519639433523,4.7135,0.676966800769251,61.2465431597641,4.428,4.91620148379871,8.61543839205352,7.52324411149556
"9142590","2012-02-23",35.1703603694581,0.583756345177665,0.561759729272421,0.629505214381297,6.0397698877666,3.50923011223341,4.7745,0.736642529441038,64.3903868913003,4.4852,4.95537461929222,8.28102966060755,7.67480122131796
"9142589","2012-02-24",35.0994642180319,0.578680203045685,0.551607445008462,0.575757827101512,6.08512976199462,3.57720357133872,4.83116666666667,0.689598881247634,64.0793721820876,4.5472,4.98799133671992,7.90311584139252,7.72046414533287
"9142588","2012-02-27",35.9817479049411,0.632124352331606,0.598186966851654,0.570518047044178,6.14773884656792,3.66159448676542,4.90466666666667,0.762253475921162,66.189814001037,4.6116,5.0322591584906,7.70118540090057,7.71660839644641
"9142587","2012-02-28",36.8010113284996,0.861271676300578,0.690692077225958,0.613495496362024,6.24945255167914,3.72921411498753,4.98933333333334,0.844147331738938,72.9045275283806,4.6912,5.13329127069185,8.17437189411523,7.80816109598017
"9142586","2012-02-29",37.2797226125396,0.736842105263158,0.743412711298449,0.677430585125353,6.30081627204372,3.85051706128961,5.07566666666667,0.783366753858457,70.9668846108063,4.7684,5.21285243459961,8.33249823296494,7.91302852337713
"9142585","2012-03-01",38.3612718769221,0.5859375,0.728017093854581,0.720707294126328,6.3571375857244,3.96919574760894,5.16316666666667,0.802980578694068,70.2962058407503,4.8324,5.27913877665299,8.31306041485509,7.99303490167272
"9142584","2012-03-02",39.3655676224202,0.6171875,0.646655701754388,0.706028502302471,6.379346772524,4.12431989414267,5.25183333333334,0.777084649998425,70.8887682259412,4.8968,5.34192027309926,8.24887063817146,8.04420204897247
"9142583","2012-03-05",39.9517559811877,0.5625,0.588541666666668,0.654404820758544,6.35826539113074,4.3120679422026,5.33516666666667,0.722282230667225,68.3201834223772,4.966,5.38699757001936,7.99041864939918,8.03344536905781
"9142582","2012-03-06",39.8200967166223,0.421487603305785,0.533725034435263,0.589640800952105,6.27290884634113,4.54575782032555,5.40933333333334,0.614253664190888,63.3742951656088,5.0236,5.40739789401678,7.48626203141609,7.92400870152947
"9142581","2012-03-07",39.146514546165,0.322314049586777,0.435433884297522,0.519233528466484,6.13108544712522,4.82024788620812,5.47566666666667,0.526191905356534,59.4046335209452,5.0808,5.40907817481454,6.82913367104316,7.70503369543221
"9142580","2012-03-08",38.8472725175713,0.429752066115702,0.391184573002756,0.453447830578513,6.04836415214557,5.0073025145211,5.52783333333334,0.61094443962372,62.1692333745647,5.1388,5.42786775150594,6.42693813396076,7.44941458313792
"9142579","2012-03-09",38.7059574112632,0.421487603305785,0.391184573002756,0.405934343434344,6.03905325218287,5.07294674781714,5.556,0.604198311688992,61.8204711365545,5.1976,5.44281871797181,6.02249994318145,7.16403165514662
"9142578","2012-03-12",36.6323319207922,0.0330578512396695,0.294765840220387,0.359044995408632,6.03503440510224,5.0822989282311,5.55866666666667,0.211007577635766,48.1487914232903,5.238,5.39310955557557,4.94780062223659,6.72078544856462
"9142577","2012-03-13",34.3010231602434,0,0.151515151515153,0.279155188246098,6.03503440510224,5.0822989282311,5.55866666666667,0.00108572119685719,45.388808357234,5.2736,5.33402828149883,3.86903345414202,6.1504350496801
"9142576","2012-03-14",32.1362364540196,0.0930232558139536,0.0420270356845429,0.16276934247336,6.0454934336165,5.05983989971684,5.55266666666667,0.104999809828745,48.5640203499139,5.3124,5.29882451063232,3.15734789287858,5.5518176183198
"9142575","2012-03-15",30.1260773696689,0.108527131782945,0.0671834625323016,0.0869085499106649,6.03238163982524,5.01395169350809,5.52316666666667,0.156497401123756,49.0952506151916,5.344,5.27098124254801,2.59335805886567,4.96012570642897
"9142574","2012-03-16",28.53996784518,0,0.0671834625323016,0.0587979869163809,6.04024215407267,4.93475784592734,5.4875,0.0469557282331908,43.3141383554833,5.3424,5.21485041020827,1.75473830336694,4.31904822581657
"9142573","2012-03-19",27.6524218515371,0,0.0361757105943171,0.056847545219639,6.07533579724968,4.81266420275032,5.444,-0.0390686459027749,39.3624632401103,5.3244,5.14087035551384,0.778148607323503,3.61086830211795
"9142572","2012-03-20",25.8007606554436,0.113924050632911,0.0379746835443056,0.0471112855569737,6.08246254102453,4.76253745897547,5.4225,0.18243147102262,44.5259711674097,5.318,5.10075430811199,0.278490892195382,2.94439282013344
"9142571","2012-03-21",24.0813609733569,0.319727891156462,0.144550647263126,0.0729003471339153,6.08200877187141,4.76465789479525,5.42333333333333,0.312755530087671,51.6669489867645,5.3248,5.10465373369706,0.338125270007272,2.42313931010821
"9142570","2012-03-22",22.7400486866464,0.237037037037037,0.223562992942139,0.135362774583189,6.08535201547516,4.72931465119151,5.40733333333333,0.238945246404026,48.2100736681018,5.2988,5.08803323587079,0.145360112193771,1.96758347052532
"9142569","2012-03-23",21.8446933228912,0.170731707317073,0.242498878503526,0.203537506236263,6.09561184308238,4.68305482358429,5.38933333333333,0.186620320060457,45.7905341572897,5.2696,5.05896213775468,-0.181499873630142,1.53776680169423
"9142568","2012-03-26",20.5620065235119,0.170731707317073,0.192833483890396,0.219631785112019,6.08361153813293,4.63805512853373,5.36083333333333,0.241160798581074,45.7905341572897,5.2444,5.03376718605406,-0.436986110772497,1.14281621920088
"9142567","2012-03-27",19.2953616453766,0.357723577235772,0.233062330623308,0.222798231005743,6.01625349273431,4.63441317393236,5.32533333333333,0.370703825734677,51.6721531457096,5.238,5.04259822791352,-0.267174659202118,0.860818043520282
"9142566","2012-03-28",18.1329398801701,0.439024390243903,0.322493224932251,0.249463013148651,5.95983011606585,4.63883655060082,5.29933333333333,0.462654372721364,54.0085965693994,5.2448,5.06358513085838,0.0267971840073988,0.694013871617706
"9142565","2012-03-29",17.2412430562469,0.495238095238095,0.430662020905925,0.328739192153827,5.87072221966324,4.66461111367009,5.26766666666667,0.488116075490798,53.4520051544719,5.2436,5.0791071134106,0.224320036805437,0.600075104655252
"9142564","2012-03-30",16.7138530823099,0.853658536585366,0.595973674022456,0.449709639953543,5.78302727906261,4.70463938760405,5.24383333333333,0.644814929677526,57.6792212946641,5.25,5.11655949828918,0.657375322924758,0.611535148309153
"9142563","2012-04-02",16.6230682336109,0.666666666666667,0.671854432830044,0.566163375919474,5.70652047345612,4.74047952654388,5.2235,0.665451924004059,55.2765382750362,5.2484,5.13835156518396,0.861934298859168,0.661614978419156
"9142562","2012-04-03",16.6467135567702,0.760416666666666,0.760247289972901,0.676025132275133,5.68080102783048,4.75219897216952,5.2165,0.769401370739591,57.8749327232301,5.2324,5.1719046898261,1.18096004994179,0.765483992723684
"9142561","2012-04-04",16.2608335227194,0.677083333333333,0.701388888888891,0.711163537230611,5.66284460607646,4.75848872725687,5.21066666666667,0.701985380915632,55.3560011908086,5.2156,5.19031739784929,1.29209699776596,0.870806593732138
"9142560","2012-04-05",15.1894937204369,0.520833333333333,0.652777777777779,0.704804652213189,5.60013875176836,4.78419458156497,5.19216666666667,0.599475760267318,50.8840837416575,5.1936,5.18627507813605,1.13348176135324,0.923341627256358
"9142559","2012-04-09",14.194678189746,0.576923076923077,0.59161324786325,0.648593304843305,5.53516383324449,4.81950283342218,5.17733333333333,0.755241890660553,54.3277293286406,5.1752,5.20010506771791,1.19593803038029,0.977860907881146
"9142558","2012-04-10",14.6309503411732,0.0400000000000003,0.379252136752139,0.541214387464388,5.52393208076056,4.81073458590611,5.16733333333333,0.382220562178025,44.2942890193025,5.144,5.16009105868885,0.631033520482704,0.908495430401457
"9142557","2012-04-11",15.03606019607,0.186666666666666,0.26786324786325,0.412909544159545,5.52447086537784,4.81419580128882,5.16933333333333,0.435236357960845,47.2532341718681,5.1228,5.14007891753034,0.349595403076264,0.796715424936419
"9142556","2012-04-12",15.0474750399635,0.44,0.222222222222224,0.289779202279203,5.53282448778644,4.81684217888023,5.17483333333333,0.637573231593496,51.9962836345657,5.114,5.14806839519296,0.419798616794664,0.721332063308068
"9142555","2012-04-13",14.8999681085345,0.52,0.382222222222224,0.290769230769231,5.54612264965071,4.81854401701595,5.18233333333333,0.693793486608313,53.4207004881597,5.1024,5.16299260916723,0.562617095528561,0.689589069752167
"9142554","2012-04-16",14.7629973864933,0.513888888888888,0.491296296296298,0.365246913580247,5.55510834024969,4.84222499308364,5.19866666666667,0.660849130678259,53.6674644550197,5.0916,5.17726026127827,0.682947565720915,0.688260768945916
"9142553","2012-04-17",15.6092980506303,0.166666666666666,0.400185185185186,0.424567901234568,5.51485033583674,4.92014966416326,5.2175,0.369682339887197,46.9683312626107,5.0896,5.15629222644117,0.383432900349212,0.627295195226576
"9142552","2012-04-18",16.0432988256414,0.444444444444444,0.375000000000001,0.42216049382716,5.51405121678321,4.94994878321679,5.232,0.608727297887309,52.1177344387368,5.1004,5.16478659624901,0.453489126522122,0.592533981485685
"9142551","2012-04-19",16.386024905599,0.499999999999999,0.370370370370371,0.381851851851852,5.52287129865329,4.95579536801338,5.23933333333333,0.648128311327217,53.0986278802807,5.108,5.17748171674914,0.564662260936322,0.586959637375812
"9142550","2012-04-20",16.0490269498807,0.652777777777778,0.532407407407409,0.425925925925926,5.54039321665207,4.9762734500146,5.25833333333333,0.810217812510127,55.7813168404817,5.1192,5.20315082118259,0.813710334380713,0.632309776776792
"9142549","2012-04-23",16.4438412724222,0.416666666666667,0.52314814814815,0.475308641975309,5.52036958234703,5.0329637509863,5.27666666666667,0.575228206778528,50.9326538525375,5.1332,5.20273071169158,0.73817605510702,0.653483032442838
"9142548","2012-04-24",15.6828516992223,0.776470588235294,0.615305010893248,0.556953522149601,5.55860642179325,5.05839357820675,5.3085,1.12939873969648,59.0501768823893,5.1692,5.25036661679937,1.21953759112767,0.766693944179805
"9142547","2012-04-25",14.6396844396882,0.869565217391304,0.687567490764423,0.608673549935272,5.63988378951889,5.03644954381445,5.33816666666667,1.16591072050317,61.7035578343486,5.2036,5.31031773455945,1.78803880689129,0.970962916722102
"9142546","2012-04-26",14.6791195103294,0.5,0.715345268542201,0.67273925673329,5.69776935461534,5.02356397871799,5.36066666666667,1.00330855472887,56.1101597952756,5.2184,5.33560870328486,1.90801204396962,1.15837274217161
"9142545","2012-04-27",14.5169029390708,0.466666666666667,0.612077294685992,0.671663351330871,5.71648601597399,5.03318065069268,5.37483333333333,0.736838961840593,55.0356162192536,5.2376,5.35219420951355,1.91923254190105,1.31054470211749
"9142544","2012-04-30",14.1133083412895,0.366972477064221,0.444546381243631,0.59065631482394,5.72454566734757,5.0341209993191,5.37933333333333,0.660287822540696,53.6524735722517,5.2592,5.35990164824507,1.83118739273247,1.41467324024049
"9142543","2012-05-01",14.3399210011319,0.361111111111112,0.398250084947335,0.484957920292318,5.73942462139114,5.0349087119422,5.38716666666667,0.716933828297613,53.6524735722517,5.2808,5.36658142847906,1.74112598228859,1.47996378865011
"9142542","2012-05-02",15.5308577681828,0.425925925925927,0.384669838033755,0.409155434741573,5.77270326923932,5.02363006409401,5.39816666666667,0.885142597570332,55.4695678109125,5.296,5.38170390468186,1.75420840180753,1.5348127112816
"9142541","2012-05-03",16.7792639531475,0.823008849557522,0.536681962198189,0.439867295059758,5.89073987858383,4.96792678808284,5.42933333333333,1.1364596898105,65.3051558986987,5.326,5.45747671739094,2.43294621533972,1.71443941209322
"9142540","2012-05-04",17.2266729286766,0.707964601769912,0.652299792417789,0.524550530883243,5.96288685441262,4.96011314558738,5.4615,0.953907658987093,61.2738237418262,5.3516,5.50581315507215,2.73780333437013,1.9191121965486
"9142539","2012-05-07",17.2263705596365,0.568421052631579,0.69979816798634,0.629593307534105,6.00691437363244,4.96208562636756,5.4845,0.821105253734891,58.8656150669202,5.3668,5.5370380677292,2.82552952834607,2.10039566290809
"9142538","2012-05-08",17.8036474777561,0.578947368421052,0.61844434094085,0.656847433781658,6.04039092301033,5.00860907698968,5.5245,0.847780235441505,59.0820997475234,5.3856,5.56543299203197,2.87391219788848,2.25509896990417
"9142537","2012-05-09",17.7692736886644,0.463157894736841,0.53684210526316,0.618361538063449,6.04814064020613,5.06519269312721,5.55666666666667,0.713643052639834,55.614811109817,5.3956,5.57537525976104,2.72038518332236,2.34815621258781
"9142536","2012-05-10",17.7373551702222,0.526315789473684,0.522807017543861,0.559364487915956,6.06372475445278,5.09960857888056,5.58166666666667,0.698800384769925,57.0939068779426,5.4112,5.5919918917929,2.65414369479799,2.40935370902985
"9142535","2012-05-11",18.182123643067,0.527027027027026,0.505500237079186,0.521716453295401,6.09350272705627,5.12583060627706,5.60966666666667,0.782809291277605,59.515390887328,5.4368,5.61972630622052,2.71285219234225,2.47005340569233
"9142534","2012-05-14",18.59512293928,0.554054054054054,0.53579895685159,0.521368737158212,6.11492766362872,5.16073900303795,5.63783333333333,0.75029990734271,60.0015965030366,5.458,5.64642946539111,2.7541366439386,2.52687005334158
"9142533","2012-05-15",19.3077048311329,0.527027027027026,0.536036036036038,0.525778409988937,6.10611854736336,5.24488145263664,5.6755,0.752930737269802,59.2354768687886,5.494,5.6669055366723,2.7251916614403,2.56653437496133
"9142532","2012-05-16",19.9693880164248,0.594594594594594,0.55855855855856,0.543464517148728,6.11263201714526,5.30136798285474,5.707,0.766662053523085,60.5902366811863,5.5276,5.69131813178266,2.7401941206447,2.601266324098
"9142531","2012-05-17",18.7941087650714,0.175675675675675,0.432432432432434,0.509009009009009,6.09103534377485,5.35929798955849,5.72516666666667,0.447385493198949,49.5869234579272,5.5412,5.67114238087831,2.28573460899277,2.53815998107696
"9142530","2012-05-18",17.7027780316718,0.256756756756756,0.342342342342344,0.444444444444445,6.07935467512231,5.39731199154435,5.73833333333333,0.43890900427509,51.425588481304,5.5548,5.66165673009453,1.98800278978357,2.42812854281828
"9142529","2012-05-21",16.5311385420152,0.134328358208955,0.188920263547131,0.321231679440635,6.03867985014478,5.47398681652189,5.75633333333333,0.353017489046221,50.4351054633652,5.5668,5.64943583274859,1.68986456821971,2.28047574789857
"9142528","2012-05-22",15.5498857073622,0.344262295081967,0.245115803349228,0.258792803079566,6.04130250280533,5.489030830528,5.76516666666667,0.563072822818696,55.9208649334705,5.596,5.66284438838211,1.69099622700095,2.16257984371904
"9142527","2012-05-23",15.6037651723347,0,0.159530217763643,0.197855428219999,6.04305403704745,5.47394596295255,5.7585,0.233208260004379,47.1742876890101,5.606,5.6371318032645,1.27732140359946,1.98552815569513
"9142526","2012-05-24",16.433839067701,0,0.114754098360658,0.173133373157842,6.06660793649232,5.42105873017434,5.74383333333333,-0.0222942935516296,41.88314484392,5.606,5.58684756282923,0.638660513632794,1.71615462728266
"9142525","2012-05-25",17.2046219705411,0.0337078651685396,0.011235955056182,0.0951734237268263,6.08766552403282,5.38266780930051,5.73516666666667,-0.0274248775040635,42.8689765519523,5.6028,5.54726788778533,0.170582040098854,1.4070401098459
"9142524","2012-05-29",17.0875823634744,0.0487804878048781,0.027496117657808,0.0511620570248814,6.09546260491674,5.36753739508326,5.7315,0.0674921968901781,43.2147563365007,5.6068,5.51429883608062,-0.185957196358932,1.08844064860493
"9142523","2012-05-30",16.978902728341,0.158536585365853,0.0803416461130925,0.0396912396090263,6.10269663590785,5.35097003075882,5.72683333333333,0.127302446464399,46.3612949974732,5.6,5.49772565793654,-0.333872186755602,0.803978081532826
"9142522","2012-05-31",17.381518893437,0.0121951219512192,0.0731707317073191,0.0603361651594053,6.11507429324571,5.30925904008763,5.71216666666667,0.104334452489215,42.9444298441517,5.5828,5.46736223687834,-0.621629568332327,0.518856551559796
"9142521","2012-06-01",18.4122697046406,0,0.056910569105693,0.0701409823087003,6.09688094969668,5.25211905030332,5.6745,0.0132750814614912,38.3756148693379,5.5664,5.41704727196122,-1.10685357982827,0.193714525282182
"9142520","2012-06-04",19.3693954579011,0.212121212121212,0.0747721113574792,0.0682844707234959,6.07327525054,5.22205808279333,5.64766666666667,0.185548322086561,45.6416053538693,5.56,5.40144096903306,-1.16722325149552,-0.078473030073358
"9142519","2012-06-05",20.186609983435,0.357142857142858,0.189754689754692,0.10714579007262,6.05461358541473,5.20638641458528,5.6305,0.318641351487354,49.8840088672017,5.5612,5.40658217316199,-0.994313470915054,-0.261641118241697
"9142518","2012-06-06",20.4392101629942,0.449438202247191,0.339567423837089,0.201364741649752,6.02257376218047,5.20342623781953,5.613,0.402744421123877,51.3445163859428,5.5644,5.41770455007372,-0.773709396464228,-0.364054773886203
"9142517","2012-06-07",19.145640007118,0.423529411764706,0.410036823718254,0.31311964577001,6.00880934115646,5.2018573255102,5.60533333333333,0.509913848462964,50.086961836022,5.5632,5.42201061006389,-0.651092616652138,-0.42146234243939
"9142516","2012-06-08",18.8104973969201,0.514285714285714,0.462417776099206,0.404007341218182,6.01252378438176,5.20080954895158,5.60666666666667,0.738179059691954,55.3827735081846,5.5504,5.44974252872204,-0.283346988163014,-0.393839271584115
"9142515","2012-06-11",19.3135202329552,0.2734375,0.403750875350142,0.425401825055866,5.99158935407161,5.20841064592839,5.6,0.691527167989058,49.4219754792227,5.5352,5.44844352489244,-0.270868985609807,-0.369245214389253
"9142514","2012-06-12",19.6154429101601,0.25,0.34590773809524,0.404025463181528,5.95647477047102,5.21552522952898,5.586,0.514395942067937,48.5337446479994,5.522,5.44331772157344,-0.301978903212918,-0.355791952153986
"9142513","2012-06-13",20.1368230916578,0.359375,0.294270833333336,0.347976482259572,5.92525214364818,5.22874785635182,5.577,0.69573940292965,52.7972292537479,5.514,5.45754202536365,-0.117923808624232,-0.308218323448035
"9142512","2012-06-14",21.3260664922065,0.6875,0.432291666666669,0.35749007936508,5.96602023236039,5.20264643430628,5.58433333333333,1.13621081559868,62.7632146811442,5.5272,5.52586975531517,0.636246090268444,-0.11932544070474
"9142511","2012-06-15",22.8686855404168,0.814814814814815,0.62056327160494,0.449041923868314,6.0985304505162,5.12880288281713,5.61366666666667,1.18025978495372,66.7261247235646,5.5468,5.61442045460648,1.5241449457732,0.209368636590848
"9142510","2012-06-18",24.7674022752792,0.608974358974359,0.703763057929727,0.585539332067111,6.19779679117849,5.08420320882151,5.641,1.04089152710315,61.8898111439865,5.5564,5.67116439399228,1.97857641927039,0.563210193126757
"9142509","2012-06-19",26.9922234158051,0.779005524861878,0.734264899550353,0.686197076361672,6.39436704393292,4.98363295606708,5.689,1.1693914476554,69.2503550930969,5.5836,5.78167580812664,2.94093656902341,1.03875546830609
"9142508","2012-06-20",29.0581287605792,0.839779005524862,0.742586296453702,0.726871417977926,6.56644833640221,4.90188499693113,5.73416666666667,1.08223477814585,70.7073147655267,5.616,5.89211903370976,3.78772892475996,1.58855015959686
"9142507","2012-06-21",31.169368549722,0.770588235294118,0.796457588560288,0.757769594854779,6.72834985170633,4.85331681496034,5.79083333333333,1.00621330294739,70.7073147655267,5.6464,5.98783649588179,4.38630370186985,2.14810086805146
"9142506","2012-06-22",33.2970582547105,0.822485207100592,0.810950815973193,0.783331566995726,6.90143924103256,4.82956075896744,5.8655,0.999305344862154,73.2466277905669,5.6968,6.09612496309755,5.03559044477977,2.72559878339712
"9142505","2012-06-25",34.4289175232761,0.724137931034483,0.772403791143066,0.793270731892181,7.02845564302499,4.84921102364168,5.93883333333333,0.908933746464337,68.8488985526166,5.7396,6.17264163468454,5.30009382953698,3.24049779262509
"9142504","2012-06-26",35.5871091373509,0.888268156424581,0.811630431519887,0.798328346212047,7.18749017431905,4.85517649234762,6.02133333333333,0.948195858650432,73.2409447467173,5.7968,6.28295608339327,5.85222276086592,3.76284278627326
"9142503","2012-06-27",36.7711415666098,0.940217391304348,0.850874492921139,0.811636238528029,7.34513016289544,4.87053650377123,6.10783333333333,0.931922764124274,74.8603358281332,5.8524,6.3972286056075,6.36994985937527,4.28426420089366
"9142502","2012-06-28",34.4242953053247,0.559782608695652,0.796089385474862,0.819531436638628,7.39048334234678,4.95584999098655,6.17316666666667,0.716391241432305,56.4615727860193,5.8912,6.40293145819317,5.82441720314124,4.59229480134318
"9142501","2012-06-29",32.2450809198457,0.641304347826087,0.713768115942031,0.786910664779343,7.40528274852737,5.08305058480596,6.24416666666667,0.68911402293339,58.7984113925966,5.9444,6.42787393043408,5.51578197469755,4.77699223601405
"9142500","2012-07-02",30.3280122116547,0.641176470588235,0.61408780903666,0.707981770151183,7.41931762438088,5.20368237561912,6.3115,0.687380421438362,59.5772461207935,5.9984,6.4561574063762,5.27097814146116,4.87578941710347
"9142499","2012-07-03",28.5478769826201,0.609375,0.630618606138109,0.652824843705599,7.43463002458964,5.32036997541036,6.3775,0.698256911125659,61.3100021428701,6.0564,6.49533641885938,5.15153279528153,4.93093809273909
"9142498","2012-07-05",27.2772407371365,0.628099173553719,0.626216881380653,0.623641098851806,7.44625656506816,5.44174343493184,6.444,0.709194605427612,62.1051604396138,6.1128,6.53595822967813,5.05657481454409,4.95606543710009
"9142497","2012-07-06",26.0973642234731,0.636363636363636,0.624612603305787,0.627149363608182,7.44822801770959,5.56510531562374,6.50666666666667,0.691171823058181,62.2721661951123,6.1744,6.57249713238771,4.9331025109735,4.95147285187477
"9142496","2012-07-09",25.9612597297389,0.617283950617284,0.627248920178215,0.626026134954884,7.47922097970529,5.65844568696138,6.56883333333333,0.760603272622911,64.4646671403464,6.2484,6.62149751473602,4.93311280980939,4.94780084346169
"9142495","2012-07-10",26.1415624785781,0.846153846153846,0.699933811044924,0.650598444842974,7.51974108129717,5.76859225203616,6.64416666666667,0.84977038488412,68.552300169131,6.3248,6.69996451277121,5.1924498267186,4.99673064011308
"9142494","2012-07-11",24.5453744094864,0.417582417582418,0.627006738117851,0.651396489780329,7.45296999639199,5.97169667027467,6.71233333333333,0.667198492202547,58.1476149851424,6.38,6.71596924440172,4.86749099809998,4.97088271171046
"9142493","2012-07-12",22.8715789305702,0.362637362637362,0.542124542124544,0.623021697095772,7.35184398522341,6.18615601477658,6.769,0.566627321063369,56.9541158523692,6.4312,6.72317334514816,4.49772642510899,4.87625145439016
"9142492","2012-07-13",22.2793188281751,0,0.260073260073262,0.476401513438551,7.29036372983995,6.30063627016004,6.7955,0.302470874089696,49.7030498395564,6.4708,6.6854168991284,3.76554923036949,4.65411100958603
"9142491","2012-07-16",21.7293630188082,0.0549450549450548,0.139194139194141,0.313797313797314,7.25754639734644,6.36245360265356,6.81,0.224423357970053,50.7266482388439,6.5052,6.65936131257795,3.20857858137054,4.36500452394293
"9142490","2012-07-17",21.2186897672532,0.0659340659340656,0.040293040293042,0.146520146520147,7.21028249230744,6.44105084102589,6.82566666666666,0.150300400988646,50.9416862535131,6.5476,6.63811313756755,2.74773731404327,4.041551081963
"9142489","2012-07-18",19.8841101521466,0.230769230769231,0.117216117216119,0.0989010989010994,7.20771710479823,6.4526162285351,6.83016666666667,0.358517799817644,54.1724535970374,6.5972,6.63969805255855,2.53587422335431,3.74041571024126
"9142488","2012-07-19",18.9823397235043,0.131868131868131,0.142857142857144,0.100122100122101,7.21045657744473,6.44221008922193,6.82633333333333,0.24010077530122,51.9613483563414,6.6376,6.62907164555074,2.23278808608212,3.43889018540943
"9142487","2012-07-20",19.0988472187017,0,0.120879120879123,0.126984126984127,7.23555133910329,6.38278199423004,6.80916666666667,0.0162818615843783,45.5148458517137,6.6496,6.58119542614398,1.61935544101581,3.07498323653071
"9142486","2012-07-23",19.7300079435391,0,0.0439560439560456,0.102564102564103,7.27363694161359,6.27469639171974,6.77416666666666,-0.0747756127506068,41.8513670837142,6.64520000000001,6.51436936932478,0.885821545222831,2.63715089826913
"9142485","2012-07-24",21.0339214921092,0,1.87812728332422e-15,0.0549450549450555,7.3489501772096,6.10904982279039,6.729,-0.147095010880254,36.6658179175078,6.63440000000001,6.41512012008148,-0.0890215126706617,2.09191641608117
"9142484","2012-07-25",22.5447861550035,0,1.87812728332422e-15,0.0146520146520153,7.40401517854991,5.91798482145009,6.661,-0.142203121069367,34.4420553457631,6.59920000000001,6.30910410407061,-1.05374919251506,1.46278329436193
"9142483","2012-07-26",25.9201764174759,0,1.87812728332422e-15,7.07767178198537e-16,7.73710950844842,5.30289049155158,6.52,-0.388717620853675,18.9386455151855,6.48440000000001,5.96655689019453,-4.29302975687592,0.311620684114357
"9142482","2012-07-27",29.1663839519813,0,1.87812728332422e-15,7.07767178198537e-16,8.09665363824462,4.64267969508871,6.36966666666666,-0.274856260463839,18.0098805399004,6.36160000000001,5.64301597150193,-7.2432398981971,-1.19935143234793
"9142481","2012-07-30",32.3290946102401,0,1.87812728332422e-15,7.07767178198537e-16,8.35534046510445,4.05532620156221,6.20533333333333,-0.15317612792125,16.7699392490994,6.22,5.325280508635,-10.0758736634522,-2.97465587856879
"9142480","2012-07-31",33.4136735239192,0,1.87812728332422e-15,7.07767178198537e-16,8.46516183366181,3.63150483300485,6.04833333333333,-0.00927624081147912,16.6377691271625,6.0824,5.04590977415034,-12.4290249275336,-4.86552968836177
"9142479","2012-08-01",34.4207825151927,0.127371273712737,0.042457091237581,0.0141523637458604,8.47730978144742,3.31969021855258,5.8985,0.0931262524484914,26.4216892969904,5.9504,4.86645513759696,-13.5285461015184,-6.5981329709931
"9142478","2012-08-02",34.9919821903798,0.156593406593407,0.0946548934353831,0.0457039948909875,8.42808638242841,3.07358028423825,5.75083333333333,0.156208565351053,28.348571868551,5.81680000000001,4.7242611192507,-14.1554049132075,-8.10958735943598
"9142477","2012-08-03",35.3506697233667,0.197802197802198,0.160588959369449,0.0992336480141365,8.33488587027736,2.88311412972263,5.609,0.210369385377215,31.256688547898,5.7172,4.6210263033506,-14.2897171143603,-9.34561331042085
"9142476","2012-08-06",35.7476754597256,0.184065934065934,0.179487179487181,0.144910344097337,8.18735632945469,2.72264367054531,5.455,0.227036578174933,30.8078279484339,5.6096,4.52488946290386,-14.3615526372169,-10.3488011757801
"9142475","2012-08-07",36.1432821871979,0.184135977337111,0.188668036401749,0.176248058419459,7.96620260305001,2.61179739694998,5.289,0.247435376801016,30.6184209663489,5.49920000000001,4.43890420118334,-14.3288062052605,-11.1448021816762
"9142474","2012-08-08",36.5815292510971,0.175438596491228,0.181213502631426,0.183122906173451,7.76390809610716,2.50609190389284,5.135,0.261307745626715,30.1198664689996,5.38240000000001,4.3577169743589,-14.2653849546631,-11.7689187362735
"9142473","2012-08-09",37.0330228610513,0.177570093457944,0.179048222428763,0.182976587153978,7.54764663537089,2.4223533646291,4.985,0.277898888277943,29.8062683926336,5.26240000000001,4.28335471111105,-14.1414002160986,-12.2434150322386
"9142472","2012-08-10",37.8646446875624,0.0930232558139534,0.148677315254377,0.169646346771521,7.35151117109263,2.32115549557403,4.83633333333333,0.259526613087462,26.8915438956405,5.13040000000001,4.18024074962957,-14.4627011715558,-12.687272260102
"9142471","2012-08-13",38.9629313960134,0.00754716981132076,0.0927135063610745,0.140146348014737,7.13752650192325,2.21647349807675,4.677,0.235761160809092,24.5715712442819,4.98280000000001,4.05620864967896,-15.1083849101498,-13.1714947901116
"9142470","2012-08-14",40.0549993052106,0,0.0335234752084266,0.0916380989412915,6.88658101502326,2.13875231831007,4.51266666666666,0.238266322134383,24.0558088438108,4.82200000000001,3.9407141630551,-15.6355880923957,-13.6643134505684
"9142469","2012-08-15",41.0816973538334,0,0.0025157232704421,0.0429175682799799,6.54221375554993,2.13678624445007,4.3395,0.254961352268287,23.9655193894449,4.67640000000001,3.83928560798109,-15.9602841551477,-14.1235075914843
"9142468","2012-08-16",41.1870447704491,0.125,0.0416666666666685,0.0259019550485112,6.14690408704459,2.21142924628874,4.17916666666667,0.30709655190659,28.037769107608,4.53840000000001,3.77004752691694,-15.7974029291375,-14.4582866590149
"9142467","2012-08-17",40.4704737786613,0.241071428571429,0.122023809523811,0.0554020664869728,5.73569621149219,2.34063712184114,4.03816666666667,0.36406716707619,31.6959907485041,4.41880000000001,3.72737452332802,-15.248020094886,-14.6162333461891
"9142466","2012-08-20",39.4359893196062,0.475247524752476,0.28043965110797,0.148043375766149,5.29533506482939,2.53599826850394,3.91566666666667,0.439961418668689,37.2456915519709,4.30560000000001,3.71839125355095,-14.2130981511991,-14.5356063071911
"9142465","2012-08-21",38.4753966076265,0.514851485148515,0.410390146157475,0.270951202263084,4.8338381938688,2.7821618061312,3.808,0.48310324821504,38.2744507162983,4.19360000000001,3.71593908641082,-13.1583265579229,-14.2601503573375
"9142464","2012-08-22",37.3824100162265,0.514851485148515,0.501650165016504,0.397493320760648,4.25501624681449,3.16931708651884,3.71216666666667,0.571689595220963,38.2744507162983,4.07560000000001,3.71381387488938,-12.1833595487499,-13.84479219562
"9142463","2012-08-23",36.3674938956407,0.593406593406594,0.541036521234543,0.484358944136173,4.14231693313681,3.22601640019652,3.68416666666667,0.622776311871174,38.8557040923719,3.96200000000001,3.7146386915708,-11.2391515499526,-13.3236640664865
"9142462","2012-08-24",35.5636379789922,0.563218390804598,0.557158823119904,0.533281836456983,4.14604199759451,3.22795800240549,3.687,0.568621172278501,37.8949622708846,3.85800000000001,3.70868686602802,-10.4786044604426,-12.7546521452777
"9142461","2012-08-27",34.269693196718,0.623529411764706,0.593384798658635,0.563860047671026,4.15010808130542,3.26589191869458,3.708,0.622896042010594,39.1903479801676,3.76320000000001,3.70886195055762,-9.67964638964915,-12.139650994152
"9142460","2012-08-28",32.4290115317779,0.820000000000001,0.66891593418977,0.606486518656102,4.19540749466821,3.26792583866512,3.73166666666667,0.854005204532306,47.7064876286995,3.69240000000001,3.74768035714994,-8.3266972907757,-11.3770602534768
"9142459","2012-08-29",31.0264615267272,0.722772277227723,0.722100562997479,0.661467098615293,4.21981741024153,3.26384925642514,3.74183333333333,0.773544677148552,45.5733897502115,3.62400000000001,3.76932297619661,-7.35983501279271,-10.5736152053399
"9142458","2012-08-30",29.6791133100958,0.892156862745099,0.811643046657609,0.734219847948285,4.25462549631972,3.25070783701361,3.75266666666667,0.872540513191591,50.3544914688293,3.63800000000001,3.81207991270373,-6.14126294558561,-9.68714475338908
"9142457","2012-08-31",28.5025525263448,0.872549019607844,0.829159386526891,0.787634332060658,4.26920678654452,3.24445988012215,3.75683333333333,0.847890779436089,49.8307030578837,3.65920000000001,3.84646925767657,-5.15856899553447,-8.78142960181816
"9142456","2012-09-04",27.1593709841563,0.85981308411215,0.874839655488366,0.838547362890954,4.29961363372775,3.23271969960558,3.76616666666667,0.859767096856868,50.6597797333344,3.69280000000001,3.88027335665302,-4.26876599016283,-7.87889687948709
"9142455","2012-09-05",25.514832402631,0.821782178217823,0.851381427312608,0.851793489775953,4.34321784777361,3.21644881889305,3.77983333333333,0.881770048378092,52.0811159132357,3.72960000000001,3.91623690909929,-3.42227773482053,-6.98757305055378
"9142454","2012-09-06",23.9373343551917,0.865168539325843,0.848921267218607,0.858380783339859,4.39888620137451,3.19878046529215,3.79883333333333,0.884271696069136,54.0756940212334,3.75040000000001,3.95673865455272,-2.58098567144341,-6.10625557473171
"9142453","2012-09-07",22.5717853491087,0.794117647058825,0.827022788200832,0.842441827577348,4.44979829097978,3.18786837568689,3.81883333333333,0.839030977987423,53.3918827938297,3.76640000000001,3.98917350061235,-1.93482876309792,-5.27197021240495
"9142452","2012-09-10",22.0951518351935,0.537313432835822,0.732199873073499,0.802714642830978,4.47748032498391,3.20685300834942,3.84216666666667,0.697671389067828,47.8527173281439,3.76960000000001,3.99461703386404,-1.74486900643764,-4.56654997121149
"9142451","2012-09-11",21.5322477612262,0.567164179104478,0.632865086333044,0.730695915869124,4.48691848868815,3.27108151131185,3.879,0.692734172174141,48.5292601202896,3.77560000000001,4.00200142934883,-1.53640422809718,-3.96052082258863
"9142450","2012-09-12",21.0095511211137,0.701492537313433,0.601990049751247,0.655685003052595,4.47603168639522,3.37230164693811,3.92416666666667,0.725749646887587,51.5739286833171,3.78600000000001,4.02040123876899,-1.1774373965269,-3.40390413737628
"9142449","2012-09-13",19.949021747203,0.64179104477612,0.636815920398012,0.623890352160766,4.43976589914552,3.50023410085448,3.97,0.719967719073034,50.1539337999337,3.79680000000001,4.03101440693312,-0.961985891575479,-2.91552048821612
"9142448","2012-09-14",19.12969213862,0.571428571428573,0.638237384506044,0.625681118218433,4.4081603042373,3.6048396957627,4.0065,0.678633534962446,49.0628569414736,3.80760000000001,4.03621248600871,-0.841325264772341,-2.50068144352737
"9142447","2012-09-17",17.796604682672,0.693877551020409,0.635699055741703,0.636917453548585,4.41195787966801,3.67337545366533,4.04266666666667,0.848415186001732,55.340544533991,3.8372,4.06471748787421,-0.384158730212647,-2.07737690086442
"9142446","2012-09-18",16.7423640001419,0.62,0.628435374149663,0.634123938132469,4.42708309069019,3.71158357597648,4.06933333333333,0.799091747232878,54.1428672821305,3.876,4.08542182282432,-0.0818477091912406,-1.67827106252979
"9142445","2012-09-19",17.4602914317848,0,0.437959183673472,0.567364537854945,4.41372010258875,3.74827989741125,4.081,0.38829449625229,42.5681032724829,3.9032,4.05669891311441,-0.527208080887287,-1.44805846620129
"9142444","2012-09-20",18.4591715765729,0,0.206666666666669,0.4243537414966,4.40619188156785,3.76280811843214,4.0845,0.151063621957391,40.1888761394694,3.9272,4.01980572469916,-1.05137016706259,-1.36872080637355
"9142443","2012-09-21",19.4600450895173,0,2.03540887847945e-15,0.214875283446713,4.4057647825129,3.76356855082043,4.08466666666667,0.0567294658262839,39.6584083065872,3.94480000000001,3.98516496140594,-1.49529403417061,-1.39403545193296
"9142442","2012-09-24",18.8549646447594,0,2.03540887847945e-15,0.0688888888888898,4.39346093214007,3.78487240119326,4.08916666666667,0.0905827106550568,38.0363804337815,3.95480000000001,3.94714296655181,-1.95211153497089,-1.50565066854055
"9142441","2012-09-25",17.6564392569082,0.521126760563381,0.173708920187796,0.0579029733959321,4.38227070121948,3.82706263211385,4.10466666666666,0.539624784336152,51.271820275677,3.97120000000001,3.9635239043449,-1.54400103913939,-1.51332074266031
"9142440","2012-09-26",17.3467235333256,0.267605633802817,0.262910798122068,0.145539906103287,4.38416934853428,3.81449731813238,4.09933333333333,0.243712184891723,46.1116105267944,3.97880000000001,3.95372071709892,-1.56908755417714,-1.52447410496368
"9142439","2012-09-27",16.3489016046679,0.267605633802817,0.352112676056341,0.262910798122067,4.38423098689399,3.81410234643934,4.09916666666667,0.326062646865828,46.1116105267944,3.98640000000001,3.94522462148573,-1.57145207171951,-1.53386969831485
"9142438","2012-09-28",15.4223526709144,0.394366197183099,0.30985915492958,0.308294209702662,4.38064396495182,3.80802270171484,4.09433333333333,0.387651162358761,49.0832018102939,3.99680000000001,3.94986133862096,-1.3737989268469,-1.50185554402126
"9142437","2012-10-01",14.5798868311696,0.507042253521127,0.38967136150235,0.350547730829422,4.38085855535014,3.80814144464985,4.0945,0.538704390444287,51.6361773417013,4.01240000000001,3.9645464934715,-1.04210017818348,-1.4099044708537
"9142436","2012-10-02",13.5898341550463,0.422535211267606,0.441314553990613,0.380281690140846,4.37600155762815,3.80533177570519,4.09066666666667,0.469626334033449,49.6264162815483,4.02400000000001,3.9692736276753,-0.891132129608696,-1.3061500026047
"9142435","2012-10-03",12.6704995272175,0.436619718309859,0.455399061032866,0.428794992175275,4.3632927041505,3.8027072958495,4.083,0.45302529651433,49.9758809113131,4.02440000000001,3.97470381065193,-0.74262695012447,-1.19344539210866
"9142434","2012-10-04",11.9400975940087,0.422535211267606,0.427230046948359,0.441314553990611,4.34147391177529,3.80485942155804,4.07316666666667,0.481675237041491,49.6052745086458,4.02800000000001,3.97807663589834,-0.637862496531938,-1.08232881299331
"9142433","2012-10-05",11.3777768130668,0.549295774647888,0.46948356807512,0.450704225352114,4.3251670437403,3.80949962292637,4.06733333333333,0.621525355563,52.9845256919465,4.02800000000001,3.99299975111189,-0.368587586583269,-0.939580567711303
"9142432","2012-10-08",11.1027873099464,0.431034482758621,0.467621822891374,0.45477847930495,4.32206040825427,3.8056062584124,4.06383333333333,0.421580647551386,47.6337098166102,4.02320000000001,3.98726645096364,-0.433148454559262,-0.838294145080895
"9142431","2012-10-09",11.3688752035451,0.277777777777778,0.419369345061431,0.45215824534264,4.32026785283712,3.78539881382954,4.05283333333333,0.201796162485039,44.2001006336481,4.01320000000001,3.96896425750182,-0.67955309223301,-0.806545934511318
"9142430","2012-10-10",10.973289709725,0.351851851851852,0.353554704129419,0.413515290694074,4.30662234787552,3.77704431879115,4.04183333333333,0.332885816367774,45.8805840496587,4.00280000000001,3.95843568983491,-0.785523445894354,-0.802341436787925
"9142429","2012-10-11",10.4150703191369,0.666666666666667,0.432098765432101,0.401674271540983,4.29735750155264,3.77897583178069,4.03816666666667,0.625711749598199,52.4366971041388,3.99640000000001,3.97197759785692,-0.517713381809481,-0.745415825792236
"9142428","2012-10-12",9.90515185451526,0.333333333333334,0.45061728395062,0.412090251170712,4.28565196678803,3.77734803321197,4.0315,0.470817984372113,49.4036568227558,3.98760000000001,3.973047251476,-0.462782456768118,-0.688889151987413
"9142427","2012-10-15",9.76302469895365,0.184210526315789,0.394736842105265,0.425817630495994,4.2383928491949,3.7926071508051,4.0155,0.420365323229914,47.1986090809816,3.98320000000001,3.96597428461253,-0.535003572880044,-0.658112036165939
"9142426","2012-10-16",9.56525764452263,0.36842105263158,0.295321637426903,0.380225254494261,4.18920542232617,3.81646124434049,4.00283333333333,0.572882873217434,50.0023627496985,3.98080000000001,3.96917771333086,-0.444889537893312,-0.615467536511414
"9142425","2012-10-17",9.04581016366097,0.631578947368421,0.394736842105266,0.36159844054581,4.20067611809409,3.81565721523924,4.00816666666667,0.773146762111868,53.7783183356324,3.97880000000001,3.98528735155341,-0.168812289714715,-0.526136487152074
"9142424","2012-10-18",8.75015651867358,0.666666666666669,0.555555555555559,0.415204678362575,4.21263176442391,3.83303490224276,4.02283333333333,0.84378577117353,54.5181454434806,3.97920000000001,4.00191570467963,0.0884965742368404,-0.403209874874291
"9142423","2012-10-19",9.1154141498387,0.0769230769230766,0.458389563652724,0.469560653771182,4.19342939226272,3.87090394107062,4.03216666666667,0.358925862030962,45.4989396357134,3.97160000000001,3.98566027738901,-0.169970419053322,-0.356561983710097
"9142422","2012-10-22",9.45458195020632,0.179487179487179,0.30769230769231,0.440545808966863,4.17716104406244,3.90050562260423,4.03883333333333,0.263243388997194,47.1368754937638,3.95840000000001,3.97690557373714,-0.291190852657286,-0.343487757499535
"9142421","2012-10-23",10.826845436591,0,0.0854700854700874,0.283850652271706,4.19333171520273,3.8500016181306,4.02166666666667,-0.194181300636934,39.7410909343352,3.93720000000001,3.93865149723886,-0.847411056337077,-0.444272417267044
"9142420","2012-10-24",12.2599722809191,0,0.0598290598290619,0.150997150997152,4.2301955302465,3.78747113642017,4.00883333333333,-0.205103832135177,38.6065979068653,3.92840000000001,3.90016463094034,-1.36075598697811,-0.627569131209258
"9142419","2012-10-25",13.590732922081,0,2.09092002971071e-15,0.0484330484330494,4.2553919726749,3.73094136065843,3.99316666666667,-0.0844210931922363,38.6065979068653,3.92320000000001,3.86680934681496,-1.75313857397613,-0.852683019762632
"9142418","2012-10-26",14.5795529665243,0,2.09092002971071e-15,0.019943019943021,4.26992232213321,3.68174434453346,3.97583333333333,0.00270154419306901,37.9779137426338,3.91800000000001,3.83523476723964,-2.08684903687584,-1.09951622318527
"9142417","2012-10-31",16.0271336663869,0,2.09092002971071e-15,1.05933780266317e-15,4.28445831009049,3.61220835657618,3.94833333333333,-0.0677451737578125,34.3622463730342,3.91040000000001,3.79187013160768,-2.58151575401041,-1.3959161293503
"9142416","2012-11-01",17.2838330248737,0.0547945205479453,0.0182648401826505,0.00608828006088387,4.28825373232144,3.56074626767856,3.9245,0.0493746122670227,36.5313488169538,3.88960000000001,3.75962078072666,-2.86259323814007,-1.68925155110825
"9142415","2012-11-02",19.3823791468712,0,0.0182648401826505,0.0121765601217667,4.31537778418792,3.46795554914541,3.89166666666667,-0.0801908969759353,29.88423396458,3.86600000000001,3.69833800996311,-3.59397589996012,-2.07019642087863
"9142414","2012-11-05",21.5726356128578,0,0.0182648401826505,0.0182648401826495,4.34660826250006,3.35739173749993,3.852,-0.0883443970974128,28.1209123019662,3.83920000000001,3.63455960863469,-4.3191174474004,-2.51998062618298
"9142413","2012-11-06",21.8474204610608,0.0686274509803921,0.0228758169934661,0.0198018324529214,4.33075252545042,3.29958080788292,3.81516666666667,0.0909184414712004,31.9069500400591,3.81160000000001,3.5886183274834,-4.7008899971232,-2.95616250037103
"9142412","2012-11-07",22.1025778201063,0.088235294117647,0.0522875816993484,0.0311427462918207,4.32234899029602,3.24365100970398,3.783,0.126401451332266,32.9929246805844,3.78160000000001,3.55146921715228,-4.91262278959889,-3.3474545582166
"9142411","2012-11-08",23.0633500630983,0,0.0522875816993484,0.04248366013072,4.34268261396387,3.1529840527028,3.74783333333333,0.0311137194769459,28.3648012751306,3.74640000000001,3.49393998819864,-5.4648434694201,-3.7709323404573
"9142410","2012-11-09",23.9906774721298,0,0.0294117647058844,0.0446623093681927,4.34431574778799,3.07435091887868,3.70933333333333,0.0858153013168524,28.1410551235119,3.71040000000001,3.44274798977216,-5.87686407063861,-4.19211868649356
"9142409","2012-11-12",22.4449128106117,0.175257731958763,0.0584192439862564,0.0467061967971621,4.29472006590708,3.05661326742625,3.67566666666667,0.301578775782426,37.2089628173788,3.68160000000001,3.42104825780254,-5.74902767106112,-4.50350048340707
"9142408","2012-11-13",21.7570478676992,0,0.0584192439862564,0.0487500842261314,4.26703512371768,3.00163154294899,3.63433333333333,0.148860379339676,32.5284080534025,3.64200000000001,3.37824182342886,-6.01239217111774,-4.80527882094921
"9142407","2012-11-14",22.1229413571784,0,0.0584192439862564,0.0584192439862554,4.26345386966976,2.90021279699691,3.58183333333333,0.0218502828297925,26.5369310630839,3.59600000000001,3.30114291363835,-6.88595158594852,-5.22141337394907
"9142406","2012-11-15",22.4626995974091,0,2.10017188824925e-15,0.038946162657504,4.23529895432126,2.81570104567874,3.5255,0.0617303583790087,26.5369310630839,3.55400000000001,3.23432385848657,-7.52792883219897,-5.68271646559905
"9142405","2012-11-16",22.778189391909,0.070707070707071,0.0235690235690258,0.0273294225184271,4.16548199626663,2.76918467040003,3.46733333333333,0.129496294414047,30.0248094073688,3.51320000000001,3.18574734402169,-7.79867661424483,-6.10590849532821
"9142404","2012-11-19",22.3434052456089,0.247311827956989,0.106006299554689,0.0431917743745712,4.0543415841052,2.77499174922813,3.41466666666667,0.254041734255665,37.3469959136414,3.47200000000001,3.16498103148547,-7.53410917571759,-6.39154863140608
"9142403","2012-11-20",21.4198075636619,0.419354838709678,0.245791245791248,0.12512218963832,3.96408181247732,2.79058485418935,3.37733333333333,0.382970865528538,43.6922570429687,3.44040000000001,3.16831689395407,-6.84062761686822,-6.48136442849851
"9142402","2012-11-21",20.0244755828616,0.537634408602151,0.401433691756275,0.25107707903407,3.86529531696017,2.82703801637316,3.34616666666667,0.503692084159838,47.6198941775083,3.41560000000001,3.18587464142686,-5.9422656931618,-6.37354468143117
"9142401","2012-11-23",18.6320722597577,0.612903225806452,0.523297491039429,0.390174142862316,3.80725126569294,2.84708206764039,3.32716666666667,0.579326296678908,50.0095760869046,3.39080000000001,3.21042468923661,-4.99564796496466,-6.09796533813787
"9142400","2012-11-26",18.4621494396629,0.631578947368422,0.594038860592344,0.506256681129348,3.77646048314494,2.85987285018839,3.31816666666667,0.716564126399696,51.0404813615108,3.36320000000001,3.2357013973384,-4.12330861532013,-5.70303399357432
"9142399","2012-11-27",18.3043639638606,0.905263157894738,0.716581777023206,0.611306042884992,3.77716518343385,2.85950148323281,3.31833333333333,0.90501402265911,58.9428535529718,3.34520000000001,3.29227454435995,-2.76120666177514,-5.11466852721448
"9142398","2012-11-28",17.377456972937,0.747368421052632,0.761403508771933,0.690674715462493,3.75868398194205,2.86831601805795,3.3135,0.806801993947556,53.570679321346,3.33040000000001,3.32130460511195,-2.03175493492141,-4.49808580875587
"9142397","2012-11-29",17.0620794036279,0.822429906542057,0.825020495163144,0.76766859365276,3.79351199725322,2.85115466941344,3.32233333333333,0.946751977792842,58.2184609150689,3.32080000000001,3.36913065776369,-1.03684385832117,-3.80583741866893
"9142396","2012-11-30",16.8511969434319,0.825688073394496,0.798495466996397,0.794973156977157,3.82622291978028,2.83511041355306,3.33066666666667,0.936546470706601,58.7417360399187,3.32120000000001,3.41324657006187,-0.2074445468911,-3.08615884431336
"9142395","2012-12-03",15.9666950023534,0.706422018348624,0.784846666095061,0.802787542751533,3.85848640758762,2.82851359241238,3.3435,0.804053332333228,54.0070202716517,3.31800000000001,3.43414702738695,0.137424449116352,-2.44144218562742
"9142394","2012-12-04",15.5027947887882,0.504587155963303,0.67889908256881,0.754080405220089,3.86922088295612,2.83677911704388,3.353,0.603637806540552,47.0897112913109,3.30600000000001,3.42292742373536,-0.10405007523222,-1.97396376354838
"9142393","2012-12-05",14.6378624429215,0.458715596330275,0.556574923547403,0.673440224070424,3.8741125025307,2.83822083080264,3.35616666666667,0.597017866580921,45.6583822439454,3.29280000000001,3.40653710057064,-0.409506608739563,-1.66107233258662
"9142392","2012-12-06",13.8347109789024,0.735294117647059,0.566198956646881,0.600557654254364,3.90480039383156,2.83553293950178,3.37016666666667,0.771057846341168,55.0709004501242,3.29720000000001,3.43499882049456,0.100376353298604,-1.30878259540957
"9142391","2012-12-07",13.5063982594529,0.58139534883721,0.59180168760485,0.571525189266377,3.92345756509651,2.85454243490349,3.389,0.666212135695548,52.325751254623,3.29640000000001,3.44766564442862,0.288257915971912,-0.989374493133276
"9142390","2012-12-10",13.2015364485355,0.514285714285715,0.610325060256663,0.589441901502797,3.93996955593796,2.87703044406204,3.4085,0.655073165990128,52.8877684720802,3.30640000000001,3.46131022517147,0.477545673497226,-0.695990459807176
"9142389","2012-12-11",12.9555138694708,0.52542372881356,0.54036826397883,0.580831670613447,3.96898077280025,2.87535256053309,3.42216666666667,0.757095293915096,54.6162781259896,3.32200000000001,3.48113552848194,0.756890397986809,-0.405414288248379
"9142388","2012-12-12",12.8584535263842,0.758064516129034,0.599257986409438,0.583317103548309,4.0157259755182,2.89160735781513,3.45366666666667,0.825884944492662,58.9422770704324,3.34120000000001,3.51965079135101,1.32786704440822,-0.0587580217170602
"9142387","2012-12-13",12.7683260649467,0.774193548387098,0.685893931109899,0.608506727166055,4.0284537715688,2.9685462284312,3.4985,0.809618200937797,59.2040160548627,3.36000000000001,3.55436401917088,1.77581166729852,0.308155916086056
"9142386","2012-12-14",12.6223148039977,0.758064516129034,0.763440860215057,0.682864259244797,4.01579489062088,3.07287177604578,3.54433333333333,0.7923532814135,58.8003353055242,3.386,3.58311548328143,2.07883519219001,0.662291771306847
"9142385","2012-12-17",13.0272752526915,0.684931506849315,0.739063190455151,0.729465993926702,3.99703048832843,3.1843028450049,3.59066666666667,0.85190140553168,59.6883564661887,3.4136,3.6120334188439,2.35457853864136,1.00074912477375
"9142384","2012-12-18",13.7237364358599,0.775000000000001,0.739332007659452,0.747278686109886,4.00823445019315,3.26109888314018,3.63466666666667,0.962209736173425,63.1132328590918,3.4392,3.65309562966472,2.80096272775001,1.360791845369
"9142383","2012-12-19",14.3704503916592,0.825000000000001,0.761643835616441,0.746679677910347,4.02997651685093,3.3143568164824,3.67216666666667,0.944137204676803,64.2049272406056,3.4736,3.69401621237609,3.19677921856252,1.72798932000771
"9142382","2012-12-20",15.6332171920144,0.722222222222223,0.774074074074077,0.758349972449989,4.06506504986317,3.34760161680349,3.70633333333333,0.955772357073982,63.6973796852852,3.5196,3.72814738405928,3.44126143784085,2.07064374357433
"9142381","2012-12-21",16.4160680523272,0.666666666666667,0.737962962962966,0.757893624217827,4.08505957547773,3.38560709118893,3.73533333333333,0.854563041193806,61.0967347038065,3.56360000000001,3.75106106618471,3.48226506942664,2.35296800874479
"9142380","2012-12-24",16.3367455292889,0.544444444444445,0.644444444444447,0.718827160493829,4.09351617608579,3.41348382391421,3.7535,0.686020561515998,55.7080268040508,3.60040000000001,3.75625292402675,3.23997285284412,2.53036897756466
"9142379","2012-12-26",15.2482714021254,0.104477611940299,0.438529574350472,0.606978993919294,4.09670908899871,3.41895757766796,3.75783333333333,0.527787962134315,47.8565146387091,3.62320000000001,3.73541920082318,2.61020774383489,2.54633673081871
"9142378","2012-12-27",14.2375454269023,0.104477611940299,0.251133222775016,0.444702413856644,4.09456058919882,3.42743941080118,3.761,0.333613436967164,47.8565146387091,3.63960000000001,3.71736330738009,2.08629703037215,2.4543287907294
"9142377","2012-12-28",13.66560125486,0.261538461538462,0.156831228473022,0.282164675199503,4.0952964747248,3.42837019194186,3.76183333333333,0.497251070499602,52.7358879571981,3.6564,3.71771486639608,1.90913493890867,2.34529002036525
"9142376","2012-12-31",12.736825489259,0.0666666666666668,0.144227580048478,0.184064010432171,4.09312680200718,3.42353986465949,3.75833333333333,0.402925226920538,49.4159887114648,3.6672,3.70735288420993,1.57690356955753,2.19161273020371
"9142375","2013-01-02",12.8490222752351,0.3,0.209401709401712,0.170153505974403,4.1019894739562,3.43434385937713,3.76816666666667,0.627562684164953,54.7809081934818,3.6824,3.71703916631528,1.59951929571893,2.07319404330675
"9142374","2013-01-03",13.2780998981914,0.266666666666666,0.211111111111113,0.1882468001871,4.09268327811547,3.4839833885512,3.78833333333333,0.623213427973,53.9014064925303,3.6864,3.72276727747324,1.55560468548888,1.96967617174318
"9142373","2013-01-04",13.8151258398919,0.466666666666667,0.344444444444446,0.254985754985756,4.08447194777184,3.5418613855615,3.81316666666667,0.758319090022305,58.2341656708909,3.7012,3.74373164047681,1.75914117620055,1.92756917263465
"9142372","2013-01-07",14.3137927857566,0.5,0.411111111111113,0.322222222222223,4.09518866659278,3.55981133340722,3.8275,0.722584445175534,58.9270585764722,3.71,3.76456742174657,1.93864156364802,1.92978365083733
"9142371","2013-01-08",13.6792638181463,0,0.322222222222224,0.35925925925926,4.07985405194368,3.59181261472299,3.83583333333333,0.28997684995004,46.472758002753,3.706,3.74262509884702,1.41982950768722,1.82779282220731
"9142370","2013-01-09",13.0900583482224,0.233333333333334,0.244444444444447,0.325925925925927,4.06055235234139,3.63178098099194,3.84616666666667,0.345683105058008,51.6123706508021,3.7128,3.74227508566742,1.29503377403553,1.72124101257295
"9142369","2013-01-10",12.5080439275976,0.3,0.17777777777778,0.248148148148149,4.05762931631144,3.64937068368856,3.8535,0.491427003080096,53.0009206177215,3.73,3.7473050742451,1.26768729995164,1.63053027004869
"9142368","2013-01-11",12.233450019654,0.581818181818182,0.371717171717174,0.264646464646466,4.06910675391218,3.65189324608782,3.8605,0.738487005175983,57.5883087435359,3.7548,3.77033106434575,1.52829972704178,1.61008416144731
"9142367","2013-01-14",12.5780101427897,0.589285714285715,0.490367965367968,0.346620971620973,4.08684023506424,3.65215976493576,3.8695,0.815557463683901,57.9043689410588,3.7672,3.79162025576632,1.73354365418514,1.63477605999487
"9142366","2013-01-15",13.0410008228808,0.627118644067797,0.599407513390567,0.487164216825235,4.10934013595324,3.6519931973801,3.88066666666667,0.855674550209442,59.2136816849584,3.7848,3.81540422166414,1.95589471103761,1.69899979020342
"9142365","2013-01-16",13.255400788859,0.576271186440678,0.597558514931399,0.56244466456331,4.11769029551929,3.65330970448071,3.8855,0.689140836262981,57.7625765647661,3.8004,3.83201699210892,2.0428157116138,1.7677629744855
"9142364","2013-01-17",13.0938626148022,0.491525423728814,0.564971751412432,0.587312593244798,4.11212296553016,3.65387703446984,3.883,0.602565013269727,55.3289031199226,3.8116,3.83974805982773,1.98261382060327,1.81073314370905
"9142363","2013-01-18",12.6574256494121,0.423728813559322,0.49717514124294,0.553235135862256,4.10251860041821,3.65448139958179,3.8785,0.547987086696957,53.3908862791921,3.8148,3.84111498518404,1.829577811686,1.81450207730444
"9142362","2013-01-22",12.4990040098271,0.0847457627118642,0.333333333333336,0.465160075329568,4.08396847984325,3.64336485349009,3.86366666666667,0.211759067778971,44.9188336539065,3.8096,3.8156329871595,1.27252361915575,1.7061063856747
"9142361","2013-01-23",12.6206108846192,0,0.169491525423731,0.333333333333335,4.07792291582907,3.6167437508376,3.84733333333333,0.0865670413141986,43.0784585016497,3.8028,3.7868819222049,0.714550754106558,1.50779525936107
"9142360","2013-01-24",13.6725341351519,0,0.0282485875706235,0.177024482109229,4.1033646446821,3.55330202198457,3.82833333333333,-0.0969017340665181,36.6160544266102,3.78680000000001,3.73529766591091,-0.159627028338472,1.17431080182117
"9142359","2013-01-25",14.7746615632258,0,2.1418052516727e-15,0.0659133709981179,4.13183507125006,3.49249826208328,3.81216666666667,-0.0612586796011127,35.7497259020252,3.76480000000001,3.68659131045612,-0.917416823621886,0.755965276732555
"9142358","2013-01-28",15.7980656035801,0.0731707317073172,0.0243902439024412,0.0175462771576879,4.15203860606707,3.4526280605996,3.80233333333333,0.00100838161264139,38.8651324191493,3.74360000000001,3.65237913572864,-1.37822441249916,0.329127338886212
"9142357","2013-01-29",15.2972632639494,0.158536585365854,0.0772357723577258,0.0338753387533887,4.15690468408568,3.42842864924765,3.79266666666667,0.189763301478751,42.3756964736196,3.72560000000001,3.63206191763149,-1.57392727047263,-0.0514835829855567
"9142356","2013-01-30",14.8322325200066,0.170731707317073,0.134146341463417,0.0785907859078602,4.16106396010418,3.41226937322916,3.78666666666667,0.215097655521726,42.8803117542851,3.71000000000001,3.61578699528062,-1.68906698339336,-0.379000263067118
"9142355","2013-01-31",13.9970677917441,0.121951219512195,0.150406504065043,0.120596205962061,4.1572263920739,3.38744027459277,3.77233333333333,0.232826220171853,41.3215629860992,3.69720000000001,3.59634872924321,-1.85028318245046,-0.673256846943787
"9142354","2013-02-01",13.4578326041739,0.487804878048781,0.260162601626019,0.181571815718158,4.15227284117585,3.38639382549082,3.76933333333333,0.544393434607409,54.6396188210793,3.70400000000001,3.61950223201078,-1.2907380099327,-0.79675307954157
"9142353","2013-02-04",12.5017437855486,0.402439024390244,0.337398373983742,0.249322493224933,4.13301944765672,3.38598055234328,3.7595,0.496207247907561,51.6915133950216,3.70800000000001,3.63023526774268,-0.993157298185288,-0.836033923270313
"9142352","2013-02-05",11.6139470253966,0.55223880597015,0.480827569469727,0.359462848359828,4.11389534088271,3.38677132578396,3.75033333333333,0.51787865581394,53.2439704949335,3.70880000000001,3.64487056537699,-0.6612982949458,-0.801086797605411
"9142351","2013-02-06",11.5397623597185,0.390625000000001,0.448434276786801,0.422220073413422,4.11299694748415,3.38500305251585,3.749,0.441849329196398,48.2358784130003,3.70800000000001,3.64155448999339,-0.656864175397798,-0.772242273163888
"9142350","2013-02-07",13.1715313464919,0,0.314287935323386,0.41451659385997,4.12282228814812,3.33817771185188,3.7305,0.09153480482481,36.5211270220117,3.68640000000001,3.5880138913276,-1.48607889203817,-0.915009596938744
"9142349","2013-02-08",14.6867454056386,0.26865671641791,0.219760572139306,0.327494261416496,4.11303570275731,3.31396429724269,3.7135,0.245329392848263,43.5186100286812,3.67280000000001,3.56561203915059,-1.72621529016266,-1.07725073558353
"9142348","2013-02-11",16.2412731459963,0.21875,0.162468905472639,0.232172470978443,4.08766788042541,3.28666545290793,3.68716666666667,0.183105413150829,42.4000703576544,3.65280000000001,3.54086376726384,-1.98750486905332,-1.25930156227749
"9142347","2013-02-12",16.0373270640355,0.359375000000001,0.282260572139306,0.221496683250416,4.04059865368993,3.29040134631007,3.6655,0.377143431787874,45.7770373854269,3.63560000000001,3.531415264962,-1.96859590248819,-1.40116043031963
"9142346","2013-02-13",15.8479485593576,0.515625,0.364583333333336,0.269770936981759,3.97727469855745,3.31172530144255,3.6445,0.46819670071309,49.331585184275,3.63440000000001,3.5365598963004,-1.70552950669247,-1.4620342455942
"9142345","2013-02-14",15.9148511674239,0.4375,0.437500000000003,0.36144796849088,3.92190826328475,3.32609173671526,3.624,0.398178946099455,47.6496265715236,3.62560000000001,3.53435191012701,-1.59282492054368,-1.48819238058409
"9142344","2013-02-15",16.3089718969395,0.328125000000001,0.427083333333336,0.409722222222224,3.86933833328646,3.33599500004687,3.60266666666667,0.313753492089285,45.3199666171658,3.61240000000001,3.52310498877674,-1.64492747484177,-1.51953939943563
"9142343","2013-02-19",16.5283925822324,0.421875,0.395833333333336,0.42013888888889,3.81486671262032,3.35546662071301,3.58516666666667,0.423450893271126,47.6811468682017,3.59600000000001,3.52135765693984,-1.53155274269642,-1.52194206808779
"9142342","2013-02-20",16.086783757999,0.375,0.375000000000002,0.399305555555557,3.79539091074672,3.35727575591995,3.57633333333333,0.462719086173152,46.5976709350944,3.57800000000001,3.5158433026812,-1.49341343802223,-1.51623634207468
"9142341","2013-02-21",15.8460965508703,0.328125000000001,0.375000000000002,0.381944444444446,3.7871347978906,3.3478652021094,3.5675,0.300805699187102,45.4846030101627,3.55720000000001,3.50706419565704,-1.51503785056767,-1.51599664377327
"9142340","2013-02-22",14.7380200609149,0.359375000000001,0.354166666666669,0.368055555555557,3.78728949610211,3.35137717056456,3.56933333333333,0.425061383326604,46.4037506598098,3.53840000000001,3.50212230290277,-1.46963079670193,-1.506723474359
"9142339","2013-02-25",14.0777296708472,0.265625,0.317708333333336,0.348958333333335,3.78547287103205,3.35852712896795,3.572,0.346975090985861,44.0066286549317,3.51920000000001,3.4898393291824,-1.55465580987745,-1.51630994146269
"9142338","2013-02-26",13.4646028800699,0.328125000000001,0.317708333333336,0.329861111111113,3.78401761604832,3.36298238395168,3.5735,0.285845316987696,46.0090321345633,3.50320000000001,3.48452741862475,-1.51276475007305,-1.51560090318476
"9142337","2013-02-27",12.669059183917,0.407407407407408,0.333719135802472,0.323045267489714,3.78296540598252,3.35903459401748,3.571,0.371834431940713,46.523904234367,3.4956,3.48125709614145,-1.44001189447347,-1.50048310144251
"9142336","2013-02-28",11.8581169863525,0.175000000000001,0.303510802469139,0.318312757201648,3.78145059231147,3.35421607435519,3.56783333333333,0.364633284758953,46.0509689662053,3.48960000000001,3.47708948332259,-1.38967491774784,-1.47832146470357
"9142335","2013-03-01",11.4188173973349,0,0.194135802469139,0.277121913580249,3.78363199880091,3.33736800119909,3.5605,0.185163937142511,42.7731882543644,3.48880000000001,3.46414421887958,-1.49568361935329,-1.48179389563352
"9142334","2013-03-04",11.1515630898345,0,0.0583333333333359,0.185326646090537,3.74636892963157,3.33196440370176,3.53916666666667,0.107871078059789,41.8565020549,3.4884,3.45025832302897,-1.6090206914668,-1.50723925480017
"9142333","2013-03-05",10.5841652657339,0,2.1741867565576e-15,0.0841563786008244,3.71100784211273,3.33199215788727,3.5215,0.188227501961694,41.378990756786,3.4852,3.4368905466251,-1.70392757422804,-1.54657691868575
"9142332","2013-03-06",10.0572958576405,0.189189189189189,0.0630630630630652,0.0404654654654667,3.66158063578902,3.35008603087765,3.50583333333333,0.320756660137913,46.0212192623013,3.482,3.43463847374176,-1.59703179205182,-1.55666789335896
"9142331","2013-03-07",10.9856822525214,0.447368421052633,0.212185870080609,0.0917496443812245,3.63217833071692,3.36782166928308,3.5,0.840449147420194,51.8833469848837,3.4824,3.44602001057619,-1.26305521929611,-1.49794535854639
"9142330","2013-03-08",12.0598988102091,0.714285714285716,0.450281108175848,0.241843347106506,3.66328868380126,3.36471131619875,3.514,1.08946195893288,58.2335524763476,3.4896,3.47321734249936,-0.688000711887116,-1.33595642921453
"9142329","2013-03-11",13.2171380101506,0.666666666666668,0.609440267335008,0.42396908186382,3.69332965321495,3.35367034678505,3.5235,1.01963834542076,58.2335524763475,3.4848,3.49678836349945,-0.232330083358923,-1.11523116004341
"9142328","2013-03-12",13.7316076911229,0.510638297872341,0.63053022627491,0.563417200595254,3.71058331353919,3.35975001979414,3.53516666666667,0.874821895026758,54.39119114064,3.4804,3.50921658169952,-0.0108265608146474,-0.89435024019766
"9142327","2013-03-13",14.2710283443466,0.562500000000001,0.579934988179672,0.606635160596529,3.72845191976137,3.35354808023863,3.541,0.897435246834709,55.9560176213318,3.47560000000001,3.52398770413959,0.230110318977017,-0.669458128362724
"9142326","2013-03-14",14.7719189509114,0.583333333333334,0.552157210401894,0.587540808285491,3.73906692605878,3.34926640727456,3.54416666666667,0.865571601711703,56.4918774836187,3.476,3.53812267692098,0.437892928721562,-0.447987916945867
"9142325","2013-03-15",15.2370316570073,0.854166666666668,0.66666666666667,0.599586288416078,3.77369888144593,3.3356344518874,3.55466666666667,0.999165538016931,62.8240751723255,3.49680000000001,3.56770631999818,0.88559613228183,-0.181271107100328
"9142324","2013-03-18",14.5446976150154,0.625000000000001,0.687500000000003,0.635441292356188,3.79153324517581,3.33780008815753,3.56466666666667,0.805612813438446,55.4677833554366,3.50600000000001,3.57867881066509,0.978438249095626,0.0506707641388628
"9142323","2013-03-19",14.2281054606802,0.780000000000002,0.753055555555559,0.702407407407409,3.82074567298411,3.33125432701589,3.576,0.909949365437187,59.6326195085998,3.52040000000001,3.60018830257641,1.2386990916526,0.288276429641609
"9142322","2013-03-20",13.5447713970853,0.700000000000001,0.70166666666667,0.714074074074076,3.84151453951767,3.32948546048233,3.5855,0.821270815926932,57.0776154523405,3.52960000000001,3.61349652889956,1.3383680331762,0.498294750348527
"9142321","2013-03-21",12.8119201921613,0.680000000000001,0.720000000000004,0.72490740740741,3.85462348515074,3.34004318151593,3.59733333333333,0.731904199384248,56.4267111579448,3.53440000000001,3.62369699171295,1.3783638570811,0.674308571695041
"9142320","2013-03-22",12.5018315517635,0.780000000000002,0.720000000000004,0.713888888888891,3.87410885539249,3.34322447794084,3.60866666666667,0.791337762488128,58.9475500120097,3.54320000000001,3.63920405948456,1.50285858868717,0.840018575093468
"9142319","2013-03-25",12.2280742704273,0.44186046511628,0.633953488372097,0.691317829457367,3.87895573535912,3.35437759797421,3.61666666666667,0.595314685147297,50.7299140075325,3.54960000000001,3.63531018488661,1.29812639285487,0.931640138645748
"9142318","2013-03-26",12.7289678484425,0,0.40728682170543,0.587080103359175,3.87747689610696,3.36652310389305,3.622,0.437372027593044,45.4779325380306,3.54960000000001,3.61860216023507,0.903211656329495,0.925954442182497
"9142317","2013-03-27",13.2651037359032,0,0.147286821705429,0.396175710594317,3.87680753836234,3.37285912830433,3.62483333333334,0.397806999740164,44.976480717409,3.55040000000001,3.60278853887039,0.560509163595779,0.852865386465154
"9142316","2013-03-28",14.1827953147782,0,2.42398693709826e-15,0.184857881136952,3.87759284953116,3.37040715046884,3.624,0.242369181725264,41.985177573392,3.55000000000001,3.58108340035434,0.151233451284161,0.712538999428955
"9142315","2013-04-01",15.5963506304248,0,2.42398693709826e-15,0.0490956072351433,3.88298867237719,3.36067799428948,3.62183333333334,0.0306114216077772,37.9120486831912,3.5452,3.55027228030709,-0.375062312084251,0.495018737126314
"9142314","2013-04-02",17.44146934336,0,2.42398693709826e-15,1.12872674170224e-15,3.89519547855861,3.3408045214414,3.618,-0.0736024296889313,33.9687969836185,3.53880000000001,3.51023597626615,-1.01439207637822,0.193136574425407
"9142313","2013-04-03",19.9399880318689,0,2.42398693709826e-15,1.12872674170224e-15,3.94425872509019,3.26374127490981,3.604,-0.206325262547293,28.0080758528661,3.5232,3.450204512764,-1.9499899016329,-0.235488720786254
"9142312","2013-04-04",22.5569829136035,0,2.42398693709826e-15,1.12872674170224e-15,4.00152598485638,3.16447401514363,3.583,-0.160651930835037,25.7069382766201,3.50360000000001,3.38617724439546,-2.89034261484372,-0.766459499597748
"9142311","2013-04-05",24.4314434469001,0.147727272727273,0.0492424242424267,0.0164141414141425,4.02223676716851,3.09809656616483,3.56016666666667,0.0381292439504656,34.1259171248584,3.4896,3.34802027847607,-3.30265729884361,-1.27369905944692
"9142310","2013-04-08",25.0527812467359,0.227272727272727,0.125000000000002,0.0580808080808092,4.01763973484264,3.05536026515736,3.5365,0.167629474171427,38.1877766352717,3.48120000000001,3.32428424134593,-3.42734560201303,-1.70442836796014
"9142309","2013-04-09",25.7262334027923,0.204545454545454,0.193181818181821,0.122474747474749,4.00855446379713,3.01344553620288,3.511,0.177422248862701,37.4767451683491,3.47280000000001,3.3010463424998,-3.53818270456054,-2.07117923528022
"9142308","2013-04-10",25.763029481391,0.226190476190476,0.219336219336222,0.17917267917268,3.99645220685065,2.98054779314935,3.4885,0.232422332586438,38.0973687094943,3.46520000000001,3.28224016349983,-3.56397116028679,-2.36973762028154
"9142307","2013-04-11",25.7971972686613,0.285714285714286,0.238816738816741,0.217111592111593,3.9758686336043,2.95679803306237,3.46633333333334,0.2844441135385,41.2381439541076,3.45680000000001,3.27260814169985,-3.42376180206688,-2.58054245663861
"9142306","2013-04-12",25.620280117485,0.395061728395062,0.302322163433277,0.253491707195412,3.95089222319187,2.94377444347481,3.44733333333334,0.360327491481495,45.962350382938,3.44760000000001,3.27492705613987,-3.08004138614972,-2.68044224254083
"9142305","2013-04-15",26.7568242594018,0.0897435897435897,0.256839867950982,0.265992923400332,3.91326862587199,2.91739804079468,3.41533333333334,0.216830676369348,36.1747965508556,3.42320000000001,3.24360344865456,-3.38870909802071,-2.82209561363681
"9142304","2013-04-16",27.8959271755003,0.0666666666666665,0.183823994935108,0.247662008773121,3.88615684317125,2.87950982349542,3.38283333333334,0.172675730857363,35.5230822569217,3.39800000000001,3.21378965550062,-3.64821781007714,-2.98732005292487
"9142303","2013-04-17",29.352475470624,0,0.0521367521367544,0.16426687167428,3.84306042342109,2.84127290991225,3.34216666666667,0.121842628077442,32.3818009121222,3.37120000000001,3.17461770143387,-4.06773393050314,-3.20340282844053
"9142302","2013-04-18",30.7433455257579,0,0.0222222222222245,0.0860609897646945,3.79347578577994,2.81152421422007,3.3025,0.14781019415859,32.0763330041865,3.3428,3.13933534124268,-4.38599311898651,-3.43992088654972
"9142301","2013-04-19",30.1718134490556,0.10204081632653,0.0340136054421792,0.0361241932670514,3.73276305951748,2.80590360714919,3.26933333333334,0.266954958005678,35.3597231305624,3.316,3.11542396241033,-4.46582070025944,-3.64510084929167
"9142300","2013-04-22",29.6411050921177,0.372093023255814,0.158044613194117,0.0714268136195057,3.64518323791477,2.82715009541856,3.23616666666667,0.333543826535977,42.0020654753638,3.2884,3.10936743408895,-4.1985986273946,-3.75580040491225
"9142299","2013-04-23",28.3783232122689,0.558139534883722,0.344091124822025,0.178716447819439,3.57040014880949,2.85359985119051,3.212,0.460007457081294,46.3221767062086,3.2684,3.11478510954376,-3.73627987921307,-3.75189629977242
"9142298","2013-04-24",26.5225550563263,0.687500000000001,0.539244186046515,0.347126641354218,3.51352909292302,2.88047090707699,3.197,0.646905927573958,50.7653238209252,3.2484,3.13148042827126,-3.10115002937399,-3.62174704569273
"9142297","2013-04-25",24.7345115887185,0.604166666666668,0.616602067183466,0.499979126017334,3.44942598480426,2.91357401519574,3.1815,0.652716305947548,48.8307240754491,3.2284,3.14061637116842,-2.67006025888541,-3.43140968833127
"9142296","2013-04-26",23.0741855116542,0.708333333333334,0.66666666666667,0.607504306632216,3.4023522774029,2.93898105593043,3.17066666666667,0.728758272175726,51.327624399299,3.2108,3.15520085501263,-2.17521196130238,-3.18017014292549
"9142295","2013-04-29",21.6840254781447,0.666666666666668,0.659722222222226,0.647663652024119,3.38176127006717,2.94857206326616,3.16516666666667,0.734308700231819,50.2709201748001,3.1904,3.16517407434428,-1.81343144567563,-2.90682240347552
"9142294","2013-04-30",20.2253705529308,0.645833333333335,0.673611111111115,0.666666666666669,3.37640034183992,2.95059965816008,3.1635,0.742288635553799,49.7197497557228,3.1748,3.17248419776505,-1.53451619629829,-2.63236116204007
"9142293","2013-05-01",20.1414812158569,0.270833333333334,0.527777777777781,0.620370370370373,3.37644615607087,2.95088717726247,3.16366666666667,0.413055529685671,41.0048651170094,3.156,3.15481963806304,-1.75168601590411,-2.45622613281288
"9142292","2013-05-02",20.1252417923739,0.25,0.388888888888892,0.530092592592595,3.37311083250486,2.96322250082848,3.16816666666667,0.382488319514548,40.5793160820576,3.1372,3.13817701965463,-1.92962399142874,-2.35090570453605
"9142291","2013-05-03",19.1495213748532,0.780000000000001,0.433611111111114,0.450092592592594,3.39518453679886,2.96148212986782,3.17833333333334,0.86507367910113,54.3536041668853,3.1316,3.15975341703402,-1.36362939546492,-2.15345044272182
"9142290","2013-05-06",17.9235448784412,0.833333333333334,0.621111111111114,0.481203703703705,3.42235221831686,2.95164778168314,3.187,0.931268507796036,56.7527789677567,3.13200000000001,3.18645296142948,-0.756091745180176,-1.8739787032135
"9142289","2013-05-07",17.2994753585667,0.703703703703705,0.772345679012349,0.609022633744858,3.43857456199422,2.95009210467245,3.19433333333334,0.791378597531855,53.2371603586677,3.13360000000001,3.20025923323888,-0.448377904535469,-1.58885854347789
"9142288","2013-05-08",17.1319385552454,0.551020408163266,0.696019148400104,0.696491979507854,3.44649546671481,2.95017119995186,3.19833333333334,0.698123162453179,50.3576542265163,3.14040000000001,3.20422466880703,-0.351832441349109,-1.34145332305213
"9142287","2013-05-09",16.976368666447,0.714285714285716,0.656336608717564,0.708233812043338,3.46075766287632,2.94690900379035,3.20383333333334,0.797428689616882,54.7505404470107,3.15480000000001,3.2209947129661,-0.0244497198190752,-1.07805260240552
"9142286","2013-05-10",16.9055781679009,0.690476190476191,0.651927437641727,0.66809439825313,3.46705427277356,2.94494572722644,3.206,0.775804717674365,54.2337057951755,3.16360000000001,3.23419541790395,0.206478174127334,-0.821146447098951
"9142285","2013-05-13",17.1377685058988,0.595238095238096,0.66666666666667,0.658310237675319,3.47740586299578,2.95226080367089,3.21483333333334,0.681219769617578,52.1145312730276,3.16800000000001,3.24030269551676,0.286069904892061,-0.599703176700749
"9142284","2013-05-14",17.353373819754,0.642857142857144,0.642857142857146,0.653817082388513,3.48316356410045,2.97283643589955,3.228,0.673744764420516,53.1012945662433,3.174,3.24826233611452,0.394048661839697,-0.40095280899266
"9142283","2013-05-15",18.2076708831022,0.428571428571429,0.555555555555559,0.621693121693124,3.46677436741084,3.01789229925583,3.24233333333334,0.517079467438243,48.2798987100803,3.176,3.24316069129925,0.253255846705547,-0.270111077853018
"9142282","2013-05-16",18.1913928650511,0.285714285714286,0.452380952380955,0.550264550264552,3.43865898005122,3.07367435328212,3.25616666666667,0.437440287456873,45.3252789931508,3.17360000000001,3.23073926579269,-0.00789973875008343,-0.217668810032431
"9142281","2013-05-17",17.84863879194,0.452380952380954,0.388888888888892,0.465608465608468,3.42530225681789,3.11069774318212,3.268,0.569929066642277,49.2290305507098,3.17080000000001,3.22930736368699,-0.040151166052993,-0.182165281236544
"9142280","2013-05-20",18.0809477183541,0.285714285714286,0.341269841269844,0.394179894179896,3.41474978031618,3.13025021968383,3.2725,0.210017126857305,45.7139970070786,3.17520000000001,3.21873304852873,-0.23815438656527,-0.193363102302289
"9142279","2013-05-21",17.9553605975847,0.261904761904763,0.333333333333337,0.354497354497356,3.4140579077306,3.13194209226941,3.273,0.217610065439142,45.217291043785,3.18000000000001,3.2082353087249,-0.416061658170563,-0.237902813475944
"9142278","2013-05-22",18.8278144220765,0,0.182539682539685,0.285714285714288,3.42873283736029,3.09493382930638,3.26183333333334,-0.0846831834657366,38.8525287570555,3.18320000000001,3.18047060089491,-0.901730628033381,-0.370668376387431
"9142277","2013-05-23",18.9782088625337,0.155555555555555,0.139153439153442,0.218342151675487,3.43136868331863,3.07929798334804,3.25533333333334,0.153478690472695,43.1605902600326,3.1896,3.16574118744226,-1.09940777067126,-0.516416255244197
"9142276","2013-05-24",19.1178608429582,0.279069767441861,0.144875107665808,0.155522743119644,3.43034644233468,3.06798689099866,3.24916666666667,0.235529716327341,46.0826467396306,3.19600000000001,3.15964236244996,-1.11659024540649,-0.636451053276655
"9142275","2013-05-28",18.5907358130095,0.395348837209303,0.276658053402242,0.186895533407163,3.42807354149858,3.06425979183476,3.24616666666667,0.391427962696565,48.9111078717709,3.20000000000001,3.16102338078996,-0.991174180301324,-0.707395678681589
"9142274","2013-05-29",18.5784240743988,0.255813953488372,0.310077519379848,0.243870226815965,3.42699970291123,3.05300029708877,3.24,0.241532566197294,45.8057773139815,3.19840000000001,3.1542202633513,-1.033276849053,-0.772571912755871
"9142273","2013-05-30",19.3245691772634,0,0.217054263565894,0.267929945449327,3.43416947721442,3.03883052278558,3.2365,0.0451160799644782,40.7035610656061,3.18880000000001,3.13365756157113,-1.33455789188111,-0.884969108580918
"9142272","2013-05-31",19.9015922322738,0.255813953488372,0.170542635658917,0.232558139534885,3.43334430725465,3.04098902607869,3.23716666666667,0.235358899663263,47.054688086396,3.18520000000001,3.13050322002831,-1.27669350443704,-0.963313987752143
"9142271","2013-06-03",19.2581232176877,0.255813953488372,0.170542635658917,0.186046511627908,3.42152508487219,3.03614158179448,3.22883333333334,0.347338215404948,47.054688086396,3.17960000000001,3.12776945735787,-1.21691894666841,-1.0140349795354
"9142270","2013-06-04",18.5613830162997,0.372093023255815,0.294573643410855,0.211886304909562,3.39770411591073,3.0416292174226,3.21966666666667,0.463490827196191,49.8843974283771,3.17680000000001,3.13206686304349,-1.0287160920181,-1.01697120203194
"9142269","2013-06-05",18.6143172328351,0.162790697674419,0.263565891472871,0.242894056847547,3.38377724071057,3.03322275928943,3.2085,0.228525317146525,45.2014051513223,3.17080000000001,3.12379128130435,-1.09908355457001,-1.03339367253955
"9142268","2013-06-06",18.7371966126533,0.139534883720931,0.22480620155039,0.260981912144704,3.37578642282509,3.02054691050824,3.19816666666667,0.19551059801537,44.6992920769571,3.1716,3.11528577713044,-1.16784421972036,-1.06028378197571
"9142267","2013-06-07",18.2974631841753,0.300000000000001,0.200775193798452,0.229715762273903,3.35103752107151,3.02229581226183,3.18666666666667,0.317485891226728,46.615193692848,3.174,3.11191434017972,-1.1319504253703,-1.07461711065463
"9142266","2013-06-10",17.2710023423924,0.400000000000002,0.279844961240313,0.235142118863051,3.32387660711709,3.03112339288291,3.1775,0.462994997811812,48.5353484511032,3.16680000000001,3.11299242815575,-1.01407538174302,-1.06250876487231
"9142265","2013-06-11",16.4112508366117,0.366666666666668,0.355555555555559,0.278725236864774,3.30312457668996,3.03654208997671,3.16983333333334,0.450609408633692,47.9166648955413,3.15680000000001,3.11259343773499,-0.935779344369747,-1.0371628807718
"9142264","2013-06-12",15.2963332813213,0.400000000000002,0.388888888888893,0.34142980189492,3.27778206770213,3.04755126563121,3.16266666666667,0.546330319708388,48.6219628313405,3.15000000000001,3.11358097937032,-0.838140457258219,-0.997358396069081
"9142263","2013-06-13",14.9391549468406,0.166666666666667,0.311111111111114,0.351851851851854,3.26618553063336,3.04381446936664,3.155,0.23767569844276,44.1182110770849,3.1428,3.10510351545428,-0.931707211368671,-0.984228159128999
"9142262","2013-06-14",14.3821350361343,0.300000000000001,0.288888888888892,0.329629629629632,3.25544215030532,3.04422451636135,3.14983333333333,0.406100011807744,47.1317941270169,3.1332,3.10308971339371,-0.891965069258782,-0.965775541154956
"9142261","2013-06-17",13.864902261907,0.333333333333335,0.26666666666667,0.288888888888891,3.22597265955766,3.05836067377568,3.14216666666667,0.467186117542,47.8884038732573,3.1244,3.10267775160788,-0.824992165545713,-0.937618866033107
"9142260","2013-06-18",13.0571941242486,0.633333333333335,0.422222222222226,0.325925925925928,3.23107155804128,3.05592844195872,3.1435,0.917753596619651,54.2362469872537,3.1208,3.11432071806016,-0.532129277874938,-0.856520948401473
"9142259","2013-06-19",12.8763696910802,0.200000000000002,0.388888888888893,0.359259259259262,3.22744464350321,3.05688868983013,3.14216666666667,0.643647873160497,47.9464970945526,3.1128,3.11241128898548,-0.52734863369438,-0.790686485460055
"9142258","2013-06-20",13.0762211131104,0.0400000000000011,0.291111111111115,0.36740740740741,3.22383455624496,3.06483211042171,3.14433333333334,0.28407040749864,45.4250969426684,3.10680000000001,3.10542311712075,-0.620307857185443,-0.756610759805132
"9142257","2013-06-21",12.2256518953646,0.518518518518521,0.252839506172844,0.310946502057616,3.23754016098542,3.06112650568125,3.14933333333334,0.976153616652676,53.9085606434202,3.1084,3.11670003483798,-0.352761904756504,-0.675840988795407
"9142256","2013-06-24",12.3245016033728,0.0740740740740744,0.210864197530868,0.251604938271607,3.23676336818935,3.05856996514398,3.14766666666667,0.344737985841013,46.6932229508321,3.1024,3.11047336352625,-0.446559348453146,-0.629984660726955
"9142255","2013-06-25",12.4162906179519,0.0740740740740744,0.222222222222225,0.228641975308644,3.22889033187817,3.05777633478851,3.14333333333334,0.363638663521436,46.6932229508321,3.0992,3.10507691505608,-0.5152335459223,-0.607034437766024
"9142254","2013-06-26",12.5015232743468,0.037037037037038,0.0617283950617313,0.16493827160494,3.22834298530345,3.05565701469656,3.142,0.353298254372936,46.0969308489361,3.096,3.09906665971527,-0.589126570817111,-0.603452864376241
"9142253","2013-06-27",12.226689549402,0.148148148148149,0.0864197530864227,0.123456790123458,3.22345525395391,3.06954474604609,3.1465,0.50108288036295,48.2327583215012,3.0996,3.09785777175324,-0.563248221877355,-0.595411935876464
"9142252","2013-06-28",12.8551655061921,0.222222222222223,0.135802469135806,0.0946502057613184,3.24589027027797,3.06044306305536,3.15316666666667,1.11203402143313,52.3033300540247,3.1028,3.1048100688528,-0.382205967079952,-0.552770742117161
"9142251","2013-07-01",13.4387503232114,0.28888888888889,0.219753086419756,0.14732510288066,3.25149061190455,3.05917605476212,3.15533333333333,0.801589234126688,54.2407936817723,3.1052,3.11483539300576,-0.159348710291629,-0.474086335752055
"9142250","2013-07-02",13.24945981572,0.133333333333334,0.214814814814818,0.190123456790125,3.24651130883869,3.05982202449465,3.15316666666667,0.554457687287126,49.2171017021229,3.1028,3.11419067393833,-0.162358455633715,-0.411740759728387
"9142249","2013-07-03",12.7763687298416,0.0454545454545456,0.155892255892259,0.19682005237561,3.24631941846642,3.06068058153358,3.1535,0.319542071295559,47.1994695785947,3.1016,3.10963191741322,-0.23976687862558,-0.377345983507826
"9142248","2013-07-05",13.3678189791614,0,0.0595959595959621,0.143434343434345,3.27703721976828,3.01429611356506,3.14566666666667,-0.308146606374978,34.1378095361793,3.0944,3.07101432842479,-0.969814325885454,-0.495839651983351
"9142247","2013-07-08",13.9170227821013,0.279411764705883,0.108288770053478,0.107925661847232,3.27980508356154,3.00352824977179,3.14166666666667,0.156141998238266,45.9163658063262,3.0904,3.06287908463482,-1.04180467872433,-0.605032657331548
"9142246","2013-07-09",14.1366672765157,0.323529411764707,0.200980392156865,0.122955040602101,3.2775989358295,2.99673439750384,3.13716666666667,0.284593667962982,47.5124811455377,3.08760000000001,3.05982854001684,-1.00848275734164,-0.685722677333567
"9142245","2013-07-10",14.3406228784719,0.323529411764707,0.308823529411768,0.206030897207369,3.27604805396022,2.98928527937312,3.13266666666667,0.26984460380175,47.5124811455377,3.08280000000001,3.05718473468126,-0.970980007548061,-0.742774143376466
"9142244","2013-07-11",13.5699330523456,0.382352941176471,0.343137254901964,0.284313725490198,3.27250537309112,2.98816129357555,3.13033333333334,0.487104824996127,49.8032542262379,3.08320000000001,3.06022677005709,-0.826169436631319,-0.759453202027437
"9142243","2013-07-12",12.9384885995073,0.36764705882353,0.357843137254905,0.336601307189544,3.27259800531554,2.98906866135113,3.13083333333334,0.414764848220779,49.2248451778563,3.08360000000001,3.06152986738282,-0.729356933716774,-0.753433948365304
"9142242","2013-07-15",13.4109539332287,0.161764705882354,0.303921568627454,0.334967320261439,3.27607229068964,2.97359437597703,3.12483333333334,0.120357957563808,41.889863673202,3.07720000000001,3.04399255173177,-1.01119024021666,-0.804985206735576
"9142241","2013-07-16",14.0488429783092,0.11764705882353,0.215686274509807,0.29248366013072,3.27956822980187,2.95543177019813,3.1175,0.106647150536925,40.4972889207161,3.06840000000001,3.0247935448342,-1.30168806442551,-0.904325778273563
"9142240","2013-07-17",14.5337737128959,0.36764705882353,0.215686274509807,0.245098039215688,3.2675692057503,2.95643079424971,3.112,0.482858647032316,50.532795274838,3.06680000000001,3.03082107218964,-1.06725247351421,-0.936911117321693
"9142239","2013-07-18",14.4483449007347,0.426470588235295,0.303921568627454,0.245098039215688,3.26573092874271,2.95660240459063,3.11116666666667,0.62562196723789,52.5602030668475,3.06640000000001,3.04137826256436,-0.766424584358549,-0.902813810729064
"9142238","2013-07-19",14.8286642603612,0.500000000000001,0.431372549019611,0.316993464052289,3.26482823120864,2.9545051021247,3.10966666666667,0.404400723354894,49.2964638421727,3.06640000000001,3.04252782755578,-0.679567443274176,-0.858164537238087
"9142237","2013-07-22",15.0692964514764,0.533333333333335,0.486601307189546,0.407298474945535,3.24702796730507,2.95797203269494,3.1025,0.45675577456362,49.8553412190944,3.0652,3.04485745054834,-0.577552950804305,-0.802042219951331
"9142236","2013-07-23",15.6060364368715,0.487804878048782,0.507046070460708,0.475006642223287,3.2449384176665,2.95406158233351,3.0995,0.364203693103354,47.5954457358612,3.06200000000001,3.04154312380856,-0.595869239503399,-0.760807623861744
"9142235","2013-07-24",15.9798370656735,0.560975609756099,0.527371273712741,0.507006217120997,3.24294953252191,2.95238380081143,3.09766666666667,0.450670943717412,49.4463136943729,3.0564,3.04267070730075,-0.524818317366416,-0.713609762562679
"9142234","2013-07-25",17.325776393609,0.0303030303030311,0.359694506035973,0.464703950069806,3.24335482833578,2.93964517166423,3.0915,0.176774628299583,41.9926301973222,3.04880000000001,3.02498127966065,-0.831343043017896,-0.737156418653722
"9142233","2013-07-26",19.4069920426568,0,0.197092880019712,0.361386219922807,3.26451167364862,2.88615499301806,3.07533333333334,-0.166038193326004,35.4209826476862,3.0364,2.98831710903923,-1.49026536779395,-0.887778208481768
"9142232","2013-07-29",21.3395494310583,0.125,0.0517676767676795,0.202851687607787,3.24548688766102,2.86417977900566,3.05483333333334,-0.0197035727067448,39.2597659582312,3.02120000000001,2.96454149450067,-1.83619100312006,-1.07746076740943
"9142231","2013-07-30",23.2305737430801,0.0833333333333336,0.069444444444447,0.106101667077278,3.23356866936058,2.8390979973061,3.03633333333334,0.0107367577041317,38.4395210150516,3.01000000000001,2.94126929523391,-2.14469644034675,-1.29090790199689
"9142230","2013-07-31",25.5091473776527,0,0.069444444444447,0.0635521885521897,3.24595080954294,2.7823825237904,3.01416666666667,-0.134570301091944,33.86743775624,2.99400000000001,2.90510005586939,-2.69559331884346,-1.5718449853662
"9142229","2013-08-01",27.0939976650934,0.0535714285714291,0.0456349206349233,0.0615079365079377,3.24831325552738,2.74335341113929,2.99583333333334,0.0197637937054889,35.9194826799467,2.97960000000001,2.87775338175347,-3.02260264178861,-1.86199651665069
"9142228","2013-08-02",28.9925422210574,0,0.0178571428571454,0.0443121693121705,3.26841138664503,2.69892194668831,2.98366666666667,-0.0156665709007468,32.3195062237196,2.96000000000001,2.84071959751968,-3.53158708584465,-2.19591463048948
"9142227","2013-08-05",27.9425478343336,0.349206349206349,0.134259259259262,0.0659171075837754,3.26195595944162,2.69371070722505,2.97783333333334,0.415822731212002,45.3065975108703,2.9468,2.83795698451705,-3.27727802707369,-2.41218730980632
"9142226","2013-08-06",27.5168146883868,0.190476190476191,0.179894179894183,0.110670194003529,3.25655876207921,2.6684412379208,2.9625,0.172684468507434,41.4163093369626,2.9284,2.82222938658145,-3.32358755429569,-2.5944673587042
"9142225","2013-08-07",27.2784733106008,0.160714285714286,0.233465608465611,0.182539682539684,3.25134621309067,2.64098712024267,2.94616666666667,0.162220700760468,40.2983812586706,2.9116,2.80459880170392,-3.41004899088782,-2.75758368514092
"9142224","2013-08-08",25.8889207253327,0.0714285714285716,0.140873015873019,0.184744268077603,3.23169225038547,2.62364108294787,2.92766666666667,0.218773667155975,38.4362229247001,2.89400000000001,2.78265229481006,-3.58565423662347,-2.92319779543743
"9142223","2013-08-09",24.5986218961551,0.107142857142857,0.113095238095241,0.162477954144622,3.21661449498532,2.59638550501468,2.9065,0.140186656419859,39.6377650182575,2.8876,2.76629865550206,-3.6292104937974,-3.06440033510942
"9142222","2013-08-12",23.2467606747662,0.0892857142857141,0.0892857142857168,0.114417989417991,3.2109814280339,2.56935190529944,2.89016666666667,0.177643677535491,39.2255371764811,2.87320000000001,2.75079216810178,-3.65398657617133,-3.1823175833218
"9142221","2013-08-13",21.7556918780932,0.0892857142857141,0.0952380952380976,0.0992063492063502,3.20365837552984,2.54700829113684,2.87533333333334,0.222835640585896,39.2255371764811,2.85760000000001,2.73735321235488,-3.63450463598317,-3.27275499385408
"9142220","2013-08-14",20.2702690779408,0.0909090909090908,0.0898268398268421,0.0914502164502174,3.17357573270175,2.53675760063159,2.85516666666667,0.261575046803774,39.2255371764811,2.842,2.72570611737423,-3.58003643662126,-3.33421128240751
"9142219","2013-08-15",18.8909479063706,0.0909090909090908,0.0903679653679676,0.0918109668109676,3.12819097708095,2.53514235625239,2.83166666666667,0.244259304650652,39.2255371764811,2.82480000000001,2.715611968391,-3.49834831354529,-3.36703868863507
"9142218","2013-08-16",17.735321279742,0.0363636363636365,0.0727272727272751,0.0843073593073601,3.09383093559371,2.52616906440629,2.81,0.212270029706803,37.6457307302925,2.80680000000001,2.70286370593886,-3.48455928207363,-3.39054280732278
"9142217","2013-08-19",16.8390780721422,0,0.0424242424242448,0.0685064935064944,3.05061952441046,2.52271380892288,2.78666666666667,0.190601316595933,36.5877823143748,2.79360000000001,2.68914854514702,-3.49554199500496,-3.41154264485922
"9142216","2013-08-20",15.9233175289068,0.0181818181818178,0.0181818181818205,0.0444444444444453,3.00430532048028,2.52836134618639,2.76633333333334,0.262577097088687,37.5330477248472,2.782,2.67859540579408,-3.43684347017494,-3.41660280992236
"9142215","2013-08-21",14.9742538040139,0,0.00606060606060836,0.0222222222222231,2.93868036481486,2.54931963518515,2.744,0.224334466304771,36.9400366154856,2.76320000000001,2.66811601835487,-3.38321196502366,-3.40992464094262
"9142214","2013-08-22",14.2959627559295,0,0.00606060606060836,0.0101010101010109,2.89254409248358,2.55545590751643,2.724,0.112366518632488,33.5181545950307,2.74040000000001,2.65103388257422,-3.48477297482929,-3.42489430771995
"9142213","2013-08-23",13.6661210684226,0.155555555555555,0.0518518518518542,0.0213243546576888,2.88132427692318,2.54700905641016,2.71416666666667,0.238270965151593,40.4490290209732,2.72280000000001,2.64556269823099,-3.31631847762272,-3.40317914170051
"9142212","2013-08-26",13.9762741807178,0,0.0518518518518542,0.0365881032547708,2.86673126654795,2.53126873345206,2.699,0.0657736638355595,34.8581960715853,2.70080000000001,2.62748767180019,-3.45041982943565,-3.41262727924753
"9142211","2013-08-27",14.2642734992776,0,0.0518518518518542,0.0518518518518528,2.85107416849345,2.51692583150655,2.684,0.0790292780293405,34.8581960715853,2.68040000000001,2.6118226488935,-3.52001830837539,-3.43410548507311
"9142210","2013-08-28",14.2802506083774,0,2.41473507855972e-15,0.0345679012345688,2.85144538293965,2.49955461706036,2.6755,0.143355233586732,34.8581960715853,2.65880000000001,2.5982462957077,-3.53753880747031,-3.45479214955255
"9142209","2013-08-29",13.2621899344402,0.100000000000001,0.0333333333333361,0.0283950617283961,2.84290506466399,2.49276160200269,2.66783333333334,0.306269884870152,38.0657544656485,2.64400000000001,2.59048012294667,-3.42085906888228,-3.44800553341849
"9142208","2013-08-30",12.4193094042925,0.333333333333334,0.144444444444448,0.0592592592592605,2.84076030222163,2.49090636444505,2.66583333333334,0.454743018089312,44.8851361396337,2.63840000000001,2.59308277322045,-3.07554891934197,-3.37351421060319
"9142207","2013-09-03",12.3417272738935,0.0333333333333342,0.155555555555559,0.111111111111113,2.77768739038634,2.52031260961367,2.649,0.283713592685524,38.9473896101337,2.62680000000001,2.58333840345772,-3.04726258827012,-3.30826388613658
"9142206","2013-09-04",12.2696867242372,0.0869565217391307,0.151207729468602,0.150402576489535,2.76032604714126,2.51634061952541,2.63833333333334,0.165280556036924,39.8987493979586,2.61640000000001,2.57622661633003,-2.96082698354565,-3.23877650561839
"9142205","2013-09-05",11.4962999295681,0.260869565217392,0.127053140096621,0.144605475040259,2.74496022308379,2.51803977691622,2.6315,0.37587426720521,43.6792854500433,2.61240000000001,2.57539640081936,-2.73615086426873,-3.13825137734846
"9142204","2013-09-06",11.0995464757933,0.130434782608697,0.159420289855076,0.145893719806765,2.72245755914801,2.52287577418533,2.62266666666667,0.286219635851797,41.5674077547308,2.60600000000001,2.57067688071011,-2.62205655684962,-3.03501241324869
"9142203","2013-09-09",10.9478384723841,0.120000000000001,0.170434782608699,0.152302737520131,2.71503405192128,2.52329928141206,2.61916666666667,0.469576027770842,41.5674077547308,2.60360000000001,2.56658662994876,-2.50327117306555,-2.92866416521206
"9142202","2013-09-10",10.904085649666,0.307692307692309,0.186042363433672,0.171965811965814,2.70994517895008,2.52505482104993,2.6175,0.675779853363412,46.5615952159916,2.59440000000001,2.56970841262226,-2.22660695023587,-2.78825272221682
"9142201","2013-09-11",10.5006325259885,0.192307692307694,0.20666666666667,0.187714604236346,2.69865128068554,2.52534871931446,2.612,0.334586018580028,44.1247503525543,2.58800000000001,2.56841395760596,-2.07745538328985,-2.64609325443143
"9142200","2013-09-12",10.6425197711852,0.115384615384617,0.205128205128209,0.199279078409516,2.68253638143197,2.52979695190137,2.60616666666667,0.372331590736391,42.5268252563098,2.58200000000001,2.56462542992516,-1.99919057038662,-2.51671271762247
"9142199","2013-09-13",10.6443234912271,0.0769230769230772,0.128205128205132,0.180000000000002,2.67244208034003,2.52622458632664,2.59933333333334,0.117008892281551,41.7134242845474,2.57760000000001,2.56000870593514,-1.94656720253127,-2.40268361460423
"9142198","2013-09-16",12.1690010082302,0,0.0641025641025671,0.132478632478634,2.66637210538628,2.52662789461372,2.5965,0.453486445241139,40.0629844329485,2.57160000000001,2.55334087847712,-1.94603404610207,-2.3113537009038
"9142197","2013-09-17",13.5847729883045,0,0.0256410256410282,0.0726495726495742,2.66585872400138,2.51814127599863,2.592,0.102845381775224,40.0629844329485,2.56600000000001,2.54756209468017,-1.92414065114173,-2.23391109095138
"9142196","2013-09-18",12.7128039798156,0,2.44249065417534e-15,0.0299145299145311,2.68252370999487,2.47747629000514,2.58,-0.312820110952955,26.6241487945567,2.55160000000001,2.51322048205615,-2.58049307845175,-2.30322748845146
"9142195","2013-09-19",11.903118471933,0.291666666666667,0.0972222222222249,0.0409544159544171,2.68126188148516,2.46207145184818,2.57166666666667,0.0361719631872293,40.3392005527179,2.54280000000001,2.502124417782,-2.62820165520928,-2.36822232180302
"9142194","2013-09-20",11.7300267706136,0.354166666666667,0.215277777777781,0.104166666666668,2.67934331292598,2.45665668707402,2.568,0.284450458951625,42.8062114418097,2.53520000000001,2.4965078287444,-2.54126197659854,-2.40283025276213
"9142193","2013-09-23",11.5692987622457,0.375000000000001,0.340277777777781,0.217592592592594,2.67256816070054,2.45243183929946,2.5625,0.291795678960996,43.6427675687086,2.52920000000001,2.49297345157848,-2.41273412349878,-2.40481102690946
"9142192","2013-09-24",11.3135998745419,0.354166666666667,0.361111111111114,0.305555555555557,2.67433718683351,2.4436628131665,2.559,0.171976277798858,42.9659750119964,2.52360000000001,2.48857699136801,-2.31691464725796,-2.38723175097916
"9142191","2013-09-25",11.171120441796,0.333333333333334,0.35416666666667,0.351851851851854,2.67609000328002,2.43557666338665,2.55583333333334,0.184702173413939,42.260210798975,2.51720000000001,2.48343339251895,-2.24798464862219,-2.35938233050777
"9142190","2013-09-26",10.8031597872862,0.291666666666667,0.326388888888892,0.347222222222224,2.6786544496757,2.42401221699097,2.55133333333334,0.141326843664565,40.8161622062836,2.51040000000001,2.47630894018309,-2.23331592646584,-2.33416904969938
"9142189","2013-09-27",10.1094540313969,0.229166666666667,0.284722222222225,0.321759259259261,2.67770249419558,2.40863083913776,2.54316666666667,0.104194652249355,38.6810330307226,2.50480000000001,2.46613441482534,-2.29425242920459,-2.32618572560042
"9142188","2013-09-30",10.3877932667259,0.369565217391305,0.296799516908216,0.302636876006443,2.66200881803359,2.40999118196641,2.536,0.383606029359324,44.8902277968912,2.49880000000001,2.46531649284863,-2.12266838951589,-2.28548225838352
"9142187","2013-10-01",9.94828420276433,0.239130434782609,0.279287439613529,0.286936392914655,2.65641685817451,2.40258314182549,2.5295,0.239330662536216,40.4762934220267,2.49440000000001,2.45660762713548,-2.15874153047376,-2.26013411280157
"9142186","2013-10-02",9.54016864337146,0.282608695652174,0.297101449275365,0.291062801932369,2.65398134836958,2.39635198496376,2.52516666666667,0.285868093848564,42.5056693907304,2.49080000000001,2.45172661018408,-2.09836371408384,-2.22778003305802
"9142185","2013-10-03",9.16120419536378,0.304347826086957,0.275362318840583,0.283917069243158,2.64486030731832,2.39047302601502,2.51766666666667,0.247104756952724,43.5421274733185,2.48760000000001,2.4488297288262,-1.99499997573159,-2.18122402159273
"9142184","2013-10-04",8.67879944950822,0.351351351351352,0.312769291030164,0.295077686382036,2.6385809143063,2.38308575236037,2.51083333333334,0.235807130413344,42.7129060299175,2.48280000000001,2.44498576498271,-1.92413497037884,-2.12980621134996
"9142183","2013-10-07",8.15304021925183,0.297297297297298,0.317665491578538,0.30193236714976,2.62469685291683,2.37896981374984,2.50183333333334,0.221235399115151,41.0299359413199,2.47440000000001,2.43898766298502,-1.91242279870772,-2.08632952882151
"9142182","2013-10-08",7.66483521972803,0,0.216216216216219,0.282216999608306,2.59738051480249,2.38361948519752,2.4905,0.185786194093506,41.0299359413199,2.46960000000001,2.43378930792035,-1.88206412713091,-2.04547644848339
"9142181","2013-10-09",8.28398254105837,0,0.0990990990991018,0.210993602297952,2.58300154580017,2.38533178753317,2.48416666666667,0.360879073050428,41.0299359413199,2.46440000000001,2.4292840668643,-1.83732055668261,-2.00384527012323
"9142180","2013-10-10",8.85890505372225,0.333333333333336,0.111111111111115,0.142142142142144,2.56725250234741,2.39241416431926,2.47983333333334,0.615344648628596,49.6946382774033,2.46040000000001,2.43471285794906,-1.55183003220576,-1.91344222253974
"9142179","2013-10-11",8.91787350445269,0.200000000000001,0.177777777777782,0.129329329329331,2.55863618965682,2.39369714367652,2.47616666666667,0.4626124509814,46.5385932020972,2.45640000000001,2.43541781022252,-1.4086621987769,-1.81248621778717
"9142178","2013-10-14",8.9726299229881,0.200000000000001,0.244444444444449,0.17777777777778,2.53398846719143,2.40634486614191,2.47016666666667,0.498694281066198,46.5385932020972,2.45240000000001,2.43602876885952,-1.28041401244634,-1.70607177671901
"9142177","2013-10-15",9.02347516877098,0.200000000000001,0.200000000000003,0.20740740740741,2.52333211854881,2.40900121478453,2.46616666666667,0.38775271680004,46.5385932020972,2.44640000000001,2.43655826634492,-1.16532302330351,-1.59792202603591
"9142176","2013-10-16",8.38984975157446,0,0.133333333333336,0.192592592592595,2.52121499894642,2.41311833438692,2.46716666666667,0.187008535636058,42.0873805102509,2.44000000000001,2.43168383083226,-1.19292646957239,-1.5169229147432
"9142175","2013-10-17",9.02400783204383,0,0.0666666666666695,0.133333333333335,2.53384101341717,2.38915898658284,2.4615,-0.22457744494676,34.1685825879088,2.43080000000001,2.41545932005463,-1.49794976335887,-1.51312828446634
"9142174","2013-10-18",8.96910246478679,0,2.53500923956077e-15,0.0666666666666682,2.53383178052333,2.37283488614334,2.45333333333334,-0.10042566062496,32.6963422772857,2.42120000000001,2.39873141071401,-1.78937299960555,-1.56837722749418
"9142173","2013-10-21",8.91811890947668,0.0357142857142851,0.0119047619047642,0.0261904761904774,2.53755612981383,2.34944387018618,2.4435,-0.156522866954316,34.2224463335472,2.41280000000001,2.38556722261881,-1.96705921259448,-1.64811362451424
"9142172","2013-10-22",9.52772550224689,0,0.0119047619047642,0.00793650793650899,2.55155382674351,2.31411283992316,2.43283333333334,-0.18578443643572,30.4986892523028,2.40240000000001,2.3674915929363,-2.25456778787212,-1.76940445718582
"9142171","2013-10-23",10.0937887669621,0,0.0119047619047642,0.0119047619047629,2.55897594185581,2.28535739147753,2.42216666666667,-0.0683094212180522,30.4986892523028,2.40080000000001,2.35182604721146,-2.45809637902149,-1.90714284155295
"9142170","2013-10-24",11.1211700391812,0,2.53500923956077e-15,0.00793650793650899,2.56795775201416,2.25437558131918,2.41116666666667,-0.0458431080036128,27.702020142948,2.39200000000001,2.33291590758326,-2.72964928645922,-2.07164413053421
"9142169","2013-10-25",11.0006510775627,0.166666666666667,0.0555555555555583,0.0224867724867737,2.5678515959899,2.24081507067677,2.40433333333334,0.180973453245206,37.0296622745524,2.38440000000001,2.3245271199055,-2.70914811613143,-2.19914492765365
"9142168","2013-10-28",10.5714615170241,0.305555555555556,0.15740740740741,0.0709876543209891,2.55454580025407,2.23912086641261,2.39683333333334,0.372658555626873,43.5640512140626,2.37840000000001,2.3239235039181,-2.49120873927072,-2.25755768997707
"9142167","2013-10-29",10.1729283536668,0.400000000000001,0.290740740740744,0.167901234567903,2.54716872537124,2.23683127462877,2.392,0.418368430001835,47.1103520039429,2.37400000000001,2.32740037006235,-2.18902403004632,-2.24385095799092
"9142166","2013-10-30",9.4889896888155,0.375000000000002,0.360185185185189,0.269444444444446,2.5379014499052,2.23443188342814,2.38616666666667,0.39180683350066,45.0767509075465,2.36920000000001,2.32774698738737,-1.99575781206544,-2.19423232880582
"9142165","2013-10-31",9.57293344535547,0.312500000000001,0.362500000000004,0.337808641975311,2.53033594330302,2.23233072336365,2.38133333333334,0.417227400675438,43.0743420666651,2.36440000000001,2.32538072240239,-1.89017548382084,-2.13342095980882
"9142164","2013-11-01",9.65088121928543,0.344827586206898,0.344109195402303,0.355598126862497,2.52342171922175,2.22791161411159,2.37566666666667,0.345464957451643,43.0743420666651,2.36080000000001,2.3233299594154,-1.78607986237985,-2.06395274032303
"9142163","2013-11-04",9.36857116732332,0.275862068965518,0.311063218390808,0.339224137931037,2.5174080044412,2.2215919955588,2.3695,0.298861460457141,40.963912116157,2.35400000000001,2.31888596482668,-1.75310466890835,-2.00178312604009
"9142162","2013-11-05",9.70004609821588,0.42857142857143,0.349753694581285,0.334975369458131,2.51184512889946,2.21982153776721,2.36583333333334,0.445780636174132,46.5991838500629,2.35120000000001,2.32036783618313,-1.56995299221823,-1.91541709927572
"9142161","2013-11-06",10.0078442483304,0.464285714285715,0.389573070607557,0.350129994526549,2.5006444426805,2.22068889065284,2.36066666666667,0.473805365600994,47.9371644065096,2.34800000000001,2.32298545802538,-1.37415651245562,-1.8071649819117
"9142160","2013-11-07",10.8632273959643,0.541666666666668,0.478174603174607,0.405833789454481,2.47866131895839,2.22933868104162,2.354,0.550804318342291,47.9371644065096,2.34440000000001,2.32525406362199,-1.20504688621504,-1.68674136277237
"9142159","2013-11-08",10.6520290291808,0,0.335317460317463,0.401021711366541,2.4625606754745,2.2244393245255,2.3435,0.149338458448917,34.793581647797,2.33600000000001,2.30988685513906,-1.50613799001759,-1.65062068822141
"9142158","2013-11-11",10.155219258874,0.416666666666668,0.319444444444448,0.377645502645505,2.4406324730113,2.23270086032204,2.33666666666667,0.483969088248654,46.8628515378261,2.33240000000001,2.30990194112052,-1.38123061221864,-1.59674267302086
"9142157","2013-11-12",9.60491443260067,0.583333333333335,0.333333333333337,0.329365079365081,2.42327138560386,2.24172861439614,2.3325,0.706562892868315,50.7867467647601,2.33040000000001,2.31524834897112,-1.12962455134596,-1.50331904868588
"9142156","2013-11-13",9.09391709391833,0.625000000000001,0.541666666666671,0.39814814814815,2.41068518306879,2.24864815026455,2.32966666666667,0.790057150434125,51.7460950730277,2.32880000000001,2.32121523577497,-0.885340025210457,-1.37972324399079
"9142155","2013-11-14",9.15394042753094,0.375,0.527777777777781,0.467592592592595,2.40782918384858,2.24717081615143,2.3275,0.411821171410284,45.9573413954039,2.32200000000001,2.31838653767164,-0.8900442435684,-1.28178744390632
"9142154","2013-11-15",8.58257353790395,0.375,0.458333333333336,0.509259259259261,2.40520718261483,2.24679281738518,2.326,0.50420837255319,45.9573413954039,2.31640000000001,2.31593499931542,-0.883748894010283,-1.20217973392711
"9142153","2013-11-18",8.32486229700267,0.375,0.375000000000003,0.453703703703705,2.40612113539365,2.24754553127302,2.32683333333334,0.562010379136567,45.9573413954039,2.31080000000001,2.31381033274003,-0.868874544260279,-1.13551869599374
"9142152","2013-11-19",8.08555900188006,0.416666666666668,0.388888888888892,0.407407407407409,2.40534148103892,2.25532518562775,2.33033333333334,0.564437444213441,47.1871842171235,2.30560000000001,2.31330228837469,-0.812928932658807,-1.07100074332676
"9142151","2013-11-20",7.86334879926621,0.523809523809526,0.438492063492067,0.400793650793653,2.40260459061774,2.26439540938227,2.3335,0.474676067329857,48.4505287440961,2.30240000000001,2.3141953165914,-0.725371787527984,-1.001874952167
"9142150","2013-11-21",7.47389651354529,0.380952380952383,0.440476190476194,0.42261904761905,2.39257377479032,2.28142622520969,2.337,0.257079664807036,44.9747124588843,2.30160000000001,2.31096927437921,-0.751951522459327,-0.951890266225467
"9142149","2013-11-22",7.73046024554656,0.571428571428574,0.492063492063497,0.457010582010585,2.39331126232174,2.28635540434493,2.33983333333334,0.657385800569993,50.1135438269906,2.30320000000001,2.31350670446199,-0.626306439733371,-0.886773500927048
"9142148","2013-11-25",9.46102438457944,0.454545454545455,0.468975468975473,0.46717171717172,2.40662738753434,2.27937261246567,2.343,1.10508534912302,53.6125783417491,2.30560000000001,2.31970581053372,-0.417520243945402,-0.792922849530719
"9142147","2013-11-26",11.0679767993957,0.454545454545455,0.493506493506497,0.484848484848488,2.41618788989479,2.27481211010521,2.3455,1.00338655441963,53.6125783417491,2.31000000000001,2.32507836912922,-0.249453072375527,-0.68422889409968
"9142146","2013-11-27",12.5601468988679,0.515151515151516,0.474747474747478,0.479076479076482,2.42821306654252,2.27012026679082,2.34916666666667,0.990218404138042,55.9987865427245,2.31520000000001,2.33240125324533,-0.0467612355631974,-0.556735362392384
"9142145","2013-11-29",14.6088248004277,0.833333333333336,0.601010101010105,0.523088023088025,2.47936788684905,2.23896544648429,2.35916666666667,1.32153908130188,69.5109882162536,2.32840000000001,2.36008108614595,0.654524868310857,-0.314483316251736
"9142144","2013-12-02",16.9098098053026,0.571428571428573,0.639971139971144,0.571909571909574,2.51241586397907,2.22691746935427,2.36966666666667,1.0966174820604,63.0001384559115,2.33720000000001,2.37740360799316,1.02210540073291,-0.0471655728548067
"9142143","2013-12-03",17.4157635455687,0.314285714285715,0.573015873015877,0.604665704665707,2.51796681892707,2.23336651440627,2.37566666666667,0.690911016152337,53.3190572771157,2.34040000000001,2.38041646026074,0.995385823393624,0.161344706394879
"9142142","2013-12-04",18.4307814766373,0.171428571428572,0.352380952380956,0.521789321789324,2.52186123803654,2.23613876196346,2.379,0.631829554273601,48.8297527961216,2.34040000000001,2.37636093222597,0.795703076185683,0.28821638035304
"9142141","2013-12-05",19.7017378685208,0.371428571428572,0.285714285714288,0.403703703703706,2.5336025862489,2.23673074708444,2.38516666666667,0.808213807875891,54.5937640530888,2.34400000000001,2.38217947459584,0.864625343046499,0.403498172891732
"9142140","2013-12-06",20.8819116609841,0.485714285714287,0.342857142857146,0.326984126984129,2.54811619654403,2.23555047012264,2.39183333333334,0.846060548304764,57.5372505706737,2.35000000000001,2.39255554464973,1.04165874137396,0.531130286588178
"9142139","2013-12-09",22.5248823754935,0.583333333333335,0.480158730158733,0.369576719576721,2.56479678863665,2.24786987803002,2.40633333333334,0.953311668585255,60.308220439943,2.35760000000001,2.40688147202977,1.29975291283233,0.684854811837009
"9142138","2013-12-10",23.8640519524144,0.555555555555558,0.541534391534395,0.454850088183423,2.57899420575932,2.25300579424068,2.416,0.839480370333157,59.2669560719601,2.36560000000001,2.4179639424258,1.45206214090952,0.83829627765151
"9142137","2013-12-11",25.3398123699618,0.527777777777779,0.555555555555559,0.525749559082895,2.5927812522501,2.2552187477499,2.424,0.814015918790934,58.1850719364117,2.37160000000001,2.42623541676902,1.52066773955106,0.974770570031421
"9142136","2013-12-12",26.3155053601753,0.406250000000001,0.496527777777781,0.531205908289244,2.59931859791939,2.26001473541395,2.42966666666667,0.677815050167203,55.9839390562863,2.37640000000001,2.43073736119982,1.49080650998497,1.07797775802213
"9142135","2013-12-13",25.6695825165777,0.066666666666667,0.333564814814818,0.461882716049385,2.59586901910517,2.2727976475615,2.43433333333334,0.414363607847782,47.3105322448724,2.37760000000001,2.42263904637318,1.15501456358726,1.09338511913516
"9142134","2013-12-16",26.1529526879136,0.200000000000001,0.224305555555558,0.351466049382718,2.59614787731846,2.28718545601487,2.44166666666667,0.602493586543809,50.9478908154445,2.38560000000001,2.42095384019009,1.01024068754569,1.07675623281726
"9142133","2013-12-17",26.6017964184397,0.633333333333335,0.300000000000003,0.285956790123459,2.60408276318084,2.29958390348584,2.45183333333334,0.789546787646351,60.4934160038995,2.39480000000001,2.43682666149808,1.31190851840297,1.12378668993441
"9142132","2013-12-18",25.9749029258071,0.400000000000002,0.411111111111115,0.311805555555558,2.60587728693147,2.31512271306853,2.4605,0.681711099610202,54.3592570554134,2.39960000000001,2.44124977329833,1.30273320045295,1.15957599203812
"9142131","2013-12-19",25.116466232682,0.333333333333335,0.455555555555559,0.388888888888891,2.60082286390851,2.33551046942483,2.46816666666667,0.557165315235947,52.7145297904053,2.40320000000001,2.44241647019189,1.21521572967005,1.1707039395645
"9142130","2013-12-20",24.7252592980511,0.466666666666669,0.400000000000004,0.422222222222225,2.59173988269558,2.36592678397109,2.47883333333334,0.697065627509462,55.6075043794764,2.41080000000001,2.44876094083297,1.26305846517905,1.18917484468741
"9142129","2013-12-23",24.0685220217343,0.400000000000002,0.400000000000004,0.418518518518521,2.58396872733344,2.38769793933323,2.48583333333334,0.555195851831599,53.8340158943917,2.41760000000001,2.45159281538857,1.22066530846827,1.19547293744358
"9142128","2013-12-24",23.6738760278344,0.321428571428572,0.39603174603175,0.398677248677251,2.58309281099707,2.39624052233627,2.48966666666667,0.53746274691184,52.925125419904,2.42400000000001,2.45271377333676,1.14092199258828,1.18456274847252
"9142127","2013-12-26",23.3074190334988,0.357142857142859,0.359523809523813,0.385185185185188,2.58109475410767,2.406571912559,2.49383333333334,0.535334438815817,53.765752260563,2.43040000000001,2.45501860355853,1.09788562628006,1.16722732403403
"9142126","2013-12-27",22.7955703823293,0.321428571428572,0.333333333333336,0.362962962962965,2.57870135317797,2.41529864682203,2.497,0.457161052248701,52.7512992735785,2.43600000000001,2.45568278975073,1.01910724262122,1.13760330775147
"9142125","2013-12-30",22.1431270954516,0.307692307692309,0.328754578754582,0.340537240537242,2.57044796661825,2.41621870004842,2.49333333333334,0.435161463045177,51.7007706294146,2.44240000000001,2.45492508445063,0.913292839965685,1.09274121419431
"9142124","2013-12-31",22.1732859742344,0.307692307692309,0.312271062271066,0.324786324786327,2.5655222812973,2.41714438536937,2.49133333333334,0.558409418818511,51.7007706294146,2.44720000000001,2.45426840652388,0.82000061898202,1.03819309515185
"9142123","2014-01-02",22.2012906473899,0.521739130434785,0.37904124860647,0.340022296544038,2.56622299321102,2.42611034012232,2.49616666666667,0.7176819818028,55.7855475777694,2.45240000000001,2.45903261898736,0.867429189672553,1.00404031405599
"9142122","2014-01-03",22.2272949867486,0.782608695652176,0.537346711259759,0.409553007379097,2.57009624508539,2.43723708824795,2.50366666666667,0.974186360200079,61.0999479512402,2.46000000000001,2.47116160312238,1.08824870398252,1.0208819920413
"9142121","2014-01-06",20.9139268809186,0.36842105263158,0.557589626239516,0.491325862035247,2.57026867548833,2.43973132451168,2.505,0.4872322622284,53.0835149971331,2.46400000000001,2.4723400560394,1.02208586490646,1.02112276661433
"9142120","2014-01-07",20.4166842274644,0.533333333333334,0.561454360539032,0.552130232679434,2.57617781742169,2.43915551591164,2.50766666666667,0.833279080583203,57.3844697048271,2.46360000000001,2.48002804856748,1.11947248775512,1.04079271084249
"9142119","2014-01-08",20.8978254753138,0.0434782608695645,0.315077548944828,0.478040511907791,2.57364900015881,2.44001766650786,2.50683333333334,0.698306783865638,50.4162383696991,2.46240000000001,2.47735764209181,0.957542042068926,1.02414257708778
"9142118","2014-01-09",22.2352158221474,0.484848484848486,0.35388669301713,0.410139534166996,2.61026465604541,2.41740201062126,2.51383333333334,1.29244652585376,61.269478943257,2.47080000000001,2.4950432898129,1.30084866126672,1.07948379392357
"9142117","2014-01-10",24.6387451609039,0.433962264150944,0.320763003289667,0.329909081750541,2.67729911312024,2.37536755354644,2.52633333333334,1.34014624713208,65.1077878785059,2.48400000000001,2.51970418450452,1.77340172041895,1.21826737922264
"9142116","2014-01-13",26.8705938326064,0.735849056603775,0.551553268534404,0.408734321613732,2.76035994395931,2.33130672270737,2.54583333333334,1.27884665611318,71.9503742030961,2.50080000000001,2.56241029323725,2.61591162828696,1.49779622903551
"9142115","2014-01-14",27.7062372001148,0.584905660377359,0.584905660377361,0.485740644067143,2.80291512345175,2.33041820988159,2.56666666666667,1.04321342488208,65.0783740209317,2.51280000000001,2.58875558747228,2.9845878816362,1.79515455955565
"9142114","2014-01-15",26.5713756404981,0.283018867924529,0.534591194968556,0.557016707960106,2.81409257451234,2.33990742548766,2.577,0.7172147318655,53.974947710206,2.51680000000001,2.59025484247598,2.74398610798523,1.98492086924156
"9142113","2014-01-16",25.517575620854,0.377358490566038,0.415094339622644,0.511530398322853,2.82878561175887,2.34221438824113,2.5855,0.755872098435877,56.4741547731918,2.52320000000001,2.59822086347918,2.67739759660488,2.12341621471423
"9142112","2014-01-17",23.7441223288658,0.207547169811321,0.289308176100631,0.412997903563943,2.83109933406978,2.34890066593023,2.59,0.527651120200673,51.0957899783524,2.52640000000001,2.59312474834862,2.31845297221278,2.16242356621394
"9142111","2014-01-21",22.5422856057662,0.113207547169811,0.232704402515725,0.312368972746332,2.83077926038671,2.3582207396133,2.5945,0.45520836946919,48.3413610683467,2.52840000000001,2.58204144856881,1.8569176376068,2.10132238049251
"9142110","2014-01-22",21.426294362888,0.173076923076923,0.16461054668602,0.228874375100791,2.83108320002366,2.36225013330967,2.59666666666667,0.436011339365908,50.6340675810992,2.53560000000001,2.5777692554263,1.59750849734523,2.00055960386306
"9142109","2014-01-23",20.616374350922,0.173076923076923,0.153120464441221,0.183478471214321,2.83224249413869,2.37242417252798,2.60233333333333,0.516673251817825,50.6340675810992,2.54120000000001,2.57406668803613,1.37610721978552,1.87566912704755
"9142108","2014-01-24",20.5451574854334,0.442307692307693,0.262820512820515,0.193517174649251,2.84546133202284,2.3828720013105,2.61416666666667,0.757607901339101,58.1699086305413,2.54720000000001,2.58952446296464,1.61951950075798,1.82443920178963
"9142107","2014-01-27",20.1657883601947,0.384615384615386,0.333333333333336,0.24975810353169,2.85136379527439,2.39630287139228,2.62383333333334,0.652726802835751,56.1904571853119,2.55480000000001,2.59892120123602,1.69742339747998,1.7990360409277
"9142106","2014-01-28",20.6392909146079,0.442307692307693,0.423076923076926,0.339743589743591,2.86249599651534,2.41150400348467,2.637,0.757949886319645,57.7391641017685,2.56440000000001,2.61106504107122,1.82964783828115,1.80515840039839
"9142105","2014-01-29",21.0789718579915,0.382978723404256,0.403300600109114,0.386570285506457,2.86842873233875,2.43157126766126,2.65,0.71364710661917,57.7391641017685,2.57240000000001,2.62158970226172,1.91076534460624,1.82627978923996
"9142104","2014-01-30",21.8105579377172,0.425531914893618,0.416939443535191,0.414438988907076,2.87698854135893,2.4503447919744,2.66366666666667,0.757045056501751,58.8635249114825,2.58200000000001,2.63337774196016,2.01176490197768,1.8633768117875
"9142103","2014-01-31",22.489887868891,0.644444444444445,0.484318360914109,0.43485280151947,2.89479928946439,2.46320071053562,2.679,0.857585360258571,63.5616398530998,2.59560000000001,2.65559404303214,2.33672762698263,1.95804697482653
"9142102","2014-02-03",22.2649127636452,0.500000000000001,0.52332545311269,0.474861085853996,2.90328002455111,2.47605330878223,2.68966666666667,0.711441209079722,58.0121187875157,2.60600000000001,2.66551483729452,2.35142812867792,2.03672320559681
"9142101","2014-02-04",21.6028609082345,0.461538461538463,0.535327635327639,0.514323816451478,2.89967229721697,2.5049943694497,2.70233333333334,0.637664990897009,55.0541272442338,2.61520000000001,2.66877952565525,2.21582431808411,2.07254342809427
"9142100","2014-02-05",21.4795570452785,0.681818181818183,0.547785547785551,0.535479545408626,2.91332163085602,2.52167836914398,2.7175,0.855340383129045,61.4110520852803,2.62960000000001,2.68760892223455,2.44053481592865,2.14614170566115
"9142099","2014-02-06",21.3650606011052,0.681818181818183,0.608391608391612,0.5638349305016,2.91911387388928,2.54821945944406,2.73366666666667,0.831630769322796,61.4110520852803,2.64400000000001,2.70392773260328,2.5852621132457,2.23396578717806
"9142098","2014-02-07",20.7653564970787,0.590909090909092,0.651515151515155,0.602564102564105,2.92451136670798,2.55548863329203,2.74,0.644525874705979,58.2273501794274,2.65520000000001,2.71273736825617,2.54929124966154,2.29703087967475
"9142097","2014-02-10",20.8174302101304,0.550000000000001,0.607575757575761,0.622494172494175,2.92861276355935,2.55505390310732,2.74183333333334,0.700325413892679,58.2273501794274,2.66400000000001,2.72037238582202,2.4910934190993,2.33584338755966
"9142096","2014-02-11",20.86578437225,0.650000000000001,0.596969696969701,0.618686868686871,2.92143699213152,2.55822967453515,2.73983333333334,0.775783724098798,60.596487137925,2.67720000000001,2.73232273437908,2.53294180433077,2.37526307091388
"9142095","2014-02-12",20.9106846656467,0.620689655172415,0.606896551724142,0.603814002089867,2.92557292107976,2.55676041225358,2.74116666666667,0.795091220413626,62.3224321296812,2.68960000000001,2.74667970312854,2.62221997521956,2.42465445177502
"9142094","2014-02-13",20.0063870899015,0.379310344827587,0.550000000000003,0.584622082897947,2.92938038253715,2.56328628412953,2.74633333333334,0.601066911924923,56.1429932555695,2.70200000000001,2.74978907604473,2.45793022484091,2.4313096063882
"9142093","2014-02-14",19.7658295442724,0.346153846153846,0.448717948717952,0.535204833480698,2.93559643025968,2.56707023640699,2.75133333333334,0.65919266430791,56.801947797286,2.70880000000001,2.75381719923877,2.32994328202647,2.41103634151585
"9142092","2014-02-18",22.1659937582307,0.151515151515152,0.292326447498864,0.430348132072272,2.96578900207451,2.57421099792549,2.77,1.02777904907042,57.489798702053,2.71320000000001,2.7586415726736,2.2317156795771,2.3751722091281
"9142091","2014-02-19",24.5515972874024,0.253521126760564,0.25039670814319,0.330480368120001,3.00263131014068,2.58470202319265,2.79366666666667,1.10536556757617,62.6180237492335,2.71440000000001,2.77348936298379,2.35905094501567,2.37194795630562
"9142090","2014-02-20",26.7668005644904,0.535211267605634,0.313415848627119,0.285379668089723,3.06476001651033,2.58290665015634,2.82383333333334,1.2184066582039,71.782651159099,2.72680000000001,2.81302411458595,2.99784125481133,2.49712661600676
"9142089","2014-02-21",28.8237750360721,0.647887323943663,0.478873239436623,0.347561932068976,3.12383230705881,2.58250102627453,2.85316666666667,1.13454674095746,74.4779829022121,2.74880000000001,2.85795423264116,3.67400012179933,2.73250131716527
"9142088","2014-02-24",30.7338227596836,0.647887323943663,0.610328638497656,0.467539242187131,3.17594135572469,2.57539197760865,2.87566666666667,1.01230869247061,74.4779829022121,2.76880000000001,2.896893668289,4.1457700613911,3.01515506601044
"9142087","2014-02-25",32.5074385030373,0.682539682539684,0.659438110142339,0.582879996025538,3.22437514802133,2.57929151864535,2.90183333333334,0.988050415475406,76.1306521871776,2.79440000000001,2.93730784585047,4.59078832899342,3.33028171860703
"9142086","2014-02-26",34.1543674075799,0.682539682539684,0.670988896341013,0.646918548327001,3.26749087579088,2.58250912420913,2.925,0.925802097637129,76.1306521871777,2.82200000000001,2.97233346640374,4.87398670535619,3.63902271595687
"9142085","2014-02-27",35.8176689720709,0.698412698412699,0.687830687830692,0.672752564771347,3.30630853876181,2.5926914612382,2.9495,0.897738986738222,76.483864854431,2.84840000000001,3.00402233754991,5.05656655278759,3.92253148332301
"9142084","2014-02-28",37.576310544832,0.746031746031747,0.708994708994713,0.689271431055471,3.34740526562879,2.60126140103788,2.97433333333334,0.896259596436897,77.5568305662525,2.87600000000001,3.03548602587659,5.21185078015143,4.18039534268869
"9142083","2014-03-03",38.7104154035875,0.698412698412699,0.714285714285718,0.703703703703706,3.37718900428043,2.61114432905291,2.99416666666667,0.807858459120918,73.9244393313679,2.89680000000001,3.05875455575971,5.18828217311658,4.38197270877427
"9142082","2014-03-04",40.004483038585,0.634920634920636,0.693121693121697,0.705467372134041,3.39800010912264,2.6343332242107,3.01616666666667,0.766913935068474,69.2662447161712,2.91720000000001,3.07358728165841,5.00284032346494,4.50614623171241
"9142081","2014-03-05",41.548478036764,0.777777777777779,0.703703703703707,0.703703703703706,3.42600392325799,2.66132941007535,3.04366666666667,0.84393718564696,73.3372505338903,2.94000000000001,3.09844231077063,5.02894458856635,4.6107059030832
"9142080","2014-03-06",42.9821876779303,0.903225806451614,0.771974739716679,0.72293337884736,3.46464628017678,2.67302038648989,3.06883333333334,0.867808416814914,76.3376319094418,2.96600000000001,3.13065000266788,5.18951659026734,4.72646804052002
"9142079","2014-03-07",43.6152333255181,0.836065573770493,0.839023052666631,0.771567165362338,3.49133093048448,2.69366906951553,3.0925,0.797745212127227,71.976332235905,2.98960000000001,3.15323000231216,5.14747982295662,4.81067039700734
"9142078","2014-03-10",44.0292701373971,0.792452830188681,0.843914736803598,0.818304176395635,3.50502302752269,2.73297697247732,3.119,0.7646646945451,70.8859912084698,3.00920000000001,3.17146600200387,5.02642312174213,4.8538209419543
"9142077","2014-03-11",44.4137328912848,0.696969696969699,0.775162700309627,0.819366829926618,3.51430640580955,2.77469359419045,3.1445,0.746300042136749,71.3533296180362,3.03200000000001,3.18860386840336,4.89607054231946,4.86227086202733
"9142076","2014-03-12",43.5422500763928,0.320000000000001,0.603140842386129,0.740739426499784,3.51134342323264,2.82032324343404,3.16583333333334,0.64591952055976,63.6510740128713,3.05360000000001,3.19412335261624,4.56173459308014,4.80216360823789
"9142075","2014-03-13",42.2566007474969,0.200000000000002,0.40565656565657,0.594653369450774,3.5005641808589,2.87076915247444,3.18566666666667,0.596856909392368,60.6304122212712,3.06920000000001,3.19490690560074,4.17287004770188,4.67630489613069
"9142074","2014-03-14",40.6007073340864,0,0.173333333333337,0.394043580458677,3.46178319777441,2.95155013555893,3.20666666666667,0.493467037751606,57.6824316974295,3.08360000000001,3.19158598485398,3.74606340800425,4.4902565985054
"9142073","2014-03-17",39.1680732337235,0.217391304347828,0.139130434782612,0.239373444590838,3.40702073505142,3.04931259828192,3.22816666666667,0.533080973332615,61.079080274465,3.10160000000001,3.19537452020678,3.4939361519067,4.29099250918566
"9142072","2014-03-18",36.9334646235923,0,0.072463768115945,0.128309178743964,3.37757732382804,3.09908934283863,3.23833333333334,0.290535544384752,55.33889003454,3.11720000000001,3.19065791751254,3.10681223163418,4.05415645367537
"9142071","2014-03-19",34.8499935091259,0,0.072463768115945,0.0946859903381663,3.36463911163798,3.11869422169536,3.24166666666667,-0.0217971122037712,48.0450185797338,3.12760000000001,3.17457019517754,2.54283830096151,3.7518928231326
"9142070","2014-03-20",32.9153417599785,0.242424242424243,0.0808080808080834,0.07524520567999,3.36486891378662,3.11813108621339,3.2415,0.196709118057196,53.8658181494298,3.14000000000001,3.17129416915387,2.27313579482209,3.4561414174705
"9142069","2014-03-21",30.7101667210516,0.242424242424243,0.161616161616164,0.104962670180063,3.36561816636906,3.11538183363094,3.2405,0.24490781320657,53.8658181494299,3.15520000000001,3.16845494660002,2.03604893954334,3.17212292188507
"9142068","2014-03-24",29.4861611310496,0.0303030303030311,0.171717171717175,0.13804713804714,3.37230739809195,3.10135926857472,3.23683333333333,0.0318907218170463,48.3668560156311,3.16720000000001,3.15666095372001,1.65048556301581,2.86779545011122
"9142067","2014-03-25",29.1307988355603,0,0.0909090909090938,0.141414141414143,3.38217031359603,3.07749635307064,3.22983333333333,-0.00272319433714,42.9681381219947,3.17560000000001,3.13577282655735,1.12593515680131,2.51942339144923
"9142066","2014-03-26",28.8008195611774,0.205128205128206,0.0784770784770813,0.113701113701116,3.38616632373078,3.06216700960256,3.22416666666667,0.127056823689705,49.0880754422731,3.18400000000001,3.12833644968303,0.905197492246468,2.19657821160868
"9142065","2014-03-27",29.6580185097833,0,0.0683760683760709,0.0792540792540809,3.40517183010902,3.01782816989098,3.2115,-0.0976604854451107,40.3459782631007,3.17840000000001,3.1018915897253,0.336554077436291,1.8245733847742
"9142064","2014-03-28",30.9202952326988,0,0.0683760683760709,0.0717430717430732,3.42722591184107,2.95877408815894,3.193,-0.125464530582807,36.6020427495484,3.16640000000001,3.06830604442859,-0.324351292241143,1.39478844937113
"9142063","2014-03-31",32.0924093325489,0.10204081632653,0.0340136054421792,0.0569219140647725,3.44027859891013,2.91405473442321,3.17716666666667,-0.00137090150895252,40.3290138526178,3.15640000000001,3.04586523850478,-0.712806160547552,0.973269527387396
"9142062","2014-04-01",33.5594471270437,0,0.0340136054421792,0.0454677597534753,3.45187254357976,2.86879412308691,3.16033333333334,0.0249352569661849,37.045568839588,3.14160000000001,3.01708320670414,-1.19731047312611,0.539153527284695
"9142061","2014-04-02",34.921696507646,0.0444444444444446,0.048828420256994,0.0389518770471163,3.44542864091702,2.83357135908298,3.1395,0.0922251685031372,38.584111432686,3.12760000000001,2.99480544581026,-1.51464565879553,0.128393690068649
"9142060","2014-04-03",36.5848796027064,0,0.0148148148148172,0.032552280171329,3.43088394013099,2.79411605986901,3.1125,0.0406489412128294,34.9090398828048,3.11000000000001,2.96483138636889,-1.96493306016481,-0.290271659978042
"9142059","2014-04-04",38.5723333758887,0,0.0148148148148172,0.0261526832955417,3.42912893103086,2.73353773563581,3.08133333333334,-0.0386305478663865,30.5940337389046,3.08680000000001,2.9241872015197,-2.60200491030693,-0.75261831004382
"9142058","2014-04-07",40.4178261652722,0.0175438596491225,0.00584795321637648,0.0118258609486692,3.41499370703945,2.68667295962722,3.05083333333334,0.0366052646458847,31.423900352207,3.06520000000001,2.89029557465041,-3.05502886212212,-1.21310042045948
"9142057","2014-04-08",41.2793450605933,0.175438596491228,0.0643274853801191,0.0283300844704365,3.38194226722569,2.66605773277431,3.024,0.173131645204028,38.5457177084596,3.04880000000001,2.87292283136369,-3.13197959997662,-1.59687625636291
"9142056","2014-04-09",42.4140604130682,0.0526315789473682,0.0818713450292418,0.050682261208578,3.35750154463678,2.63816512202989,2.99783333333334,0.146201704791081,35.4610404011145,3.02600000000001,2.8485331205152,-3.35580706869579,-1.94866241882949
"9142055","2014-04-10",43.4677246689378,0.228070175438597,0.152046783625733,0.0994152046783636,3.32561977611744,2.62604689054923,2.97583333333334,0.258185787133146,42.5358859149543,3.00400000000001,2.8407287044465,-3.21528416751231,-2.20198676856605
"9142054","2014-04-11",44.7998151259994,0.0877192982456139,0.122807017543862,0.118908382066278,3.29956382817103,2.60710283849564,2.95333333333334,0.211175065480935,38.8653285581748,2.98040000000001,2.8232982105203,-3.29570212362379,-2.4207298395776
"9142053","2014-04-14",46.1574458813548,0.0408163265306124,0.11886860007161,0.131240800413734,3.26027424629177,2.59605908704156,2.92816666666667,0.211689808139617,37.5565150467984,2.95600000000001,2.80419178245093,-3.40964579508382,-2.61851303067884
"9142052","2014-04-15",47.4181030113277,0.238095238095238,0.122210287623824,0.121295301746431,3.22502958830805,2.59130374502529,2.90816666666667,0.297756919612504,43.0628724319195,2.93440000000001,2.79829954479081,-3.23433636779829,-2.74167769810273
"9142051","2014-04-16",48.968917585461,0,0.0929705215419524,0.111349803079128,3.20276995846133,2.57123004153868,2.887,0.18806405625168,38.4934736413425,2.91160000000001,2.77985960548537,-3.3477284622748,-2.86288785093714
"9142050","2014-04-17",50.2206087095794,0.0606060606060608,0.0995670995671019,0.104915969577625,3.16141553422779,2.56658446577221,2.864,0.235499132986048,39.8677627616004,2.89080000000001,2.76654499142065,-3.34396396176689,-2.95910307310309
"9142049","2014-04-21",47.9671043436527,0.11764705882353,0.0594177064765326,0.0839851091951945,3.10651764396221,2.58381568937113,2.84516666666667,0.41359001765738,41.2806986962908,2.87200000000001,2.7576723258979,-3.24690064495622,-3.01666258747372
"9142048","2014-04-22",45.5590191493178,0.351351351351352,0.17653482359365,0.11183987654576,3.06516738505636,2.60116594827698,2.83316666666667,0.579381938101293,47.2835608756541,2.85480000000001,2.76198268244484,-2.87389207426548,-2.98810848483207
"9142047","2014-04-23",43.3229400402927,0.729729729729732,0.399576046634874,0.211842858901684,3.03842794937704,2.61557205062297,2.827,0.798762140260002,54.9915600996761,2.84560000000001,2.7843849914522,-2.14584002241133,-2.81965479234792
"9142046","2014-04-24",41.5799543257487,0.621621621621624,0.567567567567572,0.381226145932031,2.99339940193557,2.6422672647311,2.81783333333333,0.790963588465763,52.6240256758109,2.83840000000001,2.79846699259191,-1.66699198007847,-2.58912222989403
"9142045","2014-04-25",40.2053525596918,0.540540540540542,0.630630630630635,0.532591414944359,2.97526042168208,2.65073957831793,2.813,0.716729787227904,50.855607165325,2.82680000000001,2.80667139357965,-1.35868037275387,-2.343033858466
"9142044","2014-04-28",38.672495636292,0.540540540540542,0.567567567567571,0.588588588588592,2.97374343225212,2.65125656774788,2.8125,0.740319865800235,50.855607165325,2.81520000000001,2.8137818744357,-1.10177802400708,-2.09478269157422
"9142043","2014-04-29",36.7448765280457,0.540540540540542,0.540540540540544,0.579579579579582,2.97204721525572,2.65195278474428,2.812,0.785332466383123,50.855607165325,2.80640000000001,2.81994429117761,-0.888051922888133,-1.853436537837
"9142042","2014-04-30",36.8318648671675,0.289156626506024,0.456745902529038,0.521618003545717,3.02353810150332,2.62179523183002,2.82266666666667,1.18202828396885,53.4600775650197,2.80240000000001,2.83061838568726,-0.597848886117858,-1.60231900749317
"9142041","2014-05-01",36.9126397534948,0.771084337349398,0.533593834798657,0.510293425956079,3.14296852720394,2.54636480612939,2.84466666666667,1.31349364107081,70.3705000380675,2.81120000000001,2.89320260092896,0.746389110795675,-1.1325773838354
"9142040","2014-05-02",37.0328698820749,0.783132530120483,0.614457831325304,0.534932522884332,3.23840207879519,2.50293125453815,2.87066666666667,1.13813997490307,70.6575450085578,2.82640000000001,2.94877558747176,1.79362838406212,-0.547336230255898
"9142039","2014-05-05",35.9909638329663,0.63855421686747,0.730923694779119,0.626325120301026,3.2946973635435,2.50196930312317,2.89833333333333,0.95623043351701,62.7957486323171,2.84000000000001,2.98093884247553,2.25578791440519,0.01328859867632
"9142038","2014-05-06",34.1954611412036,0.518072289156627,0.646586345381529,0.663989290495317,3.31928480322405,2.51971519677596,2.9195,0.771604454340603,57.0946076874066,2.84760000000001,2.99548033014546,2.32105902660151,0.474842684261359
"9142037","2014-05-07",32.2932089019896,0.469135802469136,0.541920769497747,0.639810269886131,3.33797058918977,2.53236274414356,2.93516666666667,0.708745070819189,55.4676464267328,2.85680000000001,3.00408295279273,2.26494719962675,0.832863587334438
"9142036","2014-05-08",30.5049181768704,0.265822784810127,0.417676958811966,0.535394691230413,3.34179295180195,2.55420704819806,2.948,0.566024543814272,48.0889137903781,2.85920000000001,2.99153855908703,1.79741725583691,1.02577432103493
"9142035","2014-05-09",28.8443625035454,0.242857142857143,0.325938576712138,0.428512101673949,3.34837594261304,2.56929072405363,2.95883333333334,0.582789402832289,50.4548686192556,2.86680000000001,2.98733341787543,1.54344652324183,1.12930876147631
"9142034","2014-05-12",27.1340887517581,0.142857142857143,0.21717902350814,0.320264853010747,3.35385728314139,2.59414271685862,2.974,0.608812796720677,49.9643882994485,2.87840000000001,2.98235562882537,1.30022552932973,1.163492115047
"9142033","2014-05-13",25.7471382713866,0.460317460317461,0.282010582010585,0.275042727410287,3.37279221898647,2.62154111434687,2.99716666666667,0.769994056688457,58.6270222852481,2.89760000000001,3.00470821164866,1.62716163738155,1.25622601951391
"9142032","2014-05-14",23.9979272702686,0.365079365079365,0.322751322751326,0.273980309423349,3.38223265346232,2.64843401320435,3.01533333333334,0.674434774034194,55.5214781254584,2.91080000000001,3.0160804500955,1.7032194598529,1.34562470758171
"9142031","2014-05-15",22.5632354788964,0.285714285714286,0.370370370370373,0.32504409171076,3.37383131487285,2.69950201846048,3.03666666666667,0.618636399791054,53.0018616802037,2.92480000000001,3.0192697234161,1.61070434253796,1.39864063457296
"9142030","2014-05-16",21.2310216726223,0.380952380952382,0.343915343915347,0.345679012345681,3.36372372207665,2.75460961125669,3.05916666666667,0.660068529472658,55.6054312428199,2.93720000000001,3.03003376029395,1.67759943526076,1.45443239471052
"9142029","2014-05-19",19.9939659953677,0.338983050847458,0.335216572504711,0.34983409559681,3.35745463145469,2.79421203521198,3.07583333333334,0.602087449322139,55.6054312428199,2.95280000000001,3.03936259225476,1.70994115708369,1.50553414718515
"9142028","2014-05-20",19.3331878481935,0.26530612244898,0.328413851416276,0.335848589278777,3.3523291456956,2.82167085430441,3.087,0.511934861729432,52.2485778718328,2.96720000000001,3.03944757995413,1.5580810585843,1.51604352946498
"9142027","2014-05-21",19.0292032243454,0.183673469387755,0.262654214228067,0.308761546049684,3.35068957829481,2.83297708837186,3.09183333333334,0.419195819788774,50.0780949077474,2.97680000000001,3.03418790262691,1.31643613495462,1.47612205056291
"9142026","2014-05-22",18.3384345562077,0.469387755102042,0.306122448979595,0.299063504874645,3.35142012835344,2.8559132049799,3.10366666666667,0.606961169460881,56.8365951110349,2.99600000000001,3.04829618227665,1.47918654509578,1.47673494946948
"9142025","2014-05-23",18.2514626522481,0.410256410256411,0.354439211582072,0.30773862492991,3.34105323618108,2.88861343048559,3.11483333333334,0.481949716705151,52.9748500094031,3.01160000000001,3.05119002463977,1.40588058103936,1.46256407578346
"9142024","2014-05-27",18.6705735006665,0.230769230769231,0.37013779870923,0.343566486423631,3.32699320271457,2.91834013061877,3.12266666666667,0.314023177140862,49.3629064334134,3.02360000000001,3.04436468802113,1.14935349970582,1.39992196056793
"9142023","2014-05-28",18.4186970817459,0.53846153846154,0.393162393162396,0.372579801151232,3.31274061255484,2.95692605411183,3.13483333333334,0.533257024066446,55.0242270030819,3.03680000000001,3.05444939628498,1.24919110617363,1.36977578968907
"9142022","2014-05-29",18.8187312565838,0.228571428571428,0.332600732600736,0.365300308157453,3.31272242119094,2.95594424547574,3.13433333333334,0.366396910149796,50.4669831517628,3.04080000000001,3.05118947678032,1.07773203843706,1.31136703943867
"9142021","2014-05-30",18.66852268554,0.42857142857143,0.398534798534802,0.374765974765977,3.27989939256584,2.97076727410083,3.12533333333334,0.579793283173373,53.6803049692023,3.04920000000001,3.05769754654294,1.11393467210639,1.27188056597221
"9142020","2014-06-02",18.5290432981422,0.533333333333336,0.3968253968254,0.375986975986978,3.24092069522377,2.99441263810957,3.11766666666667,0.779909714951139,56.2973153941113,3.06120000000001,3.07133787367055,1.2851131203961,1.27452707685699
"9142019","2014-06-03",17.9676181890406,0.464285714285716,0.47539682539683,0.423585673585677,3.22253764024957,3.00479569308377,3.11366666666667,0.804641958964477,54.6351784041733,3.07200000000001,3.07915949051448,1.32564276319345,1.28475021412428
"9142018","2014-06-04",18.0138760396213,0.214285714285715,0.403968253968258,0.425396825396829,3.22124151260655,3.00442515406012,3.11283333333334,0.533054086484575,50.8617841141852,3.08000000000001,3.07660489177921,1.16072687623159,1.25994554654574
"9142017","2014-06-05",18.2116968844648,0.142857142857144,0.273809523809527,0.384391534391538,3.22099327731773,3.00200672268227,3.1115,0.340933917649322,49.8034187536192,3.08560000000001,3.07172423954198,0.966437004539933,1.20124383814458
"9142016","2014-06-06",18.3953876689624,0.142857142857144,0.16666666666667,0.281481481481484,3.21429709486118,3.01503623847216,3.11466666666667,0.242381247056797,49.8034187536192,3.07520000000001,3.06749434093639,0.803177660610355,1.12163060263774
"9142015","2014-06-09",18.4347060438845,0.214285714285715,0.16666666666667,0.202380952380955,3.20951147271461,3.02548852728539,3.1175,0.296221064104058,50.98627270234,3.06520000000001,3.0664950954782,0.718145096555656,1.04093350142132
"9142014","2014-06-10",18.3342622238577,0.285714285714287,0.214285714285718,0.182539682539685,3.20779936453779,3.03120063546221,3.1195,0.37070499627682,52.1993145737748,3.06080000000001,3.06829574941444,0.695370014223684,0.971820803981793
"9142013","2014-06-11",18.3421191969789,0.25,0.250000000000003,0.210317460317463,3.19499914441712,3.03266752224955,3.11383333333334,0.332647106559273,51.5128340919788,3.06000000000001,3.06852298282585,0.643565779980193,0.906169799181473
"9142012","2014-06-12",17.9073868944149,0.214285714285715,0.250000000000003,0.238095238095241,3.19178304217438,3.03055029115896,3.11116666666667,0.36871980702825,50.7934582335183,3.06000000000001,3.06738658511574,0.569639890055429,0.838863817356264
"9142011","2014-06-13",17.9410880612437,0.0714285714285718,0.178571428571432,0.226190476190479,3.19190632205843,3.02476034460824,3.10833333333334,0.21083160916785,47.9112672964505,3.06440000000001,3.06106837376697,0.401067330641314,0.751304520013274
"9142010","2014-06-16",18.2834636673969,0,0.0952380952380982,0.174603174603177,3.1894809865313,3.01418568013537,3.10183333333334,0.0711997758976338,45.8116652325378,3.06560000000001,3.05159259059804,0.185856706981746,0.638214957406969
"9142009","2014-06-17",17.1013818590677,0.137931034482758,0.0697865353037791,0.114532019704435,3.18646129513,3.01353870487001,3.1,0.480723551918087,49.0196032157642,3.06880000000001,3.0487135785183,0.119529965335485,0.534477958992672
"9142008","2014-06-18",16.0037344656191,0.310344827586208,0.149425287356324,0.1048166392994,3.18627947044173,3.01305386289161,3.09966666666667,0.424953358895041,52.7824641945595,3.06600000000001,3.05288510138253,0.197035250005295,0.466989417195197
"9142007","2014-06-19",15.4506737225111,0.275862068965517,0.24137931034483,0.15353037766831,3.18548539049075,3.01818127617593,3.10183333333334,0.449194315783481,51.956484447421,3.06520000000001,3.05516708786486,0.229274778063804,0.419446489368918
"9142006","2014-06-20",14.930009550768,0,0.195402298850578,0.195402298850577,3.18075191428284,3.01024808571716,3.0955,0.115844403313377,44.4633045854523,3.06240000000001,3.04381147614954,-0.00974122198486027,0.333608947098162
"9142005","2014-06-23",14.4465356770065,0.25925925925926,0.178373776074928,0.205051795090111,3.17961446722991,3.00671886610343,3.09316666666667,0.308169401357956,49.9091750532973,3.06000000000001,3.04330327932961,-0.0136739444145717,0.264152368795616
"9142004","2014-06-24",14.4288702669456,0.115384615384615,0.124881291547961,0.166219122157821,3.18150232771647,3.00249767228353,3.092,0.116397313798391,47.0688533889093,3.05600000000001,3.03752950875232,-0.121620162593705,0.186997862517751
"9142003","2014-06-25",15.4861553481871,0,0.124881291547961,0.142712119723616,3.19310037608805,2.96856629057862,3.08083333333334,-0.20145251952577,39.7587176468408,3.04960000000001,3.01652557425201,-0.521829427060072,0.0452324046021867
"9142002","2014-06-26",14.9014120163594,0.114285714285715,0.0765567765567792,0.108773119884233,3.19466232997222,2.95767100336112,3.07616666666667,0.150479473161203,42.9398945536362,3.04640000000001,3.00365549768508,-0.725554893636804,-0.108925055045611
"9142001","2014-06-27",14.0904497928392,0.342857142857144,0.152380952380955,0.117939673495231,3.18588410513951,2.95878256152716,3.07233333333334,0.504403316613749,48.7670626713966,3.04080000000001,3.00316809799374,-0.66476004515108,-0.220092053066705
"9142000","2014-06-30",13.5199643083026,0.611111111111113,0.35608465608466,0.195007461674131,3.17695624102415,2.96371042564252,3.07033333333334,0.857959349386157,54.9590143718244,3.04200000000001,3.01607901826124,-0.344243921296372,-0.244922426712639
"9141999","2014-07-01",12.6791447631817,0.513513513513514,0.489160589160593,0.332542065875402,3.16606831239432,2.96959835427236,3.06783333333334,0.816418180473541,52.8936907422562,3.04480000000001,3.02326848249307,-0.16920701276596,-0.229779343923303
"9141998","2014-07-02",12.4995396258867,0.270270270270271,0.464964964964969,0.43673673673674,3.16100392809267,2.96299607190734,3.062,0.203715459593889,47.167121815362,3.03920000000001,3.017499351494,-0.267920296710011,-0.237407534480645
"9141997","2014-07-03",12.0153710300795,0.216216216216217,0.333333333333337,0.429152962486299,3.16048371205881,2.95584962127453,3.05816666666667,0.21575280324144,45.9758989530185,3.03640000000001,3.0098327712948,-0.395434624015123,-0.26901295238754
"9141996","2014-07-07",11.4434196007351,0.45945945945946,0.315315315315319,0.371204537871207,3.16205549556034,2.956277837773,3.05916666666667,0.617440673232067,51.866967369233,3.03440000000001,3.01518840178882,-0.252502540770727,-0.265710870064178
"9141995","2014-07-08",10.9214233295486,0.297297297297299,0.324324324324328,0.324324324324327,3.15986776841061,2.9541322315894,3.057,0.401167617187075,48.1011809829088,3.02760000000001,3.01182994821698,-0.296523605365129,-0.271873417124368
"9141994","2014-07-09",10.4367125063039,0.405405405405406,0.387387387387391,0.342342342342345,3.15580865927671,2.95319134072329,3.0545,0.461339270555634,50.6724515661797,3.02360000000001,3.01425262178805,-0.221727927766313,-0.261844319252757
"9141993","2014-07-10",10.2840169821726,0.324324324324325,0.342342342342346,0.351351351351354,3.15241994609401,2.95124672057266,3.05183333333334,0.408039452307538,48.7227504109411,3.02120000000001,3.01235227221631,-0.240028982139329,-0.257481251830071
"9141992","2014-07-11",10.7867304017355,0.135135135135136,0.288288288288292,0.339339339339342,3.14947176813974,2.9438615651936,3.04666666666667,0.208185687576418,44.4273107120032,3.01680000000001,3.00137196925414,-0.43750047742227,-0.293485096948511
"9141991","2014-07-14",11.2535357199009,0.270270270270271,0.243243243243247,0.291291291291294,3.14791179030723,2.9414215430261,3.04466666666667,0.380543187915859,47.9566828119648,3.01440000000001,2.99852237335358,-0.454742712568446,-0.325736620072498
"9141990","2014-07-15",11.6869978010546,0.351351351351352,0.252252252252256,0.261261261261264,3.14827668345044,2.94238998321623,3.04533333333334,0.474095785073688,50.0081799551807,3.01240000000001,3.00005272357311,-0.383273755015723,-0.337244047061143
"9141989","2014-07-16",12.1913897308735,0.242424242424243,0.288015288015291,0.261170261170264,3.14246123282057,2.94187210051276,3.04216666666667,0.45596305127946,49.310416775873,3.00920000000001,3.00004569376336,-0.349505223318614,-0.339696282312637
"9141988","2014-07-17",12.6597536657053,0.21875,0.270841864591868,0.270369801619804,3.1375282445312,2.94080508880214,3.03916666666667,0.436458929028067,49.310416775873,3.00640000000001,3.00003960126158,-0.319064298286931,-0.335569885507496
"9141987","2014-07-18",12.9282678483275,0.25,0.237058080808084,0.26530507780508,3.13150335662499,2.94116331004169,3.03633333333334,0.501751251716671,50.1176211793195,3.00440000000001,3.0013676544267,-0.264988220426643,-0.321453552491325
"9141986","2014-07-21",12.5138293550539,0.15625,0.208333333333336,0.238744426244428,3.13319095095548,2.94214238237786,3.03766666666667,0.599451150780427,47.665322974795,3.00280000000001,2.99851863383647,-0.299373990265905,-0.317037640046241
"9141985","2014-07-22",12.1289936112998,0.25,0.218750000000003,0.221380471380473,3.13097941984128,2.94068724682539,3.03583333333334,0.434311538925152,49.4414375268436,3.00320000000001,2.99871614932494,-0.269726899871903,-0.307575492011374
"9141984","2014-07-23",11.62494784607,0.214285714285715,0.206845238095241,0.211309523809526,3.13084133183492,2.93982533483176,3.03533333333334,0.38482640016983,48.5541538298462,3.00160000000001,2.99755399608162,-0.270034375995842,-0.300067268808267
"9141983","2014-07-24",11.4257889070225,0.25,0.238095238095241,0.221230158730161,3.121254084864,2.959745915136,3.0405,0.414349018030277,49.5295769399176,2.99840000000001,2.9978801299374,-0.240592636339199,-0.288172342314454
"9141982","2014-07-25",11.0783284637626,0.214285714285715,0.22619047619048,0.22371031746032,3.12056090099414,2.9617724323392,3.04116666666667,0.282729814751369,48.5384857111172,2.99520000000001,2.99682944594575,-0.241398231491119,-0.278817520149787
"9141981","2014-07-28",11.5499850746043,0.214285714285715,0.22619047619048,0.230158730158733,3.11704316505402,2.96062350161265,3.03883333333334,0.422217792833764,48.5384857111172,2.99600000000001,2.99591885315298,-0.239290009248505,-0.27091201796953
"9141980","2014-07-29",11.4817255601979,0.107142857142857,0.178571428571432,0.210317460317463,3.09349459435767,2.970172072309,3.03183333333334,0.295928057190254,45.3791485311572,2.99280000000001,2.99112967273259,-0.314891713101517,-0.279707956995928
"9141979","2014-07-30",11.2511772205796,0.0714285714285718,0.130952380952384,0.178571428571431,3.0692612619515,2.98107207138184,3.02516666666667,0.176831142049221,44.3430553915679,2.99080000000001,2.98564571636824,-0.397420570809326,-0.303250479758607
"9141978","2014-07-31",10.8648090543631,0,0.0595238095238122,0.123015873015875,3.07192006053881,2.97574660612787,3.02383333333334,0.00956667871020491,43.2789040586034,2.99320000000001,2.97955962085248,-0.484547048827411,-0.339509793572368
"9141977","2014-08-01",10.1598399587501,0,0.0238095238095266,0.0714285714285732,3.07846476076168,2.96420190590499,3.02133333333334,-0.124291537462523,41.1518346572376,2.99320000000001,2.97161833807215,-0.601256864170607,-0.391859207692016
"9141976","2014-08-04",10.5461643393961,0.0689655172413796,0.0229885057471292,0.0354406130268216,3.06790146993143,2.96509853006858,3.0165,0.209800776386962,44.1100113453298,2.99080000000001,2.96740255966253,-0.632464812524758,-0.439980328658564
"9141975","2014-08-05",11.0384415802567,0.275862068965518,0.114942528735635,0.0539135194307627,3.06712525551858,2.96520807781476,3.01616666666667,0.635731126440056,51.9186259836707,2.98680000000001,2.97174888504086,-0.488485058164623,-0.449681274559776
"9141974","2014-08-06",11.4955561610558,0.275862068965518,0.206896551724141,0.114942528735634,3.06444929827029,2.96588403506305,3.01516666666667,0.616673964293267,51.9186259836707,2.98400000000001,2.97551570036874,-0.370179510841528,-0.433780921816127
"9141973","2014-08-07",10.9654406942379,0.10344827586207,0.218390804597705,0.180076628352493,3.06270580113696,2.96329419886305,3.013,0.268638675225958,45.7421010521166,2.98280000000001,2.97211360698624,-0.407395948607681,-0.428503927174437
"9141972","2014-08-08",10.7933752350969,0.555555555555558,0.311621966794385,0.245636441038743,3.06567196181455,2.96599470485212,3.01583333333334,0.775890417112504,53.9939081923549,2.98520000000001,2.97849845938808,-0.244204433761186,-0.391644028491787
"9141971","2014-08-11",10.2620810964787,0.444444444444447,0.367816091954028,0.299276287782038,3.06652850795755,2.96613815870912,3.01633333333334,0.636135263687976,51.5801947273092,2.98320000000001,2.98136533146967,-0.167244342786566,-0.346764091350743
"9141970","2014-08-12",10.1329233226197,0.166666666666669,0.388888888888894,0.356108982545768,3.06382662147043,2.96450671186291,3.01416666666667,0.323801692237143,46.0391353945334,2.98160000000001,2.97718328727371,-0.238887598548276,-0.32518879279025
"9141969","2014-08-13",11.4447186421889,0.315789473684212,0.308966861598445,0.355223947480455,3.08838027990742,2.94928638675926,3.01883333333334,1.27525569881396,55.3393337133559,2.98200000000001,2.98555884897055,-0.0514802818248672,-0.270447090597173
"9141968","2014-08-14",12.6628142960746,0.394736842105264,0.292397660818718,0.330084470435351,3.0997097581093,2.94495690855737,3.02233333333334,0.980335797037347,57.9414744524922,2.98480000000001,2.99681766910781,0.175413359185161,-0.181275000640706
"9141967","2014-08-15",14.3120192365388,0.500000000000001,0.403508771929828,0.334957764782329,3.12126391259006,2.93406942074327,3.02766666666667,1.11789567377512,61.1885257087884,2.99200000000001,3.0119086465601,0.456365772446299,-0.0537468460233052
"9141966","2014-08-18",16.0811229667918,0.605263157894738,0.500000000000004,0.398635477582849,3.14820650423553,2.91946016243114,3.03383333333334,1.13899018237266,64.1676908678251,2.99880000000001,3.03032082701876,0.775131009794117,0.112028725140179
"9141965","2014-08-19",15.6720192238831,0.236842105263158,0.447368421052635,0.450292397660822,3.15079951193479,2.92086715473188,3.03583333333334,0.619600391760989,49.7684066307932,2.99880000000001,3.02761138341626,0.646786095021112,0.218980199116366
"9141964","2014-08-20",15.7633770070136,0.473684210526317,0.438596491228074,0.46198830409357,3.16515311578472,2.91918021754862,3.04216666666667,0.897740295922455,56.5227847592601,3.00280000000001,3.03726319896075,0.775421828291134,0.330268524951319
"9141963","2014-08-21",15.3501394790036,0.333333333333335,0.347953216374273,0.411306042884993,3.17110415107545,2.92056251559122,3.04583333333334,0.716198264060879,53.1049904975035,3.00520000000001,3.04029477243265,0.762021102412436,0.416619040443543
"9141962","2014-08-22",15.444168388074,0.485714285714287,0.430910609857983,0.405820105820109,3.18606531055728,2.92060135610939,3.05333333333334,0.889255609290692,57.2780044666467,3.00960000000001,3.0509221361083,0.899642248120913,0.513223681979017
"9141961","2014-08-25",15.1497394453753,0.400000000000001,0.40634920634921,0.395071010860488,3.19367353406132,2.92265979927202,3.05816666666667,0.740455217951692,54.6589807743723,3.01400000000001,3.05613251796053,0.918296743792579,0.594238294341729
"9141960","2014-08-26",14.8763411414408,0.400000000000001,0.428571428571432,0.421943748259541,3.20017961994693,2.92782038005308,3.064,0.717849533419372,54.6589807743723,3.01760000000001,3.06064818223246,0.922228218599752,0.659836279193334
"9141959","2014-08-27",13.8587257366149,0.228571428571428,0.342857142857146,0.392592592592595,3.20090659618635,2.93542673714699,3.06816666666667,0.544573375080691,49.4177434944276,3.01920000000001,3.0565617579348,0.758404547573321,0.679549932869331
"9141958","2014-08-28",12.9137971464195,0.257142857142858,0.295238095238098,0.355555555555558,3.19862256723861,2.94671076609473,3.07266666666667,0.476182140047596,50.2735840910815,3.02080000000001,3.05435352354349,0.647486626003024,0.67313727149607
"9141957","2014-08-29",12.8527135641136,0.342857142857143,0.276190476190479,0.304761904761907,3.19414892176509,2.96718441156825,3.08066666666667,0.629241938785454,52.8509358688446,3.02400000000001,3.05643972040436,0.631520307362687,0.664813878669394
"9141956","2014-09-02",12.7959930948296,0.206896551724139,0.268965517241383,0.280131362889986,3.19020581280858,2.98012752052476,3.08516666666667,0.459538894249389,52.8509358688446,3.02720000000001,3.05824775768378,0.611768083450381,0.654204719625591
"9141955","2014-09-03",12.3104969263805,0.130434782608697,0.226729492396663,0.25729516194284,3.18935858685054,2.98364141314947,3.0865,0.354978887777798,49.8541401635106,3.03040000000001,3.05581472332594,0.511052801787648,0.625574336058003
"9141954","2014-09-04",12.5601164322087,0,0.112443778110948,0.202712929249663,3.18816430945646,2.98783569054355,3.088,0.343590329213229,46.985021136856,3.03280000000001,3.04970609354915,0.347903423647367,0.570040153575875
"9141953","2014-09-05",12.7919059733348,0.0869565217391307,0.0724637681159455,0.137212346207851,3.18260297246669,2.99906369419998,3.09083333333334,0.259361227287336,49.0885860496865,3.03640000000001,3.04707861440926,0.268347199613816,0.509701562783464
"9141952","2014-09-08",13.4560009028001,0.0454545454545466,0.0441370223978954,0.0763481895415953,3.18216651376134,3.00050015290533,3.09133333333334,0.290825335956817,48.0617257251651,3.04040000000001,3.04346813248803,0.176727755800599,0.443106801386891
"9141951","2014-09-09",14.2876746101501,0.0909090909090913,0.0744400527009258,0.0636802810715878,3.18038223612279,3.00595109721055,3.09316666666667,0.348077584281922,49.2059943693906,3.04400000000001,3.04167238148962,0.129118129448336,0.38030906699918
"9141950","2014-09-10",15.6536544723429,0.272727272727274,0.13636363636364,0.0849802371541527,3.17442766954728,3.02357233045272,3.099,0.595013762319319,53.6087189830849,3.04680000000001,3.04544939729101,0.195223007318401,0.343291855063024
"9141949","2014-09-11",16.5569897914057,0.181818181818183,0.181818181818185,0.130873956960916,3.17159112501203,3.02274220832131,3.09716666666667,0.451852745548957,51.2182217643905,3.04880000000001,3.04605614431887,0.192334202171773,0.313100324484774
"9141948","2014-09-12",16.6972513863371,0,0.151515151515155,0.156565656565659,3.17204804120115,3.01761862546553,3.09483333333334,0.209683980090356,46.7301040392332,3.05120000000001,3.04124865840969,0.0830299072337448,0.267086241034568
"9141947","2014-09-15",16.8274942959162,0.157894736842107,0.113237639553433,0.148856990962257,3.16577670463156,3.01622329536844,3.091,0.337293355910563,50.2511276081545,3.05200000000001,3.04108217062173,0.075101636631536,0.228689320153962
"9141946","2014-09-16",16.9484341405254,0.157894736842107,0.105263157894741,0.123338649654442,3.14868324391515,3.02131675608486,3.085,0.303716029028643,50.2511276081545,3.05360000000001,3.0409378812055,0.0680342621276031,0.19655830854869
"9141945","2014-09-17",17.0607354248053,0.263157894736844,0.192982456140356,0.137161084529509,3.14864973387821,3.02235026612179,3.0855,0.403668108165473,52.6699403253059,3.05800000000001,3.04347949704477,0.114173182045851,0.180081283248122
"9141944","2014-09-18",16.2033092368744,0,0.140350877192987,0.14619883040936,3.1413924370418,3.01960756295821,3.0805,0.167446386057716,46.5734225046289,3.05680000000001,3.03901556410547,0.0178584726677533,0.147636721132048
"9141943","2014-09-19",15.2279068283161,0,0.0877192982456176,0.140350877192986,3.14066732283126,3.01366601050208,3.07716666666667,0.154859209488134,45.4405595611189,3.05400000000001,3.0338134888914,-0.0842082433281099,0.101267728240017
"9141942","2014-09-22",16.0937553960202,0,2.90508358110249e-15,0.076023391812868,3.15903545749264,2.96863120917403,3.06383333333334,-0.412969825349948,32.0201178678105,3.04320000000001,3.00797169037255,-0.586565598008648,-0.0362989370097162
"9141941","2014-09-23",16.8977576374596,0.0833333333333342,0.027777777777781,0.0384990253411328,3.16839027377462,2.93660972622539,3.0525,-0.172331371122659,35.8460103750272,3.03200000000001,2.98957546498954,-0.897233591908242,-0.208485867989421
"9141940","2014-09-24",17.6443311473677,0.111111111111111,0.0648148148148181,0.0308641975308663,3.16953601923765,2.91346398076236,3.0415,-0.0395617088431303,37.1164465750621,3.02680000000001,2.97496540299094,-1.1057206620079,-0.387932826793118
"9141939","2014-09-25",18.1351643792673,0.194444444444446,0.129629629629633,0.0740740740740764,3.1698443622979,2.89782230436877,3.03383333333334,0.106036850531477,40.8977304847535,3.01920000000001,2.96630334925881,-1.17705162947638,-0.54575658732977
"9141938","2014-09-26",16.8716181322518,0.361111111111113,0.222222222222226,0.138888888888891,3.16639661102798,2.89460338897203,3.0305,0.387782337729806,47.6746044789173,3.01560000000001,2.9667962360243,-1.05829629380105,-0.648264528624027
"9141937","2014-09-29",15.6983251885946,0.361111111111113,0.30555555555556,0.219135802469139,3.15636314454346,2.89263685545655,3.0245,0.369182552412768,47.6746044789173,3.00960000000001,2.9672234045544,-0.953171283488885,-0.709245879596998
"9141936","2014-09-30",15.5184327969181,0.484848484848486,0.402356902356907,0.31004489337823,3.15210407134636,2.89256259532031,3.02233333333334,0.542382436011473,50.9368740031948,3.00600000000001,2.97159361728048,-0.779266923852229,-0.723250088448044
"9141935","2014-10-01",15.1937613518534,0.10344827586207,0.316469290607226,0.341460582839896,3.15186822915773,2.87879843750894,3.01533333333334,0.138676010001238,39.4569786949557,2.99720000000001,2.95804780164308,-0.984028520694802,-0.775405774897396
"9141934","2014-10-02",14.8922807242934,0.142857142857143,0.243717967855903,0.320848053606678,3.15110228908236,2.86423104425098,3.00766666666667,0.136306059902731,40.5666069192114,2.99120000000001,2.94764142809067,-1.10745410805392,-0.8418154415287
"9141933","2014-10-03",14.9559068950585,0.0384615384615394,0.0949223190602539,0.21836985917446,3.15080757690562,2.84885908976106,2.99983333333334,0.136251420326698,38.2988077223671,2.98360000000001,2.93462257101191,-1.27398688022452,-0.928249729267864
"9141932","2014-10-06",14.8576398027568,0.115384615384617,0.0989010989011027,0.145847128605752,3.14658331079863,2.83841668920137,2.9925,0.221471024705875,40.6796627362369,2.97560000000001,2.92600622821032,-1.33661226362002,-1.0099222361383
"9141931","2014-10-07",14.8903305962043,0.0769230769230772,0.0769230769230807,0.0902488316281447,3.14046031665857,2.8262063500081,2.98333333333334,0.181786037370125,39.8516437035888,2.96720000000001,2.91720539778228,-1.39847050792516,-1.08763189049567
"9141930","2014-10-08",13.8378737233357,0.269230769230771,0.153846153846158,0.109890109890113,3.12089935795012,2.82843397538322,2.97466666666667,0.381467453131002,45.792845133573,2.96200000000001,2.91624467807798,-1.29456865597379,-1.12901924359129
"9141929","2014-10-09",13.6323591690116,0.0384615384615394,0.128205128205132,0.119658119658122,3.10488090172239,2.82511909827762,2.965,0.255744592392763,40.6091405764736,2.95560000000001,2.90741205433425,-1.36301404684258,-1.17581820424155
"9141928","2014-10-10",13.4415242257107,0.12,0.142564102564106,0.141538461538464,3.09429430336991,2.82103902996344,2.95766666666667,0.301162727233023,44.0212318411446,2.94960000000001,2.90375711375635,-1.3192306399866,-1.20450069139056
"9141927","2014-10-13",13.2643203497884,0.12,0.0928205128205159,0.121196581196584,3.07847752492639,2.82018914174029,2.94933333333334,0.308999023785782,44.0212318411446,2.94400000000001,2.90058949858883,-1.27005819486461,-1.21761219208537
"9141926","2014-10-14",14.1718353132196,0,0.0800000000000027,0.105128205128207,3.06327892479022,2.81572107520979,2.9395,0.192327806224853,36.6877147107164,2.93440000000001,2.88584423211032,-1.46573303497148,-1.26723636066259
"9141925","2014-10-15",15.0145277792628,0.0322580645161284,0.0507526881720456,0.0745244003308536,3.04227841246516,2.81372158753485,2.928,0.129559665555873,37.9251094240155,2.92360000000001,2.87439833449561,-1.57629922279713,-1.3290489330895
"9141924","2014-10-16",15.6057355966338,0.161290322580645,0.0645161290322608,0.0650896057347686,3.02392915592655,2.81540417740679,2.91966666666667,0.27780439704519,42.7454215677942,2.91520000000001,2.8698118898962,-1.5346759006086,-1.37017432659332
"9141923","2014-10-17",16.1547142841925,0.38709677419355,0.193548387096777,0.10293906810036,3.00432287762368,2.82367712237632,2.914,0.533214176506835,50.0547301268888,2.91120000000001,2.87517030457671,-1.29010732916808,-1.35416092710827
"9141922","2014-10-20",17.0418565790889,0.409090909090911,0.319159335288371,0.192407950472469,3.00456069816704,2.82510596849964,2.91483333333334,0.4544917724832,47.2695369619986,2.90480000000001,2.87581426396648,-1.16701230772843,-1.3167312032323
"9141921","2014-10-21",17.865631567207,0.409090909090911,0.401759530791793,0.304822417725646,3.004604067368,2.825395932632,2.915,0.416298442466905,47.2695369619986,2.89840000000001,2.87637236210428,-1.05724899436404,-1.26483476145865
"9141920","2014-10-22",19.8659400195065,0,0.272727272727277,0.331215379602479,3.01249729433665,2.80716937233003,2.90983333333334,-0.034916694524366,37.5712470067555,2.88640000000001,2.86085604715704,-1.29306034995542,-1.270479879158
"9141919","2014-10-23",21.289389704485,0.280000000000002,0.229696969696974,0.301394591072013,3.01137070123231,2.80096263210103,2.90616666666667,0.248900631275835,44.6989365700831,2.87920000000001,2.85674190753611,-1.26903440691942,-1.27019078471029
"9141918","2014-10-24",22.8822695610037,0.160000000000001,0.146666666666671,0.216363636363639,2.9994793681699,2.79485396516344,2.89716666666667,0.122888138359662,42.4614186884234,2.87120000000001,2.84917631986462,-1.31996511133332,-1.28014565003489
"9141917","2014-10-27",24.4505390056561,0.120000000000001,0.186666666666671,0.187676767676771,2.98751890576087,2.7891477609058,2.88833333333334,0.121920818903385,41.7118826068359,2.86920000000001,2.84128614388267,-1.37349088778738,-1.29881469758539
"9141916","2014-10-28",25.9985041643221,0.0800000000000003,0.120000000000004,0.151111111111114,2.95867799110603,2.79432200889398,2.8765,0.0142657282146587,40.9337312819829,2.86560000000001,2.83311465803165,-1.42857269636208,-1.32476629734073
"9141915","2014-10-29",28.4356380106384,0,0.0666666666666701,0.124444444444447,2.97692062446224,2.75407937553776,2.8655,-0.257639504123194,31.9478831237573,2.85600000000001,2.80736603696076,-1.8531560775558,-1.43044425338374
"9141914","2014-10-30",30.9095381961915,0,0.0266666666666697,0.0711111111111133,2.99696714461839,2.70869952204828,2.85283333333334,-0.203628564057714,29.9264927074723,2.84360000000001,2.77971723203266,-2.28488581875051,-1.6013325664571
"9141913","2014-10-31",33.6450382964483,0,2.87270207621759e-15,0.0311111111111131,3.0236341198887,2.65069921344464,2.83716666666667,-0.198513320954237,25.5706295476919,2.82480000000001,2.74242160109497,-2.89437787853801,-1.85994162887328
"9141912","2014-11-03",36.1851455324011,0.152173913043478,0.0507246376811623,0.0257971014492771,3.03080537618892,2.61352795714442,2.82216666666667,-0.0164429949108228,32.9298285338417,2.80880000000001,2.71943205428231,-3.14405035750833,-2.11676337460029
"9141911","2014-11-04",38.5854018798801,0.130434782608696,0.0942028985507276,0.0483091787439631,3.03615352760251,2.57951313906417,2.80783333333334,0.0375646307971283,32.4364210045692,2.79120000000001,2.69817444704467,-3.33850726436511,-2.36111215255325
"9141910","2014-11-05",40.8572720996334,0.108695652173913,0.130434782608699,0.0917874396135283,3.02927124629659,2.55106208703675,2.79016666666667,0.0744539893067365,31.9213323357663,2.77840000000001,2.67841785410538,-3.4872176718591,-2.58633325641442
"9141909","2014-11-06",42.9668658751186,0.239130434782609,0.159420289855075,0.128019323671499,3.0206338775783,2.53269945575504,2.77666666666667,0.192581639476266,38.256739891288,2.76760000000001,2.669295473558,-3.38801235443282,-2.7466690760181
"9141908","2014-11-07",44.3873679651877,0.25,0.199275362318844,0.163043478260871,3.00748408315596,2.51884925017738,2.76316666666667,0.234293741316168,38.256739891288,2.75800000000001,2.66138941041693,-3.27285641090451,-2.85190654299539
"9141907","2014-11-10",46.038196992237,0.125,0.204710144927539,0.187801932367152,2.99461335457049,2.50071997876285,2.74766666666667,0.180767804571494,34.5299971080892,2.74520000000001,2.64653748902801,-3.32727342400231,-2.94697991919677
"9141906","2014-11-11",47.5711096602113,0.125,0.16666666666667,0.19021739130435,2.98451323331648,2.48282010001685,2.73366666666667,0.200348034774573,34.5299971080892,2.73280000000001,2.63366582382427,-3.33463394617086,-3.02451072459159
"9141905","2014-11-12",49.2448437540983,0,0.0833333333333361,0.15157004830918,2.9766914606441,2.4613085393559,2.719,0.172088474376318,31.5588087595584,2.71640000000001,2.61584371398104,-3.45714651637232,-3.11103788294774
"9141904","2014-11-13",50.7990254127077,0.222222222222223,0.115740740740744,0.121913580246915,2.95828405127935,2.45104928205399,2.70466666666667,0.267366105087378,40.3959904308035,2.70560000000001,2.6110645521169,-3.27201354380823,-3.14323301511983
"9141903","2014-11-14",52.2421940957021,0.242424242424243,0.154882154882158,0.117985409652078,2.92616334264067,2.44983665735933,2.688,0.287260851712553,40.3959904308035,2.69360000000001,2.60692261183464,-3.09015697742826,-3.13261780758152
"9141902","2014-11-17",53.9108328829858,0.0322580645161284,0.165634843054201,0.1454192462257,2.89370932133562,2.44562401199772,2.66966666666667,0.210620580580368,35.7160810590292,2.67880000000001,2.59399959692336,-3.12804874565764,-3.13170399519674
"9141901","2014-11-18",54.8765541921228,0,0.0915607689801268,0.137359255638828,2.85575270516786,2.44758062816547,2.65166666666667,0.226422572835585,35.0906531213591,2.66720000000001,2.58146631733358,-3.15522754996148,-3.13640870614969
"9141900","2014-11-19",55.77329540775,0.0434782608695645,0.0252454417952338,0.094147017943186,2.83601212596634,2.44198787403366,2.639,0.26566586223959,36.2920643680513,2.65560000000001,2.57193747502243,-3.1116076793798,-3.13144850079571
"9141899","2014-11-20",56.8825655426567,0,0.014492753623191,0.0437663214661827,2.79984387660093,2.44415612339908,2.622,0.194488590938348,33.0028609615662,2.64040000000001,2.55701247835278,-3.1993770544986,-3.14503421153629
"9141898","2014-11-21",57.3164776332858,0.590909090909092,0.211462450592888,0.0837335486704366,2.76423707938148,2.45842958728519,2.61133333333334,0.484739855015716,46.5633739626854,2.62760000000001,2.56141081457241,-2.82774684608693,-3.08157673844642
"9141897","2014-11-24",55.7003199495392,0.653846153846155,0.414918414918419,0.213624539711498,2.72799419110649,2.47933914222685,2.60366666666667,0.726552139548952,49.9220471786114,2.61760000000001,2.57055603929609,-2.37982405595388,-2.94122620194791
"9141896","2014-11-25",52.5288560165766,0.514285714285716,0.586346986346991,0.404242617286098,2.6968365873824,2.50049674595094,2.59866666666667,0.999134558149292,50.7553681451258,2.60800000000001,2.57981523405661,-1.97088073266521,-2.74715710809137
"9141895","2014-11-26",49.5839252216829,0.571428571428573,0.579853479853484,0.52703962703963,2.69520667561306,2.50145999105361,2.59833333333334,0.973126375685348,52.4592764075653,2.60400000000001,2.59050653618239,-1.56657332213096,-2.51104035089929
"9141894","2014-11-28",47.0266809151518,0.571428571428573,0.552380952380957,0.572860472860476,2.72197214058048,2.48569452608619,2.60383333333334,1.16094567189919,55.7565216902151,2.59880000000001,2.60510566469141,-1.10983834791047,-2.23079995030153
"9141893","2014-12-01",44.0873614534682,0.476190476190478,0.539682539682544,0.557305657305661,2.73868189639361,2.4833181036064,2.611,0.926842031167774,51.8814291172317,2.59320000000001,2.61242490939922,-0.862272380331597,-1.95709443630754
"9141892","2014-12-02",41.0450520317318,0.380952380952382,0.476190476190481,0.522751322751326,2.74126446490024,2.48440220176643,2.61283333333334,0.618740680814251,48.2686899750866,2.58640000000001,2.61343492147932,-0.780483302167223,-1.72177220947948
"9141891","2014-12-03",39.0529375670387,0.476190476190478,0.444444444444449,0.48677248677249,2.75162301864242,2.48437698135759,2.618,0.806833361621007,51.877449894392,2.58160000000001,2.61964359861541,-0.585712944008454,-1.49456035638527
"9141890","2014-12-04",38.1935186355311,0.465116279069769,0.440753045404213,0.453795988679713,2.76780288511169,2.48319711488831,2.6255,0.890598780128074,51.877449894392,2.58240000000001,2.62502445213336,-0.426589543673928,-1.280966193843
"9141889","2014-12-05",37.3954867705596,0.627906976744187,0.523071244001481,0.46942291128338,2.78982828543063,2.47617171456937,2.633,0.958038121988562,57.8457818247673,2.58760000000001,2.63902119184891,-0.0855325008654817,-1.0418794552475
"9141888","2014-12-08",36.9050496271913,0.681818181818183,0.591613812544049,0.51847936731658,2.81581219967474,2.46752113365859,2.64166666666667,0.973741695092305,60.1281147923229,2.59800000000001,2.65515169960239,0.271386504179283,-0.779226263362143
"9141887","2014-12-09",37.6257043091107,0.467741935483872,0.59248903134875,0.569058029298092,2.85162955544383,2.45870377788951,2.65516666666667,1.02130286439406,58.9817598187292,2.60520000000001,2.6677981396554,0.516281197843815,-0.520124771120951
"9141886","2014-12-10",38.2948836566072,0.645161290322581,0.598240469208215,0.594114437700337,2.89484073923485,2.44849259409849,2.67166666666667,1.04143087475548,66.538923225208,2.61720000000001,2.69342505436802,1.02688114059661,-0.210723588777438
"9141885","2014-12-11",37.4062382570438,0.326530612244899,0.479811279350453,0.556846926635805,2.9122633568628,2.45940330980387,2.68583333333334,0.825707690395575,55.5226085162829,2.62520000000001,2.70096838045228,1.08730539242419,0.0488822074628867
"9141884","2014-12-12",36.334853956382,0.239130434782609,0.403607445783366,0.49388639811401,2.92287153222164,2.46979513444503,2.69633333333334,0.72144903999789,53.7792088113527,2.63000000000001,2.70483926305864,1.06297649195686,0.251701064361681
"9141883","2014-12-15",35.7206198412336,0.260869565217392,0.275510204081636,0.386309643071817,2.93477840383168,2.48122159616832,2.708,0.746937093893487,54.5476978534777,2.63520000000001,2.70952736131749,1.06104372530462,0.413569596550269
"9141882","2014-12-16",35.3695782222014,0.586956521739132,0.362318840579714,0.347145496814904,2.96013586233521,2.4948641376648,2.7275,0.935229542786948,64.1707696423413,2.64880000000001,2.73359037980849,1.48544801753352,0.627945280746919
"9141881","2014-12-17",35.3278103333883,0.673913043478262,0.507246376811598,0.381691807157648,2.98774765851092,2.51025234148909,2.749,0.962831764253499,66.2243645771902,2.66400000000001,2.75977832916736,1.91177481139417,0.88471118687637
"9141880","2014-12-18",35.8586921177084,0.730769230769232,0.663879598662211,0.51114827201784,3.02704896320234,2.52095103679767,2.774,1.03876266319384,69.5170964615862,2.68400000000001,2.79180788527838,2.41802100914867,1.19137315133083
"9141879","2014-12-19",34.8285030489635,0.5,0.634894091415834,0.602006688963214,3.03039378072902,2.56160621927098,2.796,0.835617551037374,58.9138649241638,2.69600000000001,2.80356683390793,2.44007929006909,1.44111437907848
"9141878","2014-12-22",32.7572351647055,0.229166666666667,0.486645299145303,0.595139663074448,3.0264226280504,2.5895773719496,2.808,0.588513417798777,51.2040021214694,2.70360000000001,2.79909125605354,2.11668696636818,1.57622889653642
"9141877","2014-12-23",30.833914986466,0.229166666666667,0.319444444444448,0.480327945001861,3.02379106043794,2.6085422728954,2.81616666666667,0.517258729902806,51.2040021214694,2.71400000000001,2.79521242191307,1.83929786913588,1.62884269105631
"9141876","2014-12-24",29.5536713482114,0.243902439024391,0.234078590785911,0.346722778125219,3.02750412537042,2.62349587462959,2.8255,0.64314889170526,54.9347734127639,2.72720000000001,2.79985076565799,1.77193407050735,1.65746096694652
"9141875","2014-12-26",28.4476981946919,0.365853658536586,0.279640921409217,0.277721318879858,3.03293536349181,2.6410646365082,2.837,0.711804542377742,57.8283716441297,2.74200000000001,2.81053733023693,1.84047776986245,1.69406432752971
"9141874","2014-12-29",26.8756571414064,0.243902439024391,0.284552845528459,0.266090785907861,3.03563639394653,2.64936360605348,2.8425,0.571193210761748,54.0882616197187,2.75680000000001,2.813132352872,1.7307780793004,1.70140707788385
"9141873","2014-12-30",25.4159047347842,0.317073170731708,0.308943089430898,0.291045618789524,3.03577187230302,2.66522812769698,2.8505,0.579612732449069,55.9299774509134,2.76760000000001,2.81938137248907,1.70979784383805,1.70308523107469
"9141872","2014-12-31",23.980101367714,0.121951219512195,0.227642276422767,0.273712737127374,3.01945058386305,2.70021608280362,2.85983333333334,0.406547277207417,50.1524209420225,2.77360000000001,2.81413052282386,1.44741823737304,1.65195183233436
"9141871","2015-01-02",22.5036160056827,0.365853658536586,0.268292682926832,0.268292682926831,3.01400155037921,2.72733178295412,2.87066666666667,0.660463380610993,56.2378709191531,2.78320000000001,2.82291311978068,1.50830818132486,1.62322310213246
"9141870","2015-01-05",20.9218715037514,0.3,0.262601626016263,0.252845528455287,3.00925851456226,2.74907481877108,2.87916666666667,0.60569455521175,54.7970161264206,2.79120000000001,2.82785803714326,1.48173745357083,1.59492597242013
"9141869","2015-01-06",19.453108751958,0.243243243243243,0.303032300593279,0.277975536512124,3.00706891049936,2.76393108950065,2.8855,0.573346603420556,54.7970161264206,2.79760000000001,2.83214363219082,1.44373461639171,1.56468770121445
"9141868","2015-01-07",19.1424997821823,0,0.181081081081084,0.248905002563541,3.00634395151676,2.76565604848325,2.886,0.211936775967987,47.099666199462,2.80120000000001,2.82119114789871,1.0872891891067,1.4692079987929
"9141867","2015-01-08",18.8540771673905,0,0.081081081081084,0.188398154251815,3.00894219283355,2.75672447383312,2.88283333333334,0.15836394442008,47.099666199462,2.80640000000001,2.81169899484555,0.795133834466344,1.33439316592759
"9141866","2015-01-09",19.0418145653985,0,2.88657986402541e-15,0.0873873873873893,3.01527488990561,2.73205844342773,2.87366666666667,-0.00726809284323311,43.8523548835271,2.80800000000001,2.79680579553281,0.414258218944297,1.15036617653093
"9141865","2015-01-12",19.4757851641325,0,2.88657986402541e-15,0.027027027027029,3.02802203706244,2.7053112962709,2.86666666666667,-0.0371167160664966,41.9820777708812,2.80840000000001,2.77989835612844,0.0237385637265275,0.925040653970049
"9141864","2015-01-13",19.193120422033,0.212121212121214,0.0707070707070741,0.0235690235690257,3.030375916727,2.69895741660634,2.86466666666667,0.17412802857811,47.5980150165001,2.80880000000001,2.77457857531131,-0.0823795183601095,0.723556619504017
"9141863","2015-01-14",19.3047709217846,0.0909090909090919,0.101010101010105,0.0572390572390596,3.03478995003534,2.68587671663133,2.86033333333334,0.136012659190411,44.9221323149312,2.80640000000001,2.7646347652698,-0.280215977039899,0.522802100195234
"9141862","2015-01-15",19.8444618646102,0,0.101010101010105,0.0909090909090935,3.03380805408,2.66352527925334,2.84866666666667,0.0895029141683482,41.7616688648605,2.80240000000001,2.7493501299005,-0.577833915654513,0.302674897025285
"9141861","2015-01-16",21.0890294631187,0,0.0303030303030335,0.07744107744108,3.03152749810964,2.63147250189037,2.8315,-0.0120129363940437,36.2661737467489,2.79000000000001,2.72277011258043,-1.09904338920352,0.0223312397795228
"9141860","2015-01-20",22.2446993760194,0.333333333333335,0.111111111111114,0.0808080808080833,2.99472200755612,2.63527799244389,2.815,0.226429348663285,47.4391166376872,2.78800000000001,2.71973409756971,-1.05739205071304,-0.193613418318989
"9141859","2015-01-21",23.3178214379986,0.333333333333335,0.222222222222226,0.121212121212124,2.9761011265128,2.6298988734872,2.803,0.240999182174473,47.4391166376872,2.78680000000001,2.71710288456041,-1.01279916951676,-0.357450568558544
"9141858","2015-01-22",23.8179612991081,0.377777777777779,0.348148148148152,0.227160493827163,2.97168859511078,2.62331140488922,2.7975,0.325380837090258,48.8263579608745,2.78600000000001,2.71748916661902,-0.907554372619557,-0.467471329370747
"9141857","2015-01-23",23.9559389077763,0.444444444444446,0.385185185185189,0.318518518518522,2.96887220726557,2.62012779273443,2.7945,0.410631782566119,50.9189249537196,2.78040000000001,2.72182394440315,-0.726637152968845,-0.519304494090366
"9141856","2015-01-26",24.4565213306557,0.363636363636364,0.395286195286199,0.376206509539846,2.9582842350874,2.61604909824594,2.78716666666667,0.352440633460152,48.0949800900631,2.77160000000001,2.72024741848273,-0.693973792435087,-0.554238353759311
"9141855","2015-01-27",24.2636059140282,0.425000000000001,0.41102693602694,0.397166105499442,2.93922345507308,2.61877654492692,2.779,0.430305668033592,48.8585948870111,2.76040000000001,2.7202144293517,-0.631147020506684,-0.569620087108785
"9141854","2015-01-28",24.0844701700171,0.500000000000002,0.429545454545459,0.411952861952865,2.92812149879526,2.61821183453808,2.77316666666667,0.436002856248854,48.8585948870112,2.75400000000001,2.72018583877148,-0.574726517633639,-0.570641373213756
"9141853","2015-01-29",23.5029830057976,0.448979591836736,0.457993197278916,0.432855195950437,2.92458823119523,2.61974510213811,2.77216666666667,0.78812633437073,52.8785652373815,2.75400000000001,2.72682772693528,-0.377455898047518,-0.532004278180509
"9141852","2015-01-30",21.8730066158244,0.240000000000001,0.396326530612249,0.427955060812207,2.92107334868208,2.61992665131793,2.7705,0.586890100059848,45.2222917199765,2.75000000000001,2.71925069667724,-0.511567385601663,-0.52791689966474
"9141851","2015-02-02",20.3594571108493,0.320000000000001,0.336326530612249,0.396882086167804,2.89764637259718,2.62802029406949,2.76283333333334,0.501854420027643,48.4382478714945,2.74520000000001,2.71801727045361,-0.493711399150953,-0.521075799561982
"9141850","2015-02-03",18.954018284801,0.320000000000001,0.293333333333337,0.341995464852611,2.87224312907531,2.6367568709247,2.7545,0.43842528173882,48.4382478714946,2.73840000000001,2.7169483010598,-0.474116820202564,-0.511684003690099
"9141849","2015-02-04",18.0975690275067,0.220000000000001,0.28666666666667,0.305442176870751,2.84269368999305,2.64530631000695,2.744,0.243313545829336,44.6389801051815,2.73160000000001,2.70935519425182,-0.600487270238448,-0.529444656999769
"9141848","2015-02-05",17.302294717162,0.220000000000001,0.253333333333337,0.277777777777781,2.83294204306418,2.64272462360249,2.73783333333334,0.266057177487026,44.6389801051815,2.72360000000001,2.70277450168491,-0.693150785892949,-0.562185882778405
"9141847","2015-02-06",16.5638257146992,0,0.14666666666667,0.228888888888892,2.82590683385565,2.63875983281102,2.73233333333334,0.25598504698572,44.6389801051815,2.71880000000001,2.69707123479359,-0.758247361751208,-0.601398178572965
"9141846","2015-02-09",16.2359740131906,0,0.0733333333333366,0.15777777777778,2.82702994998693,2.63130338334641,2.72916666666667,0.180676971589701,42.1608390455974,2.70880000000001,2.68812840348778,-0.889967190736629,-0.659111981005698
"9141845","2015-02-10",15.9315402903613,0,2.92358729817958e-15,0.0733333333333356,2.82882181952132,2.62617818047868,2.7275,0.166902941938388,42.1608390455974,2.69960000000001,2.68037794968941,-0.983750753995738,-0.724039735603706
"9141844","2015-02-11",14.8264121021866,0.214285714285715,0.0714285714285748,0.0482539682539704,2.82728696503854,2.6260463682948,2.72666666666667,0.566255683739146,51.5241205092602,2.69400000000001,2.68566088973082,-0.778421205963975,-0.73491602967576
"9141843","2015-02-12",14.6707137113429,0.380952380952382,0.198412698412702,0.0899470899470923,2.8374844225421,2.6235155774579,2.7305,0.871549418648833,57.312383024489,2.69560000000001,2.69957277110005,-0.401535523931207,-0.668239928526849
"9141842","2015-02-13",14.0957885968212,0.30952380952381,0.301587301587305,0.190476190476193,2.84299935798474,2.62666730868193,2.73483333333334,0.72419239385149,54.3188700325373,2.69600000000001,2.70762973495337,-0.191183703861664,-0.572828683593812
"9141841","2015-02-17",13.5619295619082,0.357142857142858,0.349206349206353,0.283068783068786,2.84199255171485,2.64434078161849,2.74316666666667,0.753813394346062,55.9699762938377,2.69920000000001,2.71727910362626,0.0341054842853294,-0.451441850017984
"9141840","2015-02-18",12.7019987838936,0.261904761904763,0.309523809523813,0.320105820105823,2.84421389166847,2.64711944166487,2.74566666666667,0.606547901270752,51.9274758373851,2.70200000000001,2.72030855647609,0.0925130252344308,-0.342650874967501
"9141839","2015-02-19",12.0452399533994,0.238095238095239,0.28571428571429,0.314814814814818,2.84512548988049,2.65020784345285,2.74766666666667,0.529072106966812,50.9369795872477,2.70160000000001,2.72160074894594,0.107876698481779,-0.252545360277645
"9141838","2015-02-20",11.8566912077453,0.291666666666669,0.263888888888893,0.286375661375664,2.84494816912098,2.64938516421236,2.74716666666667,0.395174447694837,47.9801700887428,2.70160000000001,2.71872064908648,0.0307586361066425,-0.195884561000788
"9141837","2015-02-23",11.9536536990348,0.227272727272729,0.252344877344882,0.267316017316021,2.84345021123586,2.64488312209748,2.74416666666667,0.294360014489208,46.0605609759281,2.70280000000001,2.71355789587495,-0.0888291994100787,-0.174473488682646
"9141836","2015-02-24",12.6739838647166,0,0.172979797979802,0.229737854737858,2.84618228231253,2.63448438435414,2.74033333333334,0.120528431750762,41.5816034487023,2.70600000000001,2.70241684309163,-0.329154649720287,-0.205409720890174
"9141835","2015-02-25",13.3428618757068,0.0909090909090913,0.10606060606061,0.17712842712843,2.84634337303858,2.62498996029476,2.73566666666667,0.173222416421235,43.9302673937315,2.70400000000001,2.69542793067941,-0.455397568844496,-0.255407290481038
"9141834","2015-02-26",14.4440099226728,0,0.0303030303030334,0.103114478114481,2.84894826867263,2.61005173132737,2.7295,0.083501707033103,40.4293438938052,2.70040000000001,2.68403753992216,-0.668384444033299,-0.33800272119149
"9141833","2015-02-27",15.0585335509112,0,0.0303030303030334,0.055555555555558,2.82896345744834,2.60703654255167,2.718,0.103473062107067,39.5801231245285,2.69560000000001,2.6728325345992,-0.858584331066758,-0.442119043166544
"9141832","2015-03-02",15.6291626342754,0.160000000000001,0.0533333333333366,0.0379797979798002,2.81884968964052,2.60315031035949,2.711,0.24810621377567,44.5934889031649,2.69120000000001,2.66845486331931,-0.879060849110846,-0.529507404355405
"9141831","2015-03-03",15.7289946855992,0.2,0.120000000000003,0.0678787878787901,2.81278937538304,2.59987729128363,2.70633333333334,0.329350534578525,45.8041982459606,2.68880000000001,2.66599421487673,-0.855332830824329,-0.59467248964919
"9141830","2015-03-04",15.4032849456602,0.320000000000001,0.22666666666667,0.133333333333336,2.80955220225439,2.59878113107895,2.70416666666667,0.464416369105225,49.3779528819931,2.68720000000001,2.66786165289317,-0.737231426934293,-0.62318427710621
"9141829","2015-03-05",15.4253778217635,0.260869565217393,0.260289855072468,0.202318840579713,2.80939584772384,2.59827081894284,2.70383333333334,0.418689570981769,47.1459394456662,2.68480000000001,2.66681343250741,-0.69612019066132,-0.637771459817232
"9141828","2015-03-06",15.6072612087665,0.227272727272728,0.269380764163377,0.252112428634171,2.80915356313138,2.59717977020195,2.70316666666667,0.390709760171238,46.0256799731964,2.68000000000001,2.66457164150643,-0.685944620015488,-0.647406091856883
"9141827","2015-03-09",15.7761529252693,0.227272727272728,0.238471673254286,0.256047430830042,2.80905984234223,2.59594015765778,2.7025,0.363144191913316,46.0256799731964,2.67920000000001,2.66262875597224,-0.670222568625478,-0.651969387210602
"9141826","2015-03-10",16.580945263443,0.0499999999999992,0.168181818181821,0.225344751866494,2.81138687397428,2.5892797926924,2.70033333333334,0.153320373418075,41.4559497872417,2.67520000000001,2.65561158850927,-0.770427512865668,-0.675661012341615
"9141825","2015-03-11",16.5841570496043,0,0.0924242424242454,0.166359244620116,2.81304226624008,2.58429106709326,2.69866666666667,0.185247551625777,40.3766421845335,2.67080000000001,2.64819671004137,-0.870771742359311,-0.714683158345155
"9141824","2015-03-12",16.5871394224683,0,0.0166666666666695,0.0924242424242444,2.80982655710259,2.57617344289741,2.693,0.216103363060305,40.3766421845335,2.66840000000001,2.64177048203585,-0.940004593378785,-0.759747445351881
"9141823","2015-03-13",16.5899087686991,0.0714285714285703,0.0238095238095265,0.0443001443001462,2.7910579553678,2.57627537796554,2.68366666666667,0.219095775537036,42.1241733924834,2.66640000000001,2.63753441776441,-0.953682687592416,-0.798534493799988
"9141822","2015-03-16",17.460778818888,0,0.0238095238095265,0.0214285714285732,2.77782997847488,2.57083668819179,2.67433333333334,0.12478654955217,36.382303016227,2.66240000000001,2.62719649539582,-1.10552296660839,-0.859932188361667
"9141821","2015-03-17",17.9893655934049,0.222222222222223,0.097883597883601,0.048500881834217,2.75575522268927,2.57624477731074,2.666,0.280885545404372,43.0680883653383,2.66120000000001,2.62357029600971,-1.0910355019506,-0.906152851079454
"9141820","2015-03-18",18.480196169742,0.333333333333335,0.185185185185189,0.102292768959438,2.73715214917791,2.58218118415543,2.65966666666667,0.373094507323895,46.1172398968616,2.66080000000001,2.62309425654175,-1.00651801959997,-0.926225884783556
"9141819","2015-03-19",20.8735801250227,0,0.185185185185189,0.156084656084659,2.73440857449962,2.56192475883372,2.64816666666667,-0.223739400426654,31.5564243807857,2.65040000000001,2.60134835566952,-1.41802056701441,-1.02458482122973
"9141818","2015-03-20",23.1773647250056,0,0.111111111111115,0.160493827160497,2.74110523826676,2.53089476173325,2.636,-0.226256222735574,30.8997618658606,2.63680000000001,2.58116857491358,-1.75945672682271,-1.17155920234832
"9141817","2015-03-23",24.5379760038057,0.275862068965517,0.0919540229885087,0.129416773094937,2.73536274868462,2.52097058464872,2.62816666666667,0.119855509334972,41.4046669988159,2.62760000000001,2.57434609825844,-1.76185151310797,-1.28961766450025
"9141816","2015-03-24",25.3074336388784,0.448275862068966,0.241379310344831,0.14814814814815,2.73210576192751,2.51689423807249,2.6245,0.324203961499649,46.8438174924308,2.61960000000001,2.57509995182398,-1.58890490064167,-1.34947511172854
"9141815","2015-03-25",26.4599694998717,0.310344827586207,0.3448275862069,0.226053639846746,2.72853764024957,2.51079569308377,2.61966666666667,0.256592605651472,43.3749944075934,2.61160000000001,2.57041995824745,-1.55941459774065,-1.39146300893096
"9141814","2015-03-26",27.5301813707941,0.37037037037037,0.376330353341851,0.320845749964526,2.72831790017598,2.50334876649069,2.61583333333334,0.222184110432526,44.4818464636259,2.60440000000001,2.56769729714779,-1.48774453176937,-1.41071931349864
"9141813","2015-03-27",27.7543245297025,0.391304347826088,0.357339848594225,0.359499262714324,2.72731439786447,2.49701893546887,2.61216666666667,0.259005238650047,43.5647785216194,2.59800000000001,2.56400432419475,-1.44591063592875,-1.41775757798466
"9141812","2015-03-30",26.8398073760526,0.65217391304348,0.471282877079983,0.401651026338685,2.72333333333334,2.49666666666667,2.61,0.514705882352928,50.1990368886039,2.59480000000001,2.56880374763545,-1.21011364290947,-1.37622879096963
"9141811","2015-03-31",25.7832675223005,0.739130434782611,0.59420289855073,0.474275208074978,2.71840128823725,2.49759871176275,2.608,0.599636518519236,52.2155104259634,2.59440000000001,2.57562991461739,-0.9496139485206,-1.29090582247982
"9141810","2015-04-01",25.2760772643611,0.608695652173914,0.666666666666672,0.57738414743246,2.70580897979554,2.5005243535378,2.60316666666667,0.484574262942156,49.0098736583972,2.59200000000001,2.57754592600174,-0.827651888797587,-1.19825503574337
"9141809","2015-04-02",24.8051148819888,0.608695652173914,0.652173913043483,0.637681159420294,2.69405879678135,2.50360786988532,2.59883333333334,0.506125812489747,49.0098736583972,2.59120000000001,2.57920646920151,-0.722648982793395,-1.10313382515338
"9141808","2015-04-06",24.1275899001756,0.608695652173914,0.608695652173917,0.64251207729469,2.68272431564598,2.50727568435402,2.595,0.547497283233076,49.0098736583972,2.59080000000001,2.58064560664131,-0.632133427009596,-1.00893374552462
"9141807","2015-04-07",23.0246735116845,0.65217391304348,0.623188405797106,0.628019323671501,2.67297576956425,2.51135756376909,2.59216666666667,0.651591832612285,50.2806611266605,2.58920000000001,2.58322619242247,-0.523121434995366,-0.911771283418771
"9141806","2015-04-08",21.5477032088808,0.636363636363638,0.632411067193681,0.621431708388234,2.67217911383514,2.51148755283153,2.59183333333334,0.654540370248641,48.9664352697792,2.58680000000001,2.58412936676614,-0.462614175624576,-0.821939861859932
"9141805","2015-04-09",20.1762307848488,0.681818181818185,0.656785243741771,0.637461572244185,2.66990784109518,2.51175882557149,2.59083333333334,0.600116546921904,50.3636199422084,2.58360000000001,2.58624545119732,-0.379088289085316,-0.733369547305009
"9141804","2015-04-10",19.7339808347362,0.214285714285717,0.510822510822517,0.600006273919322,2.66634769981497,2.51165230018503,2.589,0.506464316342881,45.0505812260051,2.57960000000001,2.58274605770434,-0.432718776933638,-0.673239393230735
"9141803","2015-04-13",19.3233201667746,0.230769230769231,0.375624375624381,0.514410710062889,2.66327378614447,2.51172621385554,2.5875,0.538491763643753,46.5681587126781,2.57640000000001,2.58104658334376,-0.439036556162775,-0.626398825817143
"9141802","2015-04-14",18.6700637517092,0.615384615384621,0.35347985347986,0.413308913308918,2.66710895300727,2.51122438032607,2.58916666666667,0.761945955465639,53.4853837137689,2.57520000000001,2.58624037223126,-0.284635469411909,-0.558046154536096
"9141801","2015-04-15",17.3759952046984,0.642857142857145,0.496336996337002,0.408480408480413,2.67048478417449,2.50984854915885,2.59016666666667,0.85172637104259,54.7471880398506,2.57600000000001,2.59207498926709,-0.129811779473243,-0.472399279523526
"9141800","2015-04-16",16.3379760450784,0.571428571428575,0.609890109890117,0.486568986568992,2.66789258202855,2.51077408463813,2.58933333333334,0.716397181520335,53.1932149556663,2.57680000000001,2.59579832403148,-0.0379575403068433,-0.385510931680189
"9141799","2015-04-17",16.7826692352964,0,0.40476190476191,0.503663003663009,2.66483314350773,2.51850018982561,2.59166666666667,0.351935834537054,43.8173648795179,2.57480000000001,2.58969188082728,-0.180784350629026,-0.344565615469957
"9141798","2015-04-20",16.6809914817726,0.230769230769234,0.267399267399273,0.427350427350432,2.65102380424454,2.54364286242213,2.59733333333334,0.493791573668881,48.0440293711847,2.57360000000001,2.58839963005031,-0.198437530805973,-0.31533999853716
"9141797","2015-04-21",16.0960146797477,0.384615384615388,0.205128205128211,0.292429792429797,2.64977207054631,2.55189459612037,2.60083333333334,0.661766876660784,50.7064646641375,2.57520000000001,2.5899463460436,-0.148407481891244,-0.281953495207977
"9141796","2015-04-22",15.9466442023028,0.230769230769234,0.282051282051288,0.251526251526256,2.65038914314706,2.55327752351961,2.60183333333334,0.549770906425736,48.0545311793677,2.57440000000001,2.58862016657112,-0.169117094748317,-0.259386215116045
"9141795","2015-04-23",15.0856718121437,0.500000000000005,0.371794871794879,0.286324786324792,2.65461561966875,2.55671771366459,2.60566666666667,0.88475456936802,53.3135510977985,2.57440000000001,2.59280414436164,-0.0602687159590776,-0.219562715284651
"9141794","2015-04-24",15.2289715373812,0.142857142857144,0.291208791208797,0.315018315018321,2.65081225162134,2.56518774837866,2.608,0.406568801020313,46.9191227494204,2.57880000000001,2.58976359178009,-0.128193875417992,-0.20128894731132
"9141793","2015-04-27",14.8295638115694,0.619047619047623,0.420634920634927,0.361212861212867,2.67052625635903,2.56047374364098,2.6155,1.32839241390364,58.6650834574682,2.58800000000001,2.60179511287608,0.158070288674228,-0.12941710011421
"9141792","2015-04-28",15.036554717418,0.800000000000004,0.520634920634927,0.410826210826216,2.70896941202549,2.53736392130785,2.62316666666667,1.33622032954706,64.1080704547472,2.59680000000001,2.6215557644926,0.592562753503523,0.0149788706093365
"9141791","2015-04-29",15.2287605585632,0.800000000000004,0.739682539682547,0.560317460317466,2.73622826575091,2.5237717342491,2.63,1.14326884045691,64.1080704547473,2.60360000000001,2.63868166256025,0.923106504630322,0.196604397413534
"9141790","2015-04-30",15.1944736209304,0.760000000000004,0.786666666666674,0.682328042328048,2.75728304340704,2.51871695659297,2.638,1.01138869580855,62.7392981338424,2.61160000000001,2.65219077421889,1.13912408821455,0.385108335573737
"9141789","2015-05-01",15.6504116922703,0.0800000000000003,0.546666666666673,0.691005291005297,2.75770432544085,2.52162900789249,2.63966666666667,0.47317240362479,45.1073754666923,2.61240000000001,2.64123200432304,0.783476369776581,0.464781942414306
"9141788","2015-05-04",16.1839109004899,0.0400000000000011,0.293333333333338,0.542222222222227,2.75799766571007,2.52000233428994,2.639,0.294113608415687,44.3183708119237,2.61320000000001,2.6304010704133,0.46487277763938,0.464800109459321
"9141787","2015-05-05",16.6793030224081,0.0800000000000003,0.0666666666666704,0.302222222222226,2.75806294645357,2.51793705354644,2.638,0.327868070232131,45.3478648213086,2.61200000000001,2.62234759435819,0.239603896183915,0.41976086680424
"9141786","2015-05-06",16.5762688587275,0.0400000000000011,0.0533333333333373,0.137777777777781,2.7580389592366,2.51629437409674,2.63716666666667,0.346256466736713,44.4625635811279,2.60960000000001,2.6140345817771,0.0294223740060717,0.341693168244606
"9141785","2015-05-07",16.480594278167,0.250000000000001,0.123333333333337,0.0811111111111141,2.75858284177554,2.51841715822446,2.6385,0.478487073630688,50.6835845537034,2.61080000000001,2.61482997087349,0.0472998538194602,0.282814505359577
"9141784","2015-05-08",15.6502487177562,0.250000000000001,0.180000000000004,0.118888888888892,2.75936157854043,2.52330508812624,2.64133333333334,0.522593461946217,50.6835845537034,2.61200000000001,2.61551930809035,0.0607604865567435,0.23840370159901
"9141783","2015-05-11",15.1936179092562,0.166666666666668,0.222222222222227,0.175185185185189,2.75919715047185,2.52680284952815,2.643,0.4297171519826,48.5799002471752,2.61240000000001,2.61345006701164,0.00958365298486807,0.192639691876182
"9141782","2015-05-12",15.0772035638641,0.0833333333333338,0.166666666666671,0.189629629629633,2.75899371723317,2.52467294943351,2.64183333333334,0.349920828627806,46.5013364317283,2.61160000000001,2.60899005807676,-0.0917900145588568,0.135753750589174
"9141781","2015-05-13",14.2168527810002,0.250000000000001,0.166666666666671,0.185185185185188,2.75899371723317,2.52467294943351,2.64183333333334,0.520626995117493,51.0155267523107,2.61280000000001,2.61045805033319,-0.0479180850217253,0.0990193834669942
"9141780","2015-05-14",13.7473700282584,0.166666666666668,0.166666666666671,0.16666666666667,2.75899371723317,2.52467294943351,2.64183333333334,0.421048397998509,48.798367379402,2.61280000000001,2.6090636436221,-0.0741472326174719,0.064386060250101
"9141779","2015-05-15",14.0602423244748,0,0.138888888888893,0.157407407407411,2.75815994216764,2.52684005783236,2.6425,0.244221441072003,43.686638010571,2.61240000000001,2.60118849113915,-0.247072136648707,0.00209442087033937
"9141778","2015-05-18",13.4316682465143,0.240000000000001,0.135555555555559,0.14703703703704,2.75841883392319,2.53091449941015,2.64466666666667,0.479487570306481,50.400954504202,2.61400000000001,2.60236335898726,-0.195930353811824,-0.0375105340660933
"9141777","2015-05-19",12.8479923169795,0.400000000000002,0.213333333333338,0.162592592592596,2.7605445990678,2.53378873426554,2.64716666666667,0.585995570685685,54.3119423984802,2.61520000000001,2.6087149111223,-0.0311717538213574,-0.0362427780171461
"9141776","2015-05-20",12.3060075252686,0.523809523809528,0.387936507936513,0.245608465608469,2.76283432244866,2.53816567755134,2.6505,0.601631152597042,55.2617097310239,2.61640000000001,2.61555292297266,0.128463642378684,-0.00330149393798001
"9141775","2015-05-21",13.0124563399858,0.200000000000002,0.374603174603181,0.325291005291009,2.76242326804608,2.53624339862059,2.64933333333334,0.370309707898215,46.8678085722849,2.61480000000001,2.61081253324297,0.00781549535098236,-0.00107809608018753
"9141774","2015-05-22",13.6684445250804,0.600000000000004,0.441269841269848,0.401269841269846,2.76319059891991,2.54147606774676,2.65233333333334,0.534578999518425,52.6739277112085,2.61840000000001,2.61470419547724,0.0963686648626449,0.018411256108379
"9141773","2015-05-26",14.2775764112396,0.66666666666667,0.488888888888895,0.43492063492064,2.75861075480245,2.54205591186422,2.65033333333334,0.57542354219245,53.5843154651734,2.62120000000001,2.61941030274694,0.194980573846126,0.0537251196559284
"9141772","2015-05-27",14.3817585275853,0.823529411764709,0.696732026143798,0.542296918767513,2.74429451280634,2.54970548719367,2.647,0.772368905867762,57.1362185024796,2.62480000000001,2.62882226238068,0.3912703803304,0.121234171790823
"9141771","2015-05-28",14.0331881114709,0.842105263157898,0.777433780529762,0.654351565187484,2.73210934630437,2.55722398702896,2.64466666666667,0.930758375918112,58.8325285048978,2.63000000000001,2.63964596072993,0.600282554650411,0.21704384836274
"9141770","2015-05-29",13.3427797957383,0.583333333333335,0.749656002751984,0.74127393647518,2.72163759153752,2.56402907512916,2.64283333333334,1.01075920156131,56.4276593091298,2.63280000000001,2.6463598326326,0.696025143936274,0.312840107477447
"9141769","2015-06-01",12.7016863597009,0.625000000000003,0.683479532163749,0.736856438481831,2.7341634614792,2.56083653852081,2.6475,0.956747661098621,57.3660510867182,2.63800000000001,2.65351185494825,0.792724955422219,0.408817077066402
"9141768","2015-06-02",12.1063853119519,0.791666666666671,0.666666666666673,0.699934067194134,2.74959571790571,2.56173761542763,2.65566666666667,1.01989595007252,60.9855119892998,2.64040000000001,2.66504360762182,0.978658505831498,0.522785362819421
"9141767","2015-06-03",11.3249799411504,0.750000000000003,0.722222222222229,0.690789473684216,2.7609299863048,2.56540334702854,2.66316666666667,0.927051783373732,59.6227346211297,2.63960000000001,2.67370445993891,1.08222631073505,0.634673552402546
"9141766","2015-06-04",10.5993892396919,0.91666666666667,0.819444444444451,0.736111111111116,2.77617199134443,2.56749467532224,2.67183333333334,0.986396901852078,63.1681449521795,2.64040000000001,2.68654386528039,1.26900363088922,0.761539568099881
"9141765","2015-06-05",9.92562644548042,0.772727272727276,0.813131313131319,0.784932659932665,2.78900339361305,2.56799660638696,2.6785,0.898931941291322,60.3163434289098,2.64080000000001,2.69500468324301,1.34034408099963,0.877300470679831
"9141764","2015-06-08",10.8282609881894,0.409090909090911,0.699494949494955,0.777356902356908,2.79164081895465,2.57135918104536,2.6815,0.614247682673521,50.4960728925143,2.64480000000001,2.69167072547727,1.14402573572392,0.930645523688649
"9141763","2015-06-09",11.6664216349906,0.500000000000002,0.560606060606066,0.691077441077446,2.79414804667677,2.57785195332324,2.686,0.641780954945589,52.5749138623176,2.65000000000001,2.6914479620803,1.03643406699601,0.95180323235012
"9141762","2015-06-10",12.9567300083986,0.363636363636366,0.424242424242429,0.561447811447816,2.79237737727288,2.58862262272713,2.6905,0.530265142427777,49.2350271285146,2.65360000000001,2.6872549004696,0.851427593853216,0.93172810465074
"9141761","2015-06-11",14.7437481517609,0,0.287878787878792,0.424242424242428,2.79205769699147,2.59027563634187,2.69116666666667,0.345542926034488,45.1193662747368,2.65600000000001,2.67828758040698,0.577752696933453,0.860933023107282
"9141760","2015-06-12",16.4031221420259,0.111111111111112,0.158249158249162,0.290123456790127,2.79015737519898,2.59584262480102,2.693,0.330172439650527,47.4832073808641,2.65680000000001,2.67318256968605,0.416023076962846,0.771951033878395
"9141759","2015-06-15",18.7960282910513,0,0.0370370370370404,0.161054994388331,2.78646750330667,2.60186583002667,2.69416666666667,0.0260064632930899,40.8510461781778,2.65480000000001,2.65942489372791,0.0747355046878395,0.632507928040284
"9141758","2015-06-16",21.0180125722891,0.0869565217391308,0.0660225442834173,0.0871029131898725,2.78891836511942,2.59674830154725,2.69283333333334,0.0863039303718352,43.2883192188829,2.65440000000001,2.65016824123086,-0.134520556336337,0.47910223116496
"9141757","2015-06-17",21.6098078314897,0,0.02898550724638,0.0440150295222784,2.79215456698335,2.58784543301665,2.69,0.108436497934337,40.5867427880997,2.65360000000001,2.63814580906674,-0.388306228922486,0.305620539147471
"9141756","2015-06-18",21.8938127842718,0,0.02898550724638,0.041331186258725,2.79432919246671,2.5796708075333,2.687,0.156819058386558,40.5867427880997,2.65120000000001,2.62772636785784,-0.583824021510748,0.127731627015827
"9141755","2015-06-19",22.157531668998,0.0833333333333338,0.027777777777781,0.0285829307568462,2.79408875668241,2.58024457665093,2.68716666666667,0.201496045747228,43.3216454653939,2.65040000000001,2.62136285214346,-0.670244310169688,-0.0318635604212759
"9141754","2015-06-22",21.1206580364577,0.291666666666667,0.125000000000003,0.0605877616747207,2.79423456557349,2.58143210109319,2.68783333333334,0.431861691379305,49.5713636013375,2.65360000000001,2.62251447185767,-0.578179264663503,-0.141126701269721
"9141753","2015-06-23",20.1578468062417,0.583333333333337,0.319444444444449,0.15740740740741,2.79731812164194,2.58368187835807,2.6905,0.638085184173544,56.7599302321524,2.65720000000001,2.63284587560998,-0.286818103310427,-0.170264981677862
"9141752","2015-06-24",19.8604247895614,0.458333333333335,0.444444444444449,0.2962962962963,2.79690570461541,2.58342762871793,2.69016666666667,0.514833685629546,53.2561054530328,2.65800000000001,2.63779975886198,-0.146700717709858,-0.165552128884262
"9141751","2015-06-25",20.6953550702247,0.181818181818183,0.407828282828288,0.390572390572395,2.79385290127209,2.57948043206125,2.68666666666667,0.328958136267925,46.1044748386349,2.65560000000001,2.63275979101372,-0.247197283592737,-0.181881159825957
"9141750","2015-06-26",21.4706474736977,0.190476190476191,0.276875901875906,0.37638287638288,2.79036966518745,2.57396366814589,2.68216666666667,0.274343899887598,46.1044748386349,2.65640000000001,2.62839181887856,-0.32332737410764,-0.210170402682293
"9141749","2015-06-29",22.1905618483512,0.333333333333334,0.235209235209239,0.30663780663781,2.78544300814851,2.5705569918515,2.678,0.338674161939164,49.4767247285907,2.65600000000001,2.62860624302808,-0.288295774598935,-0.225795477065622
"9141748","2015-06-30",23.0154267625411,0.300000000000002,0.274603174603179,0.262229437229441,2.77526664514741,2.5687333548526,2.672,0.312782401270631,48.3898371382204,2.65480000000001,2.62745874395767,-0.287926637025249,-0.238221709057547
"9141747","2015-07-01",24.0863928554436,0.200000000000001,0.277777777777782,0.262530062530066,2.76563066906842,2.56503599759826,2.66533333333334,0.240770781103535,46.2037109582804,2.65120000000001,2.62379757809665,-0.345173126194764,-0.259611992484991
"9141746","2015-07-02",25.0808613702815,0.250000000000001,0.250000000000005,0.267460317460321,2.74669080670114,2.56830919329886,2.6575,0.271090010037913,47.4812958121717,2.64720000000001,2.6219579010171,-0.355767516472849,-0.278843097282562
"9141745","2015-07-06",26.4506807094446,0.100000000000001,0.183333333333337,0.237037037037041,2.72633531314955,2.57199802018379,2.64916666666667,0.181433659215621,44.0978386785435,2.64280000000001,2.61636351421482,-0.451498247781823,-0.313374127382414
"9141744","2015-07-07",27.722655810096,0.100000000000001,0.150000000000004,0.194444444444448,2.71958401788666,2.56741598211334,2.6435,0.170320600435422,44.0978386785435,2.63800000000001,2.61151504565284,-0.521640275236213,-0.355027356953174
"9141743","2015-07-08",28.9037755464152,0.15,0.11666666666667,0.150000000000003,2.70809708938615,2.56723624394719,2.63766666666667,0.232596616545276,45.5965321375213,2.63200000000001,2.60864637289913,-0.540266711429949,-0.392075227848529
"9141742","2015-07-09",29.2025748824143,0,0.0833333333333367,0.116666666666669,2.69957579025212,2.56609087641455,2.63283333333334,0.254029632342644,44.3170342155187,2.62600000000001,2.60482685651258,-0.579431871502989,-0.429546556579421
"9141741","2015-07-10",29.4800314086992,0,0.0500000000000032,0.0833333333333358,2.69713546078468,2.56186453921533,2.6295,0.232635319941043,44.3170342155187,2.61840000000001,2.60151660897757,-0.603667008385922,-0.464370646940721
"9141740","2015-07-13",30.1315513124552,0,3.21964677141295e-15,0.0444444444444468,2.69463042526494,2.5567029080684,2.62566666666667,0.193075506658937,41.6087642610909,2.61080000000001,2.59598106111389,-0.677369370366432,-0.506970391625863
"9141739","2015-07-14",30.7365340802286,0,3.21964677141295e-15,0.016666666666669,2.69547025981197,2.55352974018804,2.6245,0.209972411149817,41.6087642610909,2.60640000000001,2.59118358629871,-0.727703263273172,-0.551116965955325
"9141738","2015-07-15",31.2983037931611,0,3.21964677141295e-15,2.30833870536647e-15,2.69608746662581,2.5499125333742,2.623,0.228635643716056,41.6087642610909,2.60120000000001,2.58702577479221,-0.759091486179231,-0.592711870000106
"9141737","2015-07-16",32.0346034069001,0,3.21964677141295e-15,2.30833870536647e-15,2.69700513932621,2.54566152734047,2.62133333333334,0.204865860668896,40.0792114192289,2.59680000000001,2.58208900481992,-0.806140956946999,-0.635397687389485
"9141736","2015-07-17",33.2878146342873,0,3.21964677141295e-15,2.30833870536647e-15,2.69958739306097,2.5370792736057,2.61833333333334,0.100019985352829,35.8245382296069,2.59280000000001,2.57381047084393,-0.927083105452242,-0.693734771002036
"9141735","2015-07-20",33.4976510513185,0.0714285714285703,0.0238095238095267,0.00793650793651012,2.69975556361452,2.53124443638549,2.6155,0.210207069786173,38.1803313034064,2.58840000000001,2.56796907473141,-0.980857182095562,-0.751159253220742
"9141734","2015-07-21",35.1714031846431,0,0.0238095238095267,0.0158730158730179,2.70184673565467,2.51115326434534,2.6065,-0.0934480393568509,27.3630642447312,2.58280000000001,2.54957319810055,-1.32467503819287,-0.865862410215167
"9141733","2015-07-22",35.6614901015547,0.636363636363638,0.235930735930739,0.0945165945165967,2.68021936326209,2.52044730340458,2.60033333333334,0.477050639079571,49.1038595986436,2.58200000000001,2.55229677168714,-1.14227023449281,-0.921143975070697
"9141732","2015-07-23",36.1165708101154,0.636363636363638,0.424242424242429,0.227994227994231,2.66303682123274,2.52796317876727,2.5955,0.508637263683486,49.1038595986435,2.58240000000001,2.55465720212886,-0.986318669960284,-0.934178914048614
"9141731","2015-07-24",36.539145753779,0.681818181818185,0.651515151515157,0.437229437229441,2.65559478647139,2.53007188019528,2.59283333333334,0.530538914745155,50.3352824657695,2.58320000000001,2.55803624184501,-0.821664507842546,-0.911676032807401
"9141730","2015-07-27",37.3704275882686,0.545454545454547,0.621212121212127,0.56565656565657,2.65029523262699,2.53003810070635,2.59016666666667,0.415458929509651,46.6859416441497,2.58200000000001,2.55696474293234,-0.776870943408881,-0.884715014927697
"9141729","2015-07-28",37.3938283668106,0.695652173913045,0.640974967061929,0.637900746596403,2.64477766776667,2.53255566556667,2.58866666666667,0.719802411141286,51.7128074427871,2.58040000000001,2.5613694438747,-0.608207440964681,-0.829413500135094
"9141728","2015-07-29",38.1273390571666,0.478260869565219,0.573122529644273,0.611769872639442,2.63826515531008,2.53240151135659,2.58533333333334,0.323672547349012,45.8883832006396,2.57400000000001,2.5585201846914,-0.624918144744557,-0.788514429056986
"9141727","2015-07-30",37.5310603679271,0.434782608695652,0.536231884057975,0.583443126921392,2.63488697314449,2.53177969352219,2.58333333333334,0.403013637478992,44.8015507165758,2.56840000000001,2.55471749339922,-0.662225168253827,-0.763256576896355
"9141726","2015-07-31",36.9773730136333,0.65217391304348,0.521739130434787,0.543697848045678,2.63166526372872,2.53266806960462,2.58216666666667,0.612797809730501,51.0448343603606,2.56760000000001,2.55808849427932,-0.527923392978757,-0.716189940112835
"9141725","2015-08-03",36.4632347560748,0.739130434782611,0.608695652173918,0.555555555555559,2.63256107381101,2.532438926189,2.5825,0.741371836707888,53.3192442863047,2.56760000000001,2.56367669504208,-0.354467445734585,-0.643845441237185
"9141724","2015-08-04",37.1507914805002,0.391304347826088,0.59420289855073,0.574879227053144,2.63289409514887,2.52677257151781,2.57983333333334,0.124644162933243,44.4278445417903,2.56320000000001,2.55785313570313,-0.463653569649436,-0.607807066919635
"9141723","2015-08-05",36.6292698967824,0.391304347826088,0.507246376811599,0.570048309178748,2.63091140119654,2.52408859880346,2.5775,0.273768651212286,44.4278445417903,2.55920000000001,2.55280605094272,-0.544257416954563,-0.595097136926621
"9141722","2015-08-06",36.1449998547587,0.478260869565219,0.420289855072468,0.507246376811598,2.62843282067131,2.52223384599536,2.57533333333334,0.324229313666835,46.9908321848689,2.55680000000001,2.55109857748369,-0.538887028457624,-0.583855115232822
"9141721","2015-08-07",34.8775817192195,0.434782608695652,0.434782608695656,0.45410628019324,2.62649342756176,2.52083990577158,2.57366666666667,0.370646369045686,45.8521470921988,2.55360000000001,2.5482854338192,-0.559888647872198,-0.579061821760697
"9141720","2015-08-10",33.7006934505046,0.357142857142858,0.423395445134579,0.426155969634234,2.62680187745781,2.52086478920886,2.57383333333334,0.6211410804795,50.9700988849559,2.55320000000001,2.55118070930997,-0.44483062781725,-0.552215582972007
"9141719","2015-08-11",32.6078686295551,0.357142857142858,0.383022774327126,0.413733609385786,2.62680187745781,2.52086478920886,2.57383333333334,0.589675864770531,50.9700988849559,2.55280000000001,2.55368994806864,-0.34964688555329,-0.511701843488264
"9141718","2015-08-12",31.2936643064312,0.357142857142858,0.357142857142861,0.387853692201521,2.62710785671108,2.52089214328892,2.574,0.619254169261379,50.9700988849559,2.55200000000001,2.55586462165949,-0.271112277074781,-0.463583930205567
"9141717","2015-08-13",30.0733317206733,0.571428571428575,0.428571428571433,0.389579020013806,2.6304858567674,2.52051414323261,2.5755,0.783406211150878,54.9580299398887,2.55280000000001,2.56174933877156,-0.113047609657069,-0.393476666095868
"9141716","2015-08-14",29.6122616770759,0.357142857142858,0.428571428571433,0.404761904761908,2.63137921134039,2.52295412199295,2.57716666666667,0.587618097039838,50.5317802785543,2.55240000000001,2.56284942693535,-0.0814229091032681,-0.331065914697348
"9141715","2015-08-17",29.9264370752533,0.0714285714285703,0.333333333333337,0.3968253968254,2.63153433271857,2.52146566728144,2.5765,0.289525324263135,45.2937668183628,2.55120000000001,2.55846950334397,-0.180279476821588,-0.300908627122196
"9141714","2015-08-18",29.5647614139761,0.142857142857144,0.190476190476194,0.317460317460321,2.62030393114745,2.54002940218589,2.58016666666667,0.331827104130781,46.7790502067508,2.55040000000001,2.55600690289811,-0.224637779958847,-0.285654457689526
"9141713","2015-08-19",29.5964371488849,0,0.0714285714285744,0.198412698412701,2.62031136389677,2.53435530276991,2.57733333333334,0.0656695660095757,44.1946661782307,2.54880000000001,2.55120598251169,-0.319407274512307,-0.292405021054082
"9141712","2015-08-20",30.4040846628399,0,0.047619047619051,0.103174603174606,2.62763537656493,2.51669795676841,2.57216666666667,-0.210610842382361,38.4722673533567,2.54560000000001,2.5403785181768,-0.547111414695922,-0.34334629978245
"9141711","2015-08-21",31.7600827292639,0,3.06236517625772e-15,0.039682539682542,2.64135941585313,2.48797391748021,2.56466666666667,-0.269303495126443,33.76413582423,2.54160000000001,2.52432804908656,-0.878301574949913,-0.450337354815943
"9141710","2015-08-24",33.0192237909434,0.150000000000002,0.0500000000000037,0.0325396825396851,2.64802901453967,2.46897098546033,2.5585,-0.0687169341521956,38.6178980234515,2.53840000000001,2.51441764254169,-1.03475695484705,-0.567221274822164
"9141709","2015-08-25",35.5432994412601,0,0.0500000000000037,0.033333333333336,2.66518627289466,2.42714706043868,2.54616666666667,-0.254077440216674,26.2082542458863,2.53200000000001,2.48182862353613,-1.72342966190684,-0.798462952239099
"9141708","2015-08-26",37.8870839736971,0.142857142857143,0.0976190476190512,0.0658730158730187,2.67866666666667,2.39333333333334,2.536,-0.1051401869159,32.6796672907125,2.52200000000001,2.46025147373131,-2.0904984447952,-1.05687005075032
"9141707","2015-08-27",40.2161336412756,0.0571428571428573,0.0666666666666697,0.0714285714285741,2.68988228652994,2.3584510468034,2.52416666666667,-0.0657282040000546,30.9271314474136,2.51080000000001,2.4375512772338,-2.45749199262651,-1.33699443912556
"9141706","2015-08-28",41.8155420078588,0.285714285714287,0.161904761904765,0.108730158730161,2.68570816618033,2.34295850048635,2.51433333333334,0.156697938921615,40.1452321643054,2.50240000000001,2.4285444402693,-2.45840644412407,-1.56127684012526
"9141705","2015-08-31",42.0144966490433,0.228571428571429,0.190476190476194,0.139682539682542,2.67677602714369,2.33122397285632,2.504,0.199032320283896,38.7528381021006,2.49440000000001,2.41807184823339,-2.49835342030501,-1.74869215616121
"9141704","2015-09-01",42.6208668971647,0.0857142857142854,0.200000000000004,0.184126984126987,2.67993427751643,2.30806572248358,2.494,0.0858751757421438,35.4431630700389,2.48280000000001,2.4023289351356,-2.66890808035167,-1.9327353409993
"9141703","2015-09-02",43.4116540285042,0,0.104761904761908,0.165079365079368,2.68115605778534,2.283177275548,2.48216666666667,0.0841486848379085,33.5895383667806,2.47200000000001,2.38468507711752,-2.87576381564072,-2.12134103592759
"9141702","2015-09-03",44.145956364748,0.228571428571429,0.104761904761908,0.136507936507939,2.67502741042709,2.26963925623958,2.47233333333334,0.222899319644703,42.2613420331729,2.46480000000001,2.38006040016852,-2.73951039147613,-2.2449749070373
"9141701","2015-09-04",44.8278085341172,0.171428571428572,0.133333333333337,0.114285714285717,2.66682404372751,2.25717595627249,2.462,0.234731663604798,40.8260668618924,2.45480000000001,2.37338568014605,-2.6693031129864,-2.32984054822712
"9141700","2015-09-08",45.8520321519649,0.0322580645161284,0.14408602150538,0.127393753200207,2.65508988923224,2.24091011076776,2.448,0.158763318051618,37.4058322197092,2.44200000000001,2.36093425612658,-2.75372102328574,-2.41461664323884
"9141699","2015-09-09",45.7520936487935,0.103448275862069,0.102378303935593,0.126599219591436,2.63854651902677,2.23245348097323,2.4355,0.248415616390844,39.5860518817706,2.43320000000001,2.35280968864303,-2.72270719903377,-2.47623475439783
"9141698","2015-09-10",45.6592936101344,0.241379310344828,0.125695216907678,0.124053180782883,2.61738809159168,2.230278575075,2.42383333333334,0.317880994932954,43.802060173129,2.42600000000001,2.3511017301573,-2.53238700968575,-2.48746520545541
"9141697","2015-09-11",45.9573162826501,0.103448275862069,0.149425287356325,0.125832936066531,2.58887101121121,2.22979565545547,2.40933333333334,0.241929750451306,40.7402870523743,2.41640000000001,2.34428816613632,-2.49066867138177,-2.48810589864068
"9141696","2015-09-14",46.3250989318039,0.0689655172413796,0.137931034482762,0.137683846248921,2.56027965084723,2.23072034915278,2.3955,0.240562625420071,39.9877461886548,2.40680000000001,2.33704974398481,-2.46461617486458,-2.48340795388546
"9141695","2015-09-15",46.6666113917324,0.130434782608695,0.100949525237384,0.129435282358823,2.53483838653811,2.23249494679523,2.38366666666667,0.278397705414141,41.1582590762806,2.39600000000001,2.33210977812017,-2.38278886005249,-2.46328413511887
"9141694","2015-09-16",47.5084258694202,0,0.0664667666166947,0.101782442112279,2.50184631427281,2.23648701906053,2.36916666666667,0.151416017192816,36.5516705007699,2.38280000000001,2.31982847437082,-2.49827965759287,-2.47028323961367
"9141693","2015-09-17",48.2901107415588,0.0769230769230756,0.0691192865105934,0.0788451927882233,2.46937970173752,2.24228696492916,2.35583333333334,0.136712291377142,39.0024175098411,2.37040000000001,2.31185134445471,-2.49336347003544,-2.47489928569802
"9141692","2015-09-18",47.5809393009205,0,0.0256410256410283,0.053742359589438,2.44447640702979,2.24552359297022,2.345,0.156534974605207,37.4448218061432,2.35600000000001,2.30227116519408,-2.53156693837874,-2.48623281623417
"9141691","2015-09-21",45.9491658872078,0.555555555555557,0.210826210826214,0.101862174325944,2.4286734401935,2.25232655980651,2.3405,0.59167537657137,48.5159232537876,2.34680000000001,2.30730167650154,-2.18701356355858,-2.42638896569905
"9141690","2015-09-22",44.7046635249596,0.470588235294118,0.342047930283228,0.192838388916823,2.40544304239755,2.26455695760246,2.335,0.582809219119349,46.7344497099771,2.33840000000001,2.30899478630133,-1.96114057592239,-2.33333928774372
"9141689","2015-09-23",43.5490541885863,0.500000000000001,0.508714596949895,0.353862912686445,2.40244361625432,2.26455638374569,2.3335,0.522965626396666,46.7344497099771,2.32960000000001,2.31046214812782,-1.76174236385556,-2.21901990296609
"9141688","2015-09-24",43.5384644392531,0,0.32352941176471,0.39143064633261,2.40282419779931,2.25384246886736,2.32833333333334,0.0413307804707743,39.2187313348979,2.31800000000001,2.29973386171078,-1.89687590445768,-2.1545911032644
"9141687","2015-09-25",42.6007613773042,0.23529411764706,0.24509803921569,0.359114015976764,2.40187977919251,2.2511202208075,2.3265,0.324223417182438,43.5628400094628,2.31000000000001,2.29576934681601,-1.8435776645755,-2.09238841552662
"9141686","2015-09-28",41.9612168525035,0.11764705882353,0.117647058823533,0.228758169934644,2.39133333333334,2.25,2.32066666666667,0.212264150943377,41.9484748230515,2.30320000000001,2.28966676724054,-1.85084846578135,-2.04408042557757
"9141685","2015-09-29",41.7988933139689,0,0.117647058823533,0.160130718954251,2.37944526349768,2.24755473650233,2.3135,0.0690870707087285,38.8477306828092,2.29360000000001,2.27904453160847,-1.97609122947423,-2.0304825863569
"9141684","2015-09-30",41.648164313901,0.263157894736842,0.126934984520127,0.12074303405573,2.37668349953695,2.24464983379639,2.31066666666667,0.292982091498957,44.3819945635637,2.29320000000001,2.27650526072734,-1.8777656514956,-1.99993919938464
"9141683","2015-10-01",41.5082016709808,0.42105263157895,0.228070175438601,0.157550739594086,2.37587519617046,2.24312480382955,2.3095,0.378217560177512,47.4546743716096,2.29200000000001,2.27830455929703,-1.67432451850098,-1.93481626320791
"9141682","2015-10-02",41.7167907574212,0.263157894736842,0.315789473684215,0.223598211214313,2.36879033628183,2.24220966371818,2.3055,0.298547444222341,44.7898639223386,2.29080000000001,2.27586395139076,-1.60088322115614,-1.86802965479755
"9141681","2015-10-05",42.4011723359047,0,0.228070175438601,0.257309941520471,2.3644049384021,2.23592839493123,2.30016666666667,0.0835815740782802,40.6888077107524,2.28440000000001,2.26708209120532,-1.70103681601146,-1.83463108704034
"9141680","2015-10-06",43.036669515925,0.210526315789475,0.157894736842109,0.233918128654974,2.36369969325081,2.23330030674919,2.2985,0.307003181979265,45.0254382634144,2.28040000000001,2.26480447904461,-1.6201650295427,-1.79173787554081
"9141679","2015-10-07",44.2082864389782,0,0.0701754385964947,0.152046783625734,2.36485777107404,2.2204755622593,2.29266666666667,-0.0263806435980066,39.5724844420477,2.27560000000001,2.253497215172,-1.78594231617298,-1.79057876366724
"9141678","2015-10-08",45.2962164389561,0.136363636363636,0.11562998405104,0.11456671982988,2.35762831515059,2.21570501818275,2.28666666666667,0.124210158072771,42.7713449943272,2.27320000000001,2.2476975864824,-1.79065651207005,-1.79059431334781
"9141677","2015-10-09",46.7192734116603,0,0.0454545454545484,0.0770866560340269,2.36078490933337,2.20021509066664,2.2805,-0.0428583490374853,38.393748171606,2.26520000000001,2.23467124161808,-1.98859366839569,-1.83019418435738
"9141676","2015-10-12",48.0406834577428,0.0454545454545466,0.060606060606064,0.07389686337055,2.36171703593502,2.18794963073165,2.27483333333334,0.0501649657760157,39.5050584913461,2.25840000000001,2.224715076069,-2.08753507868157,-1.88166236322222
"9141675","2015-10-13",49.2677070719623,0.333333333333336,0.126262626262631,0.0774410774410802,2.35725060038217,2.18374939961783,2.2705,0.266572220701727,45.8202104859654,2.25600000000001,2.2240863992598,-1.92698386517989,-1.89072666361375
"9141674","2015-10-14",50.5462153054442,0.23809523809524,0.205627705627711,0.130832130832134,2.35728678447671,2.1777132155233,2.2675,0.21692196335128,44.1651719849001,2.25200000000001,2.22087487935849,-1.85111234237141,-1.88280379936528
"9141673","2015-10-15",51.0542319579452,0.350000000000003,0.307142857142863,0.213011063011067,2.3563945871518,2.17493874618154,2.26566666666667,0.340181501764076,46.2557561737026,2.24720000000001,2.22075822877736,-1.69889512944652,-1.84602206538153
"9141672","2015-10-16",51.9954615458185,0.0500000000000013,0.212698412698418,0.241822991822996,2.35798895519341,2.16434437813993,2.26116666666667,0.115274534750195,41.2641396733891,2.24160000000001,2.21265713160705,-1.77634448545301,-1.83208654939583
"9141671","2015-10-19",52.938718170252,0,0.133333333333338,0.217724867724872,2.34519653045006,2.15913680288328,2.25216666666667,0.0942163251157768,40.4800780440675,2.23600000000001,2.20430284739277,-1.85408784325244,-1.83648680816715
"9141670","2015-10-20",53.8145993215116,0.176470588235297,0.0754901960784357,0.14050731403673,2.32986969217372,2.15946364115962,2.24466666666667,0.218319861798629,43.922558885858,2.23120000000001,2.2010624677404,-1.78610217193585,-1.82640988092089
"9141669","2015-10-21",54.2682463963276,0.176470588235297,0.117647058823534,0.108823529411768,2.31385306761332,2.16181359905335,2.23783333333334,0.251161105128356,43.922558885858,2.22880000000001,2.19825413870835,-1.71274755192906,-1.80367741512252
"9141668","2015-10-22",54.9445640599808,0,0.117647058823534,0.103594771241834,2.31311552973749,2.15455113692918,2.23383333333334,0.160495446803005,41.1615353335311,2.22440000000001,2.19182025354724,-1.74514173532478,-1.79197027916298
"9141667","2015-10-23",55.5725733190873,0,0.0588235294117686,0.0980392156862781,2.30429029290319,2.15137637376348,2.22783333333334,0.187187840044614,41.1615353335311,2.22080000000001,2.18624421974094,-1.75139260585339,-1.78385474450106
"9141666","2015-10-26",56.4710820691449,0,3.07161703479627e-15,0.0588235294117678,2.3009825643403,2.14168410232638,2.22133333333334,0.0522032514846002,37.5148844008974,2.21160000000001,2.17607832377548,-1.88353778549268,-1.80379135269938
"9141665","2015-10-27",57.3054116227698,0.176470588235297,0.0588235294117686,0.0392156862745126,2.29814138951475,2.13552527715192,2.21683333333334,0.191502484361834,41.6875166622123,2.20440000000001,2.17126788060542,-1.8568117172175,-1.81439542560301
"9141664","2015-10-28",57.6706216427256,0.411764705882357,0.196078431372554,0.0849673202614412,2.28821510930969,2.13678489069032,2.2125,0.395441388926908,46.7896635645964,2.19880000000001,2.17243216319136,-1.66801725633142,-1.78511979174869
"9141663","2015-10-29",53.7093745589845,0.466666666666668,0.35163398692811,0.202178649237477,2.29094299911545,2.13505700088455,2.213,1.07948330419982,54.3218738083449,2.19960000000001,2.18277454143251,-1.24458684745448,-1.67701320288985
"9141662","2015-10-30",50.1934995994803,0.806451612903228,0.561627661817421,0.369780026706028,2.32122359764662,2.11477640235338,2.218,1.28470429094419,63.1495853984793,2.20320000000001,2.20640460257484,-0.500647361532769,-1.44174003461843
"9141661","2015-11-02",46.746419283809,0.7741935483871,0.682437275985668,0.531899641577066,2.34744304050544,2.10122362616124,2.22433333333334,1.10515130537881,61.9769525068687,2.20720000000001,2.22555065556487,0.0468098720559862,-1.14403005328355
"9141660","2015-11-03",45.0164024527412,0.38709677419355,0.655913978494629,0.633326305432572,2.34930249841058,2.10069750158943,2.225,0.748050793247037,49.9826104072759,2.20800000000001,2.22614390148955,0.0439849776276979,-0.906427047101299
"9141659","2015-11-04",42.5591978791422,0.61764705882353,0.59297912713473,0.643776793871675,2.37035265565211,2.09431401101456,2.23233333333334,0.974571233212679,56.7440344208098,2.21040000000001,2.23865804795761,0.362288425096446,-0.65268395266175
"9141658","2015-11-05",40.8825505478577,0.470588235294119,0.491777356103736,0.580223487244364,2.38160850424998,2.09272482908336,2.23716666666667,0.821351953445567,52.4981033333607,2.20960000000001,2.2428369748966,0.428746747534103,-0.436397812622579
"9141657","2015-11-06",39.3256637402364,0.588235294117649,0.558823529411769,0.547860004216744,2.39469481217425,2.09463852115909,2.24466666666667,0.828827188834633,55.3748840491896,2.21160000000001,2.25179204491038,0.617351446178871,-0.225647960862289
"9141656","2015-11-09",37.353758054373,0.705882352941178,0.588235294117652,0.546278726544385,2.41312726151503,2.09453940515164,2.25383333333334,0.896018442469297,58.1071348114231,2.21720000000001,2.26488643892233,0.897950915235302,-0.000928185642771168
"9141655","2015-11-10",35.5227027746426,0.705882352941178,0.666666666666671,0.604575163398697,2.42513770789647,2.09519562543687,2.26016666666667,0.792475574139024,58.1071348114231,2.22120000000001,2.27623491373269,1.1056680132465,0.220391054135082
"9141654","2015-11-11",33.4581667743006,0.676470588235295,0.696078431372554,0.650326797385625,2.4359962980838,2.09833703524954,2.26716666666667,0.765060106003746,57.093601532051,2.22760000000001,2.284736925235,1.21951432942724,0.420215709193514
"9141653","2015-11-12",31.1842561241691,0.705882352941178,0.696078431372554,0.686274509803925,2.44777170045099,2.09989496621568,2.27383333333334,0.776438914140247,57.8847046316681,2.23320000000001,2.293438668537,1.32863400995984,0.601899369346779
"9141652","2015-11-13",30.2528947829951,0.419354838709678,0.600569259962054,0.664242040902386,2.45043003785429,2.11023662881238,2.28033333333334,0.606801990772413,49.9501509962559,2.23800000000001,2.29031351273206,1.12067262732918,0.705654020943259
"9141651","2015-11-16",29.2014905909913,0.333333333333334,0.486190174994733,0.594279288776446,2.45149017585752,2.12350982414249,2.2875,0.599091301750401,49.9501509962559,2.24240000000001,2.28760504436779,0.944963183174008,0.753515853389409
"9141650","2015-11-17",27.850091459253,0.545454545454548,0.432714239165856,0.506491224707547,2.45981622314102,2.13351711019232,2.29666666666667,0.755389395883617,56.8154089047343,2.24760000000001,2.29592437178542,1.07475578562093,0.817763839835713
"9141649","2015-11-18",26.5952208369246,0.545454545454548,0.474747474747479,0.464550629636022,2.46586451533235,2.14513548466766,2.3055,0.721890318189082,56.8154089047343,2.25360000000001,2.30313445554736,1.16333019592263,0.886877111053096
"9141648","2015-11-19",27.7820933941973,0,0.363636363636368,0.423699359183234,2.46246056846107,2.15253943153893,2.3075,0.217670111600079,39.5243696027174,2.25000000000001,2.28004986147438,0.454716483977236,0.800444985637924
"9141647","2015-11-20",27.3262236614442,0.45945945945946,0.334971334971339,0.391118391118395,2.46213722943465,2.17152943723202,2.31683333333334,0.671479687298207,51.7453277185624,2.25560000000001,2.28270987994446,0.486544038674386,0.737664796245217
"9141646","2015-11-23",26.2456786295773,0.73809523809524,0.399184899184903,0.365930865930869,2.47312658156296,2.19320675177038,2.33316666666667,1.01264678213875,59.0791917266399,2.26720000000001,2.30368189595187,0.992201628936829,0.788572162783539
"9141645","2015-11-24",24.4204280044045,0.816326530612246,0.671293742722318,0.468483325626186,2.50378991281528,2.20187675385139,2.35283333333334,1.18617965304202,62.9749198987516,2.28120000000001,2.33385764315829,1.67995360545912,0.966848451318655
"9141644","2015-11-25",23.6067992180235,0.796610169491527,0.783677312733007,0.618051984880075,2.55510490770043,2.19489509229958,2.375,1.23568234031907,65.7093123760772,2.29800000000001,2.36934329073718,2.42505304534935,1.25848937012479
"9141643","2015-11-27",23.7814880811794,0.774647887323945,0.795861529142575,0.750277528199299,2.63153640379974,2.16146359620027,2.3965,1.21655566518184,68.5664725880911,2.31920000000001,2.41076418530556,3.23154916415691,1.65310132893122
"9141642","2015-11-30",24.6771749958817,0.807228915662651,0.792828990826044,0.790789277567208,2.7278784726728,2.11245486066054,2.42016666666667,1.20385123061874,72.2954173816964,2.34520000000001,2.46266229393148,4.19561456224333,2.16160397559364
"9141641","2015-12-01",24.7276108188629,0.722891566265061,0.768256123083889,0.785648881017502,2.78638201136422,2.09528465530246,2.44083333333334,1.00041188886045,67.2813624349794,2.37000000000001,2.49830732140729,4.65435635263611,2.66015445100213
"9141640","2015-12-02",24.7744440830598,0.74698795180723,0.759036144578317,0.773373752829416,2.83396666515824,2.0973666681751,2.46566666666667,0.93126074934526,67.9649903953823,2.39440000000001,2.53186634521965,5.00950871659969,3.13002530412165
"9141639","2015-12-03",24.8179321140997,0.74698795180723,0.738955823293177,0.75541603031846,2.87449799713361,2.09783533619973,2.48616666666667,0.869744396262552,67.9649903953823,2.41720000000001,2.56095083252369,5.21843585818007,3.54770741493333
"9141638","2015-12-04",24.9335382770606,0.734939759036146,0.742971887550205,0.746987951807232,2.90829150829599,2.10804182503735,2.50816666666667,0.827189549475529,67.1513755012954,2.43680000000001,2.58482405485387,5.28265352746664,3.89469663743999
"9141637","2015-12-07",23.6781816962022,0.445783132530121,0.642570281124502,0.708165997322627,2.91414622056368,2.12618711276966,2.52016666666667,0.580164904551335,51.2838228860001,2.44240000000001,2.57351418087335,4.53229005280451,4.0222153205129
"9141636","2015-12-08",22.512493442548,0.445783132530121,0.542168674698799,0.642570281124501,2.91978822303317,2.1408784436335,2.53033333333334,0.568043824075293,51.2838228860001,2.44840000000001,2.56371229009024,3.89307106224073,3.99638646885846
"9141635","2015-12-09",21.4300686355833,0.457831325301205,0.449799196787152,0.54484605087015,2.92143050065976,2.15890283267358,2.54016666666667,0.517267133009659,51.8338136803348,2.45960000000001,2.55655065141154,3.37925241972143,3.87295965903106
"9141634","2015-12-10",20.424959886259,0.318181818181819,0.407265425337718,0.466411098941222,2.9213618321665,2.17763816783351,2.5495,0.491708389873273,51.8338136803348,2.46720000000001,2.55034389789,2.93844646912451,3.68605702104975
"9141633","2015-12-11",20.1997846111916,0,0.258671047827678,0.371911889984182,2.91936978745456,2.19163021254545,2.5555,0.409995275427774,46.919171454706,2.47360000000001,2.534298044838,2.30883498161805,3.41061261316341
"9141632","2015-12-14",19.9906932843432,0.0188679245283015,0.11234991423671,0.259428795800701,2.91276997196244,2.21489669470423,2.56383333333334,0.38464954509181,47.5881359166202,2.47880000000001,2.52172497219294,1.81978902040509,3.09244789461175
"9141631","2015-12-15",19.5444509171014,0.0566037735849054,0.0251572327044054,0.132059398256263,2.90505688936955,2.24094311063046,2.573,0.39509829656156,48.9732263886612,2.48320000000001,2.51349497590054,1.47880724048408,2.76971976378621
"9141630","2015-12-16",18.4894049391765,0.226415094339622,0.100628930817613,0.0793786925862419,2.90431854034887,2.26401479298447,2.58416666666667,0.529933709970552,54.7662858005782,2.49120000000001,2.51836231244714,1.48054095387025,2.51188400180302
"9141629","2015-12-17",17.8852737931763,0.30188679245283,0.194968553459122,0.106918238993713,2.90389027399707,2.29110972600293,2.5975,0.574795672746728,57.0975634317412,2.50120000000001,2.52791400412085,1.59095272736043,2.3276977469145
"9141628","2015-12-18",17.3242948718903,0.361702127659575,0.296668004817346,0.197421829698026,2.87213237643573,2.36586762356427,2.619,0.561232783487631,57.6847196458143,2.51120000000001,2.53752547023807,1.68956301468031,2.20007080046766
"9141627","2015-12-21",16.4432284443193,0.333333333333333,0.332307417815249,0.274647992030572,2.85670583177766,2.40629416822235,2.6315,0.467067164255362,55.242143220132,2.52320000000001,2.54185540753966,1.65236178676615,2.09052899772736
"9141626","2015-12-22",15.6250953330034,0.375000000000001,0.35667848699764,0.328551303210077,2.85244158081121,2.42455841918879,2.6385,0.448973609406479,55.9122875830403,2.53560000000001,2.54694135320104,1.63535520114273,1.99949423841043
"9141625","2015-12-23",15.2078745975507,0.45,0.386111111111115,0.358365671974667,2.85372851530243,2.43193815136424,2.64283333333334,0.509088243025608,57.9465485678781,2.54600000000001,2.55534917277424,1.69662129005792,1.93891964873993
"9141624","2015-12-24",14.8204553432016,0.625000000000001,0.483333333333337,0.40870764381403,2.85443943311872,2.43256056688129,2.6435,0.523308428367199,59.2949849108315,2.55720000000001,2.56530261640434,1.78651496180009,1.90843871135196
"9141623","2015-12-28",14.7026972419489,0.625000000000001,0.566666666666671,0.478703703703707,2.84691329641792,2.43275337024876,2.63983333333334,0.548692945387543,59.2949849108315,2.57720000000001,2.57392893421709,1.83536291821489,1.89382355272455
"9141622","2015-12-29",14.9480580708971,0.687500000000001,0.645833333333338,0.565277777777781,2.81533091785854,2.44733574880813,2.63133333333334,0.641306202834616,60.7544334090775,2.59120000000001,2.58407174298815,1.91344013813048,1.89774686980574
"9141621","2015-12-30",16.0878274867997,0.707317073170734,0.673272357723582,0.628590785907863,2.80981471945682,2.45018528054319,2.63,0.861483198908025,65.4267644610781,2.60240000000001,2.60219551058973,2.16612346417742,1.95142218868007
"9141620","2015-12-31",17.4890031658728,0.777777777777779,0.724198283649508,0.681101324902142,2.81682224187435,2.44617775812566,2.6315,0.99058691362211,68.8500153804672,2.61240000000001,2.62590277584443,2.51804885971527,2.06474752288711
"9141619","2016-01-04",17.2629522583444,0.545454545454547,0.676849798801023,0.691440146724704,2.80889576444482,2.44977090222185,2.62933333333334,0.780311048484756,58.4605126618899,2.61560000000001,2.63311573906517,2.45824434191995,2.14344688669368
"9141618","2016-01-05",16.6575273602382,0.452380952380953,0.591871091871096,0.664306391440542,2.79468598449293,2.45531401550708,2.625,0.671886126917462,55.7429080003492,2.61440000000001,2.63536697385648,2.29212410381956,2.17318233011886
"9141617","2016-01-06",15.8342178672691,0.242424242424243,0.413419913419918,0.560713601364012,2.79804424708695,2.45962241957972,2.62883333333334,0.592094138537795,53.942591385296,2.60760000000001,2.63465137734229,2.07533344836981,2.15361255376905
"9141616","2016-01-07",15.7667608211046,0,0.231601731601735,0.412297578964249,2.79906670214825,2.45459996451842,2.62683333333334,0.25759633404798,43.9960705234866,2.59840000000001,2.61669786036332,1.48726153953225,2.02034235092169
"9141615","2016-01-08",15.7041221353805,0,0.0808080808080844,0.241943241943245,2.79998365154531,2.45168301512136,2.62583333333334,0.234424832094163,43.9960705234866,2.58840000000001,2.60113814564821,1.00781473395375,1.8178368275281
"9141614","2016-01-11",15.747516424579,0,3.30291349825984e-15,0.104136604136607,2.80087242851315,2.44912757148686,2.625,0.22044130463012,43.2840487349564,2.57800000000001,2.58631972622845,0.588433424017221,1.57195614682592
"9141613","2016-01-12",16.0939213295903,0,3.30291349825984e-15,0.0269360269360294,2.80020344385985,2.45046322280682,2.62533333333333,0.132107893455129,41.1333507835006,2.56680000000001,2.56947709606465,0.158560770646199,1.28927707158998
"9141612","2016-01-13",16.5179597379204,0,3.30291349825984e-15,2.37772764440554e-15,2.80220481141489,2.44679518858512,2.6245,0.0559114801769684,40.4125239460561,2.56480000000001,2.55354681658937,-0.213331948887052,0.988755267494573
"9141611","2016-01-14",16.9117096885125,0,3.30291349825984e-15,2.37772764440554e-15,2.80600121211721,2.43933212121613,2.62266666666667,0.0745482674401685,40.4125239460561,2.56280000000001,2.53974057437745,-0.50417935561593,0.690168342872472
"9141610","2016-01-15",17.8050455505965,0,3.30291349825984e-15,2.37772764440554e-15,2.81520701640329,2.41312631693005,2.61416666666667,0.0502561212954432,36.6846547473367,2.55840000000001,2.52110849779379,-0.886250041790715,0.374884665939835
"9141609","2016-01-19",18.925436142258,0,3.30291349825984e-15,2.37772764440554e-15,2.82167902373276,2.38332097626724,2.6025,0.0608612614437158,34.6210753750827,2.55280000000001,2.50096069808795,-1.27436394968085,0.0450349428156986
"9141608","2016-01-20",20.4908837461773,0,3.30291349825984e-15,2.37772764440554e-15,2.83328797193624,2.34037869473043,2.58683333333334,-0.00753085453129561,30.8797521741957,2.54800000000001,2.47549927167622,-1.76129718218075,-0.316231482183592
"9141607","2016-01-21",21.9445136641024,0.0175438596491225,0.00584795321637746,0.00194931773879376,2.84088521705536,2.30544811627798,2.57316666666667,0.070755681667093,32.1949175152046,2.54320000000001,2.45476603545273,-2.09620161653166,-0.672225509053205
"9141606","2016-01-22",21.6719070369505,0.0769230769230771,0.0314889788574032,0.0124456440245937,2.83996402644947,2.28403597355054,2.562,0.196603425952078,36.1216788005028,2.53880000000001,2.4407972307257,-2.24056197719698,-0.985892802681959
"9141605","2016-01-25",21.7387985270456,0.0227272727272723,0.0390647364331606,0.0254672228356462,2.83504263248881,2.26162403417786,2.54833333333334,0.194812828681386,34.0011207406197,2.52960000000001,2.42469093329561,-2.42930273816684,-1.27457478977894
"9141604","2016-01-26",21.907414306072,0,0.0332167832167864,0.0345901661691158,2.82778574412704,2.23888092253963,2.53333333333333,0.194347892219987,33.2993718874571,2.51840000000001,2.40939880885619,-2.58566893071054,-1.53679361796526
"9141603","2016-01-27",22.0639861008822,0.0937499999999997,0.0388257575757606,0.037035759075235,2.81563205933801,2.22170127399533,2.51866666666667,0.244077923301616,37.4689322164835,2.50800000000001,2.40014563434203,-2.58138509695631,-1.74571191376347
"9141602","2016-01-28",22.3278643549311,0.0689655172413796,0.0542385057471297,0.0420936821798913,2.79704201737613,2.20795798262387,2.5025,0.258099029012167,36.6465812028145,2.49840000000001,2.39079288309643,-2.58326812352603,-1.91322315571598
"9141601","2016-01-29",21.1495038537379,0.034482758620689,0.0657327586206927,0.0529323406478601,2.75745437576356,2.20954562423645,2.4835,0.311099932768859,35.8004093189004,2.48800000000001,2.3813538320169,-2.59013814144893,-2.04860615286257
"9141600","2016-02-01",20.0553119597729,0.192307692307692,0.098585322723257,0.0728521956970256,2.6930050083935,2.23266165827317,2.46283333333333,0.363507676787528,41.608330243837,2.47800000000001,2.37850665441465,-2.43266816160285,-2.12541855461062
"9141599","2016-02-02",19.190323570315,0.210526315789475,0.145772255572622,0.103363445638856,2.64235141159847,2.24898192173486,2.44566666666667,0.350013787239934,40.6189976219608,2.46680000000001,2.37470576715936,-2.31540466441127,-2.16341577657075
"9141598","2016-02-03",18.3871200658184,0.526315789473687,0.309716599190288,0.184691392495388,2.59617743267441,2.26848923399226,2.43233333333334,0.452190323821016,48.52716834151,2.45800000000001,2.37941166487145,-1.99563343349189,-2.12985930795498
"9141597","2016-02-04",18.7750332741488,0.105263157894737,0.28070175438597,0.245396869716292,2.54604284998914,2.2892904833442,2.41766666666667,0.301365024726219,40.7370883577373,2.44520000000001,2.37282344288859,-1.99094653491361,-2.10207675334671
"9141596","2016-02-05",18.7428902777561,0.210526315789475,0.28070175438597,0.290373369320742,2.52502351424203,2.29464315242464,2.40983333333334,0.39944166037454,43.1922996210622,2.43040000000001,2.36978031717011,-1.89784801686343,-2.06123100605005
"9141595","2016-02-08",19.1031603194548,0.0526315789473676,0.122807017543863,0.2280701754386,2.50378547278727,2.29721452721274,2.4005,0.23939542570418,40.4830147494144,2.41200000000001,2.36314294154743,-1.90478974716176,-2.02994275427239
"9141594","2016-02-09",19.4376967867464,0.157894736842105,0.140350877192986,0.181286549707605,2.47896848436397,2.30536484896937,2.39216666666667,0.314712021476083,43.0478071581995,2.39840000000001,2.36005721600777,-1.8215260267078,-1.98825940875948
"9141593","2016-02-10",18.7362796879105,0.315789473684212,0.175438596491232,0.146198830409359,2.45965497990098,2.31467835343236,2.38716666666667,0.565527804249563,46.7543687219494,2.38720000000001,2.36138292054007,-1.63423966807488,-1.91745546062256
"9141592","2016-02-11",18.7934251544054,0.0526315789473676,0.175438596491232,0.163742690058482,2.44546092557179,2.31753907442821,2.3815,0.279813484444852,41.8640673817985,2.37480000000001,2.35586519780139,-1.63799572486498,-1.86156351347104
"9141591","2016-02-12",18.6493362195292,0,0.122807017543863,0.157894736842108,2.42765384457302,2.32367948876032,2.37566666666667,0.253144258831438,40.941720691236,2.36720000000001,2.34974983809454,-1.6567577948987,-1.82060236975657
"9141590","2016-02-16",17.5931448255469,0.263157894736842,0.10526315789474,0.134502923976611,2.42031294515456,2.32768705484545,2.374,0.780699056313847,47.2049803478168,2.36160000000001,2.3511165263486,-1.4831868396486,-1.75311926373498
"9141589","2016-02-17",16.439806400489,0.473684210526317,0.245614035087723,0.157894736842108,2.4250888100167,2.3249111899833,2.375,1.04902482192792,51.6249167743778,2.35800000000001,2.35763432283546,-1.19471964664263,-1.64143934031651
"9141588","2016-02-18",16.0100506937589,0.263157894736842,0.333333333333337,0.228070175438599,2.42458738920584,2.33041261079416,2.3775,0.597336747919841,47.3554132071116,2.35400000000001,2.35794974645739,-1.09041044186675,-1.53123356062656
"9141587","2016-02-19",14.9834413820389,0.500000000000001,0.41228070175439,0.330409356725149,2.43143060028313,2.33223606638354,2.38183333333334,0.985577831490438,51.6607088277875,2.35200000000001,2.36355644692974,-0.861116732268485,-1.39721019495494
"9141586","2016-02-22",14.6344339813059,0.63636363636364,0.466507177033498,0.404040404040408,2.45051873113032,2.32148126886968,2.386,1.20263832749227,56.4545807693213,2.35200000000001,2.37508225400578,-0.503725450667458,-1.21851324609745
"9141585","2016-02-23",14.3464791874616,0.181818181818183,0.439393939393945,0.439393939393944,2.45132210610151,2.3226778938985,2.387,0.549231389620054,46.5182847276959,2.35000000000001,2.37173795347167,-0.554074784340164,-1.08562555374599
"9141584","2016-02-24",14.4447645823765,0.0454545454545447,0.287878787878793,0.397926634768744,2.45080127387243,2.32519872612757,2.388,0.383229544861923,44.0154268372366,2.34800000000001,2.36483955967545,-0.688468031343437,-1.00619404926548
"9141583","2016-02-25",14.5360295919403,0.227272727272728,0.151515151515155,0.292929292929297,2.4507709134883,2.32622908651171,2.3885,0.404985067100708,48.0304227111822,2.35000000000001,2.36419428505206,-0.651401599024837,-0.935235559217351
"9141582","2016-02-26",15.3266305730279,0,0.0909090909090943,0.17676767676768,2.4528688567198,2.32146447661354,2.38716666666667,0.0903231437962519,43.0438332523892,2.34920000000001,2.35563504704512,-0.817802246693,-0.911748896712481
"9141581","2016-02-29",16.2753988416249,0,0.0757575757575794,0.106060606060609,2.45799011865864,2.30900988134137,2.3835,-0.0157283591226192,41.4972615057082,2.34640000000001,2.34555037410577,-1.00775514117656,-0.930950145605296
"9141580","2016-03-01",17.1563979481792,0,3.4879506690307e-15,0.0555555555555581,2.45999914441712,2.29766752224955,2.37883333333334,0.0554367922709963,41.4972615057082,2.34480000000001,2.336810324225,-1.14631985826164,-0.974024088136564
"9141579","2016-03-02",18.3092573414393,0,3.4879506690307e-15,0.0252525252525278,2.46424658211666,2.28342008455001,2.37383333333334,0.0179541281855545,39.0560358880421,2.34240000000001,2.32523561432833,-1.34573487261316,-1.04836624503188
"9141578","2016-03-03",19.3797696351808,0,3.4879506690307e-15,2.51650552248369e-15,2.46343654195946,2.27089679137388,2.36716666666667,0.0645920747358846,39.0560358880421,2.33880000000001,2.31520419908455,-1.48829539951251,-1.13635207592801
"9141577","2016-03-04",20.4917515162324,0,3.4879506690307e-15,2.51650552248369e-15,2.46884267871962,2.25482398794706,2.36183333333334,0.0241848599029336,38.1875585577087,2.33520000000001,2.30517697253995,-1.6189983063927,-1.23288132202095
"9141576","2016-03-07",21.0364241980623,0,3.4879506690307e-15,2.51650552248369e-15,2.46982894728405,2.24183771938262,2.35583333333334,0.108903081546536,38.1875585577087,2.33200000000001,2.29648670953462,-1.70431091460113,-1.32716724053698
"9141575","2016-03-08",21.2993999242682,0,3.4879506690307e-15,2.51650552248369e-15,2.47197036671149,2.23202963328852,2.352,0.158248939935302,38.1875585577087,2.32720000000001,2.28895514826334,-1.75281593946273,-1.41229698032213
"9141574","2016-03-09",21.9681203953947,0,3.4879506690307e-15,2.51650552248369e-15,2.47618869545875,2.21514463787459,2.34566666666667,0.0696767267068636,35.2505105722711,2.32160000000001,2.27842779516156,-1.87682046688837,-1.50520167763538
"9141573","2016-03-10",22.5890751185836,0,3.4879506690307e-15,2.51650552248369e-15,2.47522100379521,2.19911232953813,2.33716666666667,0.0997952606982576,35.2505105722711,2.31360000000001,2.26930408914002,-1.95415931233142,-1.59499320457459
"9141572","2016-03-11",21.3341026420443,0.148148148148149,0.0493827160493864,0.0164609053497968,2.47352341074105,2.19347658925896,2.3335,0.308960516970465,42.1327545127171,2.31040000000001,2.26673021058802,-1.85258554770529,-1.64651167320073
"9141571","2016-03-14",20.1687710566863,0.185185185185185,0.111111111111115,0.0534979423868339,2.47158016220629,2.18908650446038,2.33033333333334,0.345424258317526,43.742649977668,2.30680000000001,2.26583284917628,-1.71679976338782,-1.66056929123815
"9141570","2016-03-15",19.0866774417111,0.300000000000001,0.211111111111115,0.123868312757205,2.46334935804843,2.18598397528491,2.32466666666667,0.362996601733816,45.3791206909509,2.30480000000001,2.26638846928611,-1.55563919035713,-1.63958327106194
"9141569","2016-03-16",17.9962658279124,0.36842105263158,0.284535412605592,0.202252544942606,2.44850416126511,2.18816250540156,2.31833333333334,0.442383404030184,47.0382342250665,2.30240000000001,2.26820334004796,-1.37640773891824,-1.5869481646332
"9141568","2016-03-17",17.724575043022,0.66666666666667,0.445029239766087,0.313558587827597,2.44377005408448,2.18922994591552,2.3165,0.631609907141862,54.4829218888871,2.30080000000001,2.27644289470823,-1.04474143442008,-1.47850681859058
"9141567","2016-03-18",16.8187763999676,0.473684210526317,0.502923976608192,0.41082954299329,2.42821899158747,2.19511434174587,2.31166666666667,0.59294823883344,49.9463890866108,2.30000000000001,2.27958384208047,-0.878249402256392,-1.35845533532374
"9141566","2016-03-21",15.9776776599885,0.526315789473687,0.555555555555562,0.501169590643279,2.39409848709041,2.2149015129096,2.3045,0.660903014490848,51.3990746865148,2.30000000000001,2.28363932980307,-0.702874246743046,-1.2273391176076
"9141565","2016-03-22",14.9138568856257,0.42105263157895,0.473684210526322,0.510721247563358,2.38079434256236,2.22053899077098,2.30066666666667,0.599840659429741,48.3751352461848,2.29720000000001,2.28448741916266,-0.627293365587911,-1.10732996720366
"9141564","2016-03-23",13.9260233094316,0.42105263157895,0.456140350877199,0.495126705653026,2.37058670649761,2.2244132935024,2.2975,0.585514867196857,48.3751352461848,2.29280000000001,2.28522242994098,-0.560919519137182,-0.998047877590368
"9141563","2016-03-24",13.2399289343172,0.36842105263158,0.40350877192983,0.444444444444449,2.35660430008197,2.22972903325138,2.29316666666667,0.475041103394101,46.7792188905019,2.28960000000001,2.28452610594885,-0.53741364139418,-0.90592103035113
"9141562","2016-03-28",12.6028413002824,0.473684210526317,0.421052631578952,0.426900584795326,2.3526037927339,2.23072954059944,2.29166666666667,0.59572708313969,50.3100061849239,2.28560000000001,2.28658929182233,-0.443102453517363,-0.813357314984377
"9141561","2016-03-29",12.9119143279428,0.263157894736842,0.368421052631583,0.397660818713454,2.35102990132712,2.22930343200622,2.29016666666667,0.389095608577833,44.0199498728837,2.27800000000001,2.28304405291269,-0.503727816612709,-0.751431415310043
"9141560","2016-03-30",13.9363613658684,0.0526315789473699,0.263157894736847,0.35087719298246,2.35010629283378,2.22456037383289,2.28733333333334,0.202632043873344,38.7962883876503,2.27280000000001,2.274638179191,-0.685800747296428,-0.73830528170732
"9141559","2016-03-31",14.0584284851475,0.222222222222221,0.179337231968815,0.270305393112414,2.35010629283378,2.22456037383289,2.28733333333334,0.494689857926279,45.7314754387878,2.27040000000001,2.27268642196553,-0.680899638784649,-0.726824153122786
"9141558","2016-04-01",15.1612544569633,0,0.0916179337232004,0.17803768680962,2.35072695421033,2.22027304578968,2.2855,0.202321426751581,38.6557569859194,2.26400000000001,2.26299489903679,-0.88059461739225,-0.757578245976679
"9141557","2016-04-04",16.185307145078,0.100000000000001,0.107407407407411,0.126120857699808,2.35134899564932,2.21831767101736,2.28483333333334,0.213100153123616,41.8836356197454,2.26080000000001,2.25726224583189,-0.957415164464592,-0.797545629674262
"9141556","2016-04-05",16.094074783624,0.100000000000001,0.0666666666666704,0.0885640025990929,2.35144193171864,2.21755806828137,2.2845,0.317005579529874,41.8836356197454,2.25840000000001,2.25229394638764,-1.00716651861543,-0.839469807462496
"9141555","2016-04-06",16.0093590194167,0.450000000000002,0.216666666666671,0.13024691358025,2.35359402021654,2.21907264645014,2.28633333333334,0.651153179335188,52.1120253247346,2.25880000000001,2.25732142020262,-0.787008881018625,-0.828977622173722
"9141554","2016-04-07",16.6330971118462,0.250000000000001,0.266666666666671,0.183333333333337,2.35142057451569,2.22524609215099,2.28833333333334,0.381117007822172,47.0194971196563,2.25880000000001,2.25634523084227,-0.746970472346464,-0.81257619220827
"9141553","2016-04-08",16.4516064339501,0.333333333333333,0.344444444444449,0.275925925925929,2.34789050353463,2.23510949646538,2.2915,0.486699888226012,48.3776783224192,2.25920000000001,2.25683253339663,-0.671751000394649,-0.784411153845546
"9141552","2016-04-11",16.2830793759037,0.411764705882354,0.331699346405233,0.31427015250545,2.34789050353463,2.23510949646538,2.2915,0.398032476399662,49.7645510580112,2.26040000000001,2.25858819561042,-0.56982037494796,-0.741492998066029
"9141551","2016-04-12",15.3923951522863,0.333333333333334,0.359477124183011,0.345206971677563,2.34772937706535,2.23427062293466,2.291,0.373669216243759,47.0424532918368,2.26080000000001,2.25744310286236,-0.554100194021045,-0.704014437257032
"9141550","2016-04-13",14.7805647147246,0.266666666666669,0.337254901960789,0.342810457516343,2.34769652406245,2.23230347593755,2.29,0.297792555855868,45.6965262961425,2.26080000000001,2.25511735581405,-0.570869799823037,-0.677385509770233
"9141549","2016-04-14",15.0037622913223,0,0.200000000000004,0.298910675381267,2.34884224535222,2.22415775464779,2.2865,0.0735903770685829,40.682528346366,2.26040000000001,2.24776837503884,-0.719432672118936,-0.685794942239974
"9141548","2016-04-15",15.2110171838774,0.133333333333334,0.133333333333338,0.223529411764709,2.33895074751944,2.2233825858139,2.28116666666667,0.172631866986598,43.9916190438983,2.26080000000001,2.24406592503366,-0.757148949377762,-0.700065743667531
"9141547","2016-04-18",15.5988879777328,0.0666666666666657,0.0666666666666699,0.133333333333336,2.33231231060574,2.2200210227276,2.27616666666667,0.11855158897263,42.7087062309028,2.25920000000001,2.23952380169584,-0.813915390150899,-0.722835672964205
"9141546","2016-04-19",15.9590537148842,0.0666666666666657,0.0888888888888918,0.0962962962962989,2.32485153540325,2.21648179793009,2.27066666666667,0.063223696605675,42.7087062309028,2.25720000000001,2.23558729480306,-0.849424260412124,-0.748153390453789
"9141545","2016-04-20",16.2934933279534,0.0666666666666657,0.0666666666666689,0.074074074074076,2.31960762798127,2.21239237201874,2.266,0.102046683714664,42.7087062309028,2.25480000000001,2.23217565549599,-0.86781049661383,-0.772084811685797
"9141544","2016-04-21",16.2597002311427,0.133333333333334,0.0888888888888918,0.0814814814814833,2.31355948933893,2.21077384399441,2.26216666666667,0.219480932997084,44.7221181723446,2.25240000000001,2.23055223476319,-0.836725110954384,-0.785012871539514
"9141543","2016-04-22",16.2283209269614,0.133333333333334,0.111111111111115,0.0888888888888909,2.31071491806497,2.20761841526837,2.25916666666667,0.217093539785596,44.7221181723446,2.24800000000001,2.2291452701281,-0.802895131893933,-0.788589323610398
"9141542","2016-04-25",16.4654999450385,0.0666666666666657,0.111111111111115,0.103703703703706,2.30452231132186,2.20614435534481,2.25533333333334,0.208606807470588,42.97071567758,2.24440000000001,2.22659256744435,-0.80312266453364,-0.791495991795046
"9141541","2016-04-26",17.186195343813,0,0.0666666666666699,0.0962962962962989,2.30430448943097,2.1993621772357,2.25183333333334,0.0696048074238367,39.6281349028769,2.23960000000001,2.22171355845177,-0.8660797126536,-0.806412735966757
"9141540","2016-04-27",17.0802966194428,0.187500000000002,0.084722222222226,0.0875000000000026,2.30408693080432,2.19791306919569,2.251,0.333606252998584,46.3674217458246,2.23680000000001,2.22148508399153,-0.798005674127644,-0.804731323598935
"9141539","2016-04-28",16.6172203611471,0.285714285714288,0.1577380952381,0.103042328042331,2.29939792349066,2.19826874317602,2.24883333333334,0.445614114710599,48.4337912309891,2.23440000000001,2.222620406126,-0.699663672163853,-0.783717793311918
"9141538","2016-04-29",16.9841269786303,0.0714285714285735,0.181547619047624,0.141335978835983,2.29943967550761,2.19589365782573,2.24766666666667,0.264999814786766,43.0723251862276,2.23120000000001,2.21960435197586,-0.72238370553287,-0.771450975756109
"9141537","2016-05-02",17.9869522463273,0,0.119047619047624,0.152777777777782,2.30076803375873,2.19023196624128,2.2455,0.118525720937077,38.4845116568323,2.22600000000001,2.21299043837908,-0.840207723062214,-0.78520232521733
"9141536","2016-05-03",18.9181471377602,0.153846153846155,0.0750915750915795,0.125228937728942,2.29971458145286,2.18661875188048,2.24316666666667,0.236211905901965,42.8545245233847,2.22320000000001,2.2099250465952,-0.851269225953011,-0.798415705364466
"9141535","2016-05-04",19.9985917017104,0.0833333333333358,0.0790598290598337,0.0910663410663447,2.29088506823137,2.18344826510197,2.23716666666667,0.0299562298109671,41.2756526910727,2.22160000000001,2.20593504038251,-0.886576312403853,-0.816047826772343
"9141534","2016-05-05",21.4079297672612,0,0.0790598290598337,0.0777370777370814,2.28945309056905,2.17521357609762,2.23233333333334,0.0127196843908652,38.2410963210373,2.21760000000001,2.19981036833151,-0.976933081025033,-0.848224877622881
"9141533","2016-05-06",21.1538362039527,0.636363636363641,0.239898989898996,0.132672882672887,2.28039031883101,2.17894301450233,2.22966666666667,0.569001340610468,51.6417156946787,2.21880000000001,2.20383565255397,-0.783061748717562,-0.835192251841817
"9141532","2016-05-09",22.1024533434363,0.0909090909090898,0.242424242424247,0.187127687127691,2.27233809499517,2.17899523833817,2.22566666666667,0.2250280569301,43.0243007042137,2.21680000000001,2.19932423221344,-0.839632126972367,-0.836080226867927
"9141531","2016-05-10",22.983312115814,0.272727272727273,0.333333333333338,0.271885521885526,2.2632795348811,2.1807204651189,2.222,0.273899261214584,46.2443595929889,2.21560000000001,2.19808100125165,-0.80203873850393,-0.829271929195128
"9141530","2016-05-11",23.1061060974868,0.454545454545457,0.272727272727277,0.282828282828286,2.25570192064251,2.18396474602417,2.21983333333334,0.548789208922949,49.3284227025173,2.21240000000001,2.19967020108477,-0.690885556714138,-0.80159465469893
"9141529","2016-05-12",22.8859434839951,0.454545454545457,0.393939393939399,0.333333333333337,2.25498238999842,2.18401761000158,2.2195,0.600989063405566,49.3284227025173,2.21080000000001,2.2010475076068,-0.595917740820084,-0.760459271923161
"9141528","2016-05-13",22.3485691116466,0.454545454545457,0.454545454545461,0.373737373737378,2.25297519424727,2.1846914724194,2.21883333333334,0.663533362970622,49.3284227025173,2.20880000000001,2.20224117325922,-0.514714905517988,-0.711310398642126
"9141527","2016-05-16",21.8495786230373,0.454545454545457,0.454545454545461,0.434343434343439,2.25255537340571,2.18477795992763,2.21866666666667,0.667214013514934,49.3284227025173,2.20640000000001,2.20327568349133,-0.445223462408362,-0.658093011395373
"9141526","2016-05-17",21.3862303121858,0.818181818181824,0.575757575757583,0.494949494949501,2.25803980197968,2.18262686468699,2.22033333333334,0.981791780531167,56.1032781657824,2.20640000000001,2.20950559235915,-0.241143723952753,-0.574703153906849
"9141525","2016-05-18",21.9383167325113,0.416666666666669,0.563131313131321,0.531144781144787,2.2589486554201,2.18271801124657,2.22083333333334,0.663976051042446,49.0419268401905,2.20520000000001,2.20957151337793,-0.223022049866783,-0.504366933098836
"9141524","2016-05-19",22.4509684085278,0.500000000000006,0.578282828282837,0.572390572390579,2.25936085968218,2.18263914031783,2.221,0.704201193566363,50.712111486122,2.20600000000001,2.21096197826087,-0.170203556709536,-0.437534257820976
"9141523","2016-05-20",22.5120542497825,0.583333333333338,0.500000000000008,0.547138047138054,2.26163701825488,2.1820296484118,2.22183333333334,0.811947667436821,52.3925068918424,2.20640000000001,2.21350038115942,-0.0908566420096402,-0.368198734658709
"9141522","2016-05-23",21.1388701530715,0.687500000000004,0.590277777777786,0.556186868686876,2.2736629691433,2.17600369752338,2.22483333333334,1.13315374267769,58.4889884358393,2.20880000000001,2.2210336636715,0.116041997108174,-0.271350588305332
"9141521","2016-05-24",20.926977879648,0.681818181818185,0.650883838383846,0.580387205387212,2.29834057032972,2.16399276300362,2.23116666666667,1.26046396811426,63.5198793399292,2.21280000000001,2.23289584184863,0.419151090392367,-0.133250252565793
"9141520","2016-05-25",20.4267620802247,0.619047619047621,0.662788600288607,0.634650072150079,2.31487973320919,2.15678693345748,2.23583333333334,1.07455705431233,61.5127676392876,2.21640000000001,2.24184306293548,0.614809548295292,0.0163617076064243
"9141519","2016-05-26",19.9622759807603,0.904761904761909,0.735209235209242,0.682960557960564,2.33951125291188,2.14448874708812,2.242,1.13924246147942,68.0384464316925,2.22200000000001,2.25759732121075,0.972181058012045,0.207525577687548
"9141518","2016-05-27",19.1701921930378,0.578947368421055,0.700918964076865,0.69963893319157,2.35092439730235,2.14340893603099,2.24716666666667,0.883103984218487,57.533077676727,2.22520000000001,2.26325101171598,1.02764863764253,0.371550189678545
"9141517","2016-05-31",18.5458507152306,0.521739130434785,0.66848280120592,0.701537000164008,2.36922216802167,2.141444498645,2.25533333333334,0.988780720419179,60.7927779780861,2.23000000000001,2.27215087682052,1.16418234295161,0.530076620333159
"9141516","2016-06-01",18.3489279112746,0.480000000000002,0.526895499618618,0.632099088300467,2.38640512809829,2.14026153856838,2.26333333333334,0.946893620955469,60.7927779780861,2.23560000000001,2.27986409324445,1.25689693238549,0.675440682743625
"9141515","2016-06-02",18.1660710218869,0.520000000000001,0.5072463768116,0.567541559212045,2.39796241701489,2.14670424965178,2.27233333333334,0.875443848545642,61.922681477757,2.24040000000001,2.28788221414519,1.34923853570175,0.810200253335249
"9141514","2016-06-03",18.5633713825773,0.720000000000003,0.573333333333339,0.535825069921185,2.41514199259666,2.15285800740334,2.284,0.980395323820962,67.0377027172519,2.24680000000001,2.30149791892583,1.57851245886096,0.963862694440391
"9141513","2016-06-06",18.3720124747202,0.640000000000003,0.626666666666673,0.56908212560387,2.42995973647731,2.15404026352269,2.292,0.879337730482971,63.3706758008676,2.25360000000001,2.31063152973572,1.66906377073286,1.10490290969888
"9141512","2016-06-07",18.9161623402329,0.500000000000002,0.620000000000006,0.606666666666672,2.44019638235053,2.16347028431615,2.30183333333334,0.842697468749578,59.8452671346301,2.26080000000001,2.31588065910429,1.65118862515912,1.21416005279093
"9141511","2016-06-08",19.421444358209,0.703703703703706,0.614567901234574,0.62041152263375,2.45596208072482,2.17103791927519,2.3135,0.932278772147706,65.962854717351,2.26960000000001,2.32842990455705,1.82336227245576,1.3360004967239
"9141510","2016-06-09",18.3349059010897,0.461538461538463,0.555080721747394,0.59654954099399,2.4586135163347,2.18271981699864,2.32066666666667,0.666730882621446,56.6657305689765,2.27640000000001,2.33130591728278,1.73103317897996,1.41500703317511
"9141509","2016-06-10",17.546406859055,0.181818181818183,0.449020115686787,0.539556246222917,2.45751429401149,2.19515237265518,2.32633333333334,0.552090892596041,51.4585770182842,2.28240000000001,2.32846512831174,1.50218012253258,1.4324416510466
"9141508","2016-06-13",16.5929874499148,0.105263157894737,0.249539933750464,0.417880257061548,2.45610911628156,2.20855755038512,2.33233333333334,0.57136560256724,52.6305113598719,2.28600000000001,2.32733644453684,1.34005512208197,1.41396434525368
"9141507","2016-06-14",15.7076694271417,0.263157894736844,0.183413078149925,0.293991042529058,2.4543838528847,2.22394948044864,2.33916666666667,0.619339835065739,56.0580037415219,2.29320000000001,2.33035825193193,1.30047873968699,1.39126722414034
"9141506","2016-06-15",16.1848073715754,0,0.122807017543864,0.185253343148083,2.45167620823442,2.23332379176559,2.3425,0.412221412629035,47.4336625424768,2.29680000000001,2.32364381834101,1.01484420989211,1.31598262129069
"9141505","2016-06-16",16.6278640342639,0.523809523809527,0.262322472848794,0.189514189514193,2.44947867334824,2.25152132665176,2.3505,0.716376578329292,58.2924693753844,2.30400000000001,2.33249130922887,1.15644524522134,1.28407514607682
"9141504","2016-06-17",17.6588595824538,0.333333333333335,0.285714285714291,0.223614592035648,2.4407565656505,2.27257676768284,2.35666666666667,0.519820057900003,53.929773171315,2.30960000000001,2.33482580133169,1.11681346044106,1.25062280894967
"9141503","2016-06-20",19.4729375425416,0,0.285714285714291,0.277917014759124,2.43009164625891,2.29057502040776,2.36033333333334,0.210906617134153,47.2633920604202,2.31240000000001,2.32751569448746,0.833610820408093,1.16722041124135
"9141502","2016-06-21",21.1574385054804,0,0.111111111111115,0.227513227513231,2.42693784158353,2.29606215841647,2.3615,0.106496800981241,47.2633920604202,2.31520000000001,2.3211802685558,0.601897085039904,1.05415574600106
"9141501","2016-06-22",22.7216179710663,0.0952380952380955,0.0317460317460353,0.142857142857146,2.42743626854195,2.29456373145806,2.361,0.216520302138226,49.3385010065914,2.31720000000001,2.31835623274836,0.482115974244879,0.939747791649828
"9141500","2016-06-23",24.1740703319676,0,0.0317460317460353,0.058201058201061,2.4281025969258,2.29289740307421,2.3605,0.175801409068258,47.3327583629046,2.32000000000001,2.31324206838191,0.313784608385026,0.814555154996867
"9141499","2016-06-24",26.2023369569275,0,0.0317460317460353,0.0317460317460343,2.43822640629522,2.27077359370479,2.3545,-0.143962508991034,41.8378041495325,2.32000000000001,2.30080979259766,-0.0297112388349174,0.64570187623051
"9141498","2016-06-27",28.1843636062963,0,3.46944695195361e-15,0.0211640211640237,2.44713115042805,2.25320218290529,2.35016666666667,-0.0680774155296821,40.9838232315682,2.31920000000001,2.2887018202513,-0.3348278071863,0.449595939547148
"9141497","2016-06-28",28.0456989309731,0.300000000000001,0.100000000000004,0.0439153439153466,2.44572295691592,2.24827704308409,2.347,0.278842388686449,47.8605485232708,2.31920000000001,2.2862082442178,-0.361465459388899,0.287383659759939
"9141496","2016-06-29",27.9169388753158,0.450000000000001,0.250000000000004,0.11666666666667,2.44296093415947,2.24603906584053,2.3445,0.392512361134073,50.9387957458875,2.31880000000001,2.28804714498876,-0.273472403524211,0.175212447103109
"9141495","2016-06-30",26.5674027356566,0.482758620689657,0.41091954022989,0.253639846743298,2.44716776677069,2.24516556656265,2.34616666666667,0.766498747428929,55.6395389081403,2.32080000000001,2.29630752565692,-0.0273809880451781,0.134693760073452
"9141494","2016-07-01",25.3142620345445,0.827586206896555,0.586781609195408,0.415900383141766,2.45799593488378,2.23933739844956,2.34866666666667,1.00916527270739,63.2280946911355,2.32440000000001,2.31679985556933,0.510270078507125,0.209809023760186
"9141493","2016-07-05",24.9805717961777,0.310344827586207,0.540229885057477,0.512643678160924,2.45434989520256,2.23965010479745,2.347,0.576075217877535,49.5387152594684,2.32440000000001,2.31455987482676,0.407044915963506,0.24925620220085
"9141492","2016-07-06",24.670716574837,0.310344827586207,0.48275862068966,0.536590038314181,2.45056112856297,2.24010553810371,2.34533333333334,0.585528732977427,49.5387152594684,2.32320000000001,2.31261855818319,0.321508281707139,0.263706618102108
"9141491","2016-07-07",24.6118735181374,0.241379310344828,0.287356321839084,0.436781609195406,2.43641520027505,2.24225146639162,2.33933333333334,0.383260039280668,47.9339018244688,2.32120000000001,2.3082694170921,0.181731138956809,0.247311522273048
"9141490","2016-07-08",24.8903079348558,0.137931034482759,0.229885057471268,0.333333333333337,2.43400606298317,2.23699393701683,2.3355,0.269049748705435,45.5502307004517,2.31760000000001,2.30050016147982,-0.0339830435159061,0.191052609115257
"9141489","2016-07-11",24.7623098165427,0.275862068965518,0.218390804597705,0.245210727969352,2.43328827800122,2.23604505533212,2.33466666666667,0.442541329532269,49.1790843914384,2.31360000000001,2.29910013994918,-0.0641502872075428,0.140012029850697
"9141488","2016-07-12",24.6434544209663,0.275862068965518,0.229885057471269,0.226053639846746,2.4316097362734,2.23405693039327,2.33283333333334,0.401292214437919,49.1790843914384,2.31040000000001,2.29788678795595,-0.0870722774266475,0.0945951683952283
"9141487","2016-07-13",23.5763479584546,0.275862068965518,0.275862068965522,0.241379310344831,2.42854998718606,2.23345001281395,2.331,0.49487442269933,49.1790843914384,2.30800000000001,2.29683521622849,-0.104052850384362,0.0548655646393103
"9141486","2016-07-14",22.234618264448,0.310344827586207,0.287356321839085,0.264367816091958,2.42962513337593,2.23437486662408,2.332,0.55804516184213,50.2150972283135,2.30360000000001,2.29725718739803,-0.0814344753661378,0.0276055566382207
"9141485","2016-07-15",21.5868592464662,0.172413793103448,0.252873563218395,0.272030651341,2.42174879066951,2.2322512093305,2.327,0.322337222307649,46.1614429886323,2.30000000000001,2.29228956241162,-0.201879713485653,-0.0182914973865541
"9141484","2016-07-18",20.9853687297688,0.28,0.254252873563222,0.2648275862069,2.41905390602927,2.23194609397073,2.3255,0.524050305278484,52.3722546505475,2.30040000000001,2.29598428742341,-0.0852810011662597,-0.0316893981424952
"9141483","2016-07-19",19.8523871390082,0.360000000000001,0.270804597701153,0.259310344827589,2.42145405241424,2.2328792809191,2.32716666666667,0.638760166374312,54.2661506804376,2.30120000000001,2.30185304910029,0.0762632589076828,-0.0100988667324596
"9141482","2016-07-20",18.7636734811509,0.560000000000002,0.400000000000005,0.308352490421459,2.43071771972069,2.23261561361265,2.33166666666667,0.844939963919718,58.6888561912745,2.30280000000001,2.31360597588691,0.374176267063664,0.0667561600267651
"9141481","2016-07-21",18.204308434393,0.291666666666667,0.403888888888894,0.358231162196683,2.4322841041322,2.2337158958678,2.333,0.585612899207719,51.2207735072659,2.30440000000001,2.31445851243533,0.361296810983536,0.125664290218119
"9141480","2016-07-22",17.1763960067866,0.625000000000001,0.492222222222227,0.432037037037041,2.44272004470433,2.23294662196234,2.33783333333334,0.859912132877089,57.8258314513614,2.30480000000001,2.32586404411062,0.621881476155073,0.22490772740551
"9141479","2016-07-25",16.9315395545576,0.416666666666668,0.444444444444449,0.446851851851856,2.44385754207513,2.24647579125821,2.34516666666667,0.744027963412578,52.9958212306984,2.30480000000001,2.32908217156253,0.646753241828035,0.309276830290015
"9141478","2016-07-26",16.2186906281023,0.666666666666669,0.56944444444445,0.502037037037041,2.46819604469726,2.24880395530275,2.3585,1.17535099864166,61.341585712932,2.31240000000001,2.3478712153542,1.06728627526482,0.460878719284977
"9141477","2016-07-27",15.3674512513797,0.484848484848486,0.522727272727278,0.512205387205391,2.48211382078089,2.25088617921911,2.3665,0.918779228466329,55.9887364968321,2.31760000000001,2.35615505330697,1.17847860790989,0.60439869700996
"9141476","2016-07-28",14.8324049565819,0.36842105263158,0.506645401382249,0.532939039517991,2.49812706859037,2.2505395980763,2.37433333333334,0.92678519412661,55.1253313026821,2.32160000000001,2.36200104619937,1.21763295168906,0.727045547945781
"9141475","2016-07-29",15.8045796160588,0.185185185185186,0.346151574221754,0.458508082777093,2.51598166135829,2.24335167197504,2.37966666666667,0.965832831843991,51.6915085679962,2.32480000000001,2.36173424003946,1.09924273298794,0.801484984954212
"9141474","2016-08-01",16.7073132284303,0.333333333333334,0.295646523716703,0.382814499773568,2.52158311078123,2.24075022255211,2.38116666666667,0.887537706212444,57.4061412950964,2.33360000000001,2.37216967470086,1.26322144364612,0.893832276692594
"9141473","2016-08-02",17.5455658684895,0.351851851851853,0.290123456790128,0.310640518242861,2.5297295150447,2.24193715162197,2.38583333333334,0.746126521534152,58.07378567093,2.34320000000001,2.38254705140741,1.40943838828909,0.996953499011893
"9141472","2016-08-03",17.5886089641868,0.25925925925926,0.314814814814819,0.300194931773883,2.53427163438282,2.24439503228385,2.38933333333334,0.651788725552174,53.5537411562979,2.34840000000001,2.38487411121976,1.33993866156226,1.06555053152197
"9141471","2016-08-04",16.8365055070165,0.0416666666666668,0.217592592592597,0.274176954732514,2.53328975045233,2.24971024954768,2.3915,0.388920038650488,48.6593896050976,2.35000000000001,2.37889089639046,1.06951088519074,1.06634260225572
"9141470","2016-08-05",17.8729372073223,0.291666666666667,0.197530864197535,0.243312757201649,2.54521767001088,2.25978232998913,2.4025,0.876617695593702,57.103304745276,2.35440000000001,2.3897054435384,1.24681444127646,1.10243697005987
"9141469","2016-08-08",17.7266405304185,0.0833333333333336,0.138888888888893,0.184670781893007,2.5442531934855,2.26808013984783,2.40616666666667,0.4656012783475,49.7588935436115,2.35080000000001,2.38574471773328,1.03712242186693,1.08937406042128
"9141468","2016-08-09",17.0958461401238,0,0.125000000000004,0.153806584362143,2.54245472491832,2.27254527508169,2.4075,0.249916129128268,46.5360449769251,2.35120000000001,2.37564542203551,0.69338999323596,1.01017724698422
"9141467","2016-08-10",15.9519060629513,0,0.0277777777777815,0.0972222222222251,2.54725954371422,2.26274045628578,2.405,0.0606621646027761,42.9417413119691,2.34920000000001,2.35889269909744,0.212786922139663,0.850699182015306
"9141466","2016-08-11",14.889675991291,0.145454545454546,0.0484848484848522,0.0670875420875449,2.54769023864931,2.2613097613507,2.4045,0.251496095900194,48.6380110710282,2.35120000000001,2.35504033921778,0.103254471504344,0.701210239913113
"9141465","2016-08-12",14.2172258283634,0.0545454545454543,0.0666666666666703,0.0476430976431004,2.54701436035328,2.2626523063134,2.40483333333334,0.131338528316312,45.5755627084592,2.35240000000001,2.34503496065541,-0.153857722721307,0.530196647386229
"9141464","2016-08-15",14.1942386306385,0,0.0666666666666703,0.0606060606060633,2.55248340616586,2.25118326050081,2.40183333333334,0.0624518101630942,41.6241610347694,2.34920000000001,2.32703029923469,-0.594325511258575,0.305292215657268
"9141463","2016-08-16",14.1728933756082,0.0847457627118643,0.0464304057524431,0.0599212463619269,2.55578516405709,2.24154816927625,2.39866666666667,0.154188817766473,45.2739668347443,2.34800000000001,2.3180929260034,-0.763192705648696,0.0915952313960754
"9141462","2016-08-17",14.2425218233271,0.0677966101694917,0.0508474576271223,0.0546481766820776,2.55806987770631,2.22726345562703,2.39266666666667,0.159418139592005,44.6723908410488,2.34640000000001,2.30901386920294,-0.922261986792094,-0.111176212241559
"9141461","2016-08-18",14.3071768104946,0.175,0.109180790960456,0.0688195514466727,2.55993754975505,2.21972911691163,2.38983333333334,0.216350358533243,46.9497690748458,2.34560000000001,2.30514535330922,-0.933195961573763,-0.275580162107999
"9141460","2016-08-19",13.9710660272584,0.15,0.130932203389834,0.0969868173258031,2.55842731692281,2.2095726830772,2.384,0.249656949169301,46.2661408793505,2.34600000000001,2.30045930620132,-0.966049895179921,-0.413674108722384
"9141459","2016-08-22",13.6589631571105,0.175,0.16666666666667,0.135593220338986,2.55774998057498,2.20025001942502,2.379,0.260372934332329,47.09572786994,2.34440000000001,2.29773139870781,-0.946286927885831,-0.520196672555073
"9141458","2016-08-23",12.9549802705612,0.175,0.16666666666667,0.154755178907724,2.54036596709276,2.19730069957391,2.36883333333334,0.309074231053116,47.09572786994,2.34200000000001,2.29536721221344,-0.920132157486298,-0.600183769541318
"9141457","2016-08-24",12.6716604148914,0.1,0.150000000000004,0.161111111111114,2.52975830049924,2.18924169950077,2.3595,0.256742158560111,44.6948922983435,2.33640000000001,2.28931825058498,-0.993825827046135,-0.678912181042282
"9141456","2016-08-25",12.4085776917693,0.115384615384617,0.130128205128209,0.148931623931627,2.51391394787843,2.18441938545491,2.34916666666667,0.269849515040359,43.891686925023,2.33320000000001,2.28274248384032,-1.07570349808865,-0.758270444451556
"9141455","2016-08-26",12.1642865917275,0.263157894736842,0.15951417004049,0.146547458389567,2.48816139465404,2.18783860534597,2.338,0.317973631662716,45.9825123399811,2.32760000000001,2.27971015266161,-1.05804877955998,-0.818226111473242
"9141454","2016-08-29",12.080129066777,0.222222222222223,0.200254910781231,0.163299095316642,2.46233292181008,2.1923337448566,2.32733333333334,0.312345106980083,45.0780094131355,2.32360000000001,2.27574879897339,-1.06739798490538,-0.86806048615967
"9141453","2016-08-30",12.4229905860977,0.0555555555555571,0.180311890838211,0.18002699055331,2.44229204721519,2.19137461945148,2.31683333333334,0.220359533046275,42.384431274627,2.31360000000001,2.26831562577694,-1.16834591590982,-0.9281175721097
"9141452","2016-08-31",12.5475260674763,0.222222222222223,0.166666666666671,0.18241115609537,2.42354631383419,2.19378701949915,2.30866666666667,0.331707932518773,45.8678434176472,2.30720000000001,2.26587354234001,-1.12902678838825,-0.968299415365411
"9141451","2016-09-01",12.9551591907776,0.111111111111112,0.129629629629634,0.158869395711505,2.4182217259499,2.18811160738345,2.30316666666667,0.268951200417042,43.9596909929288,2.30040000000001,2.26109040336135,-1.15606731545954,-1.00585299538424
"9141450","2016-09-02",13.4796705922876,0,0.111111111111115,0.135802469135806,2.35859174676577,2.22074158656758,2.28966666666667,0.13970541205564,42.9965431194152,2.29480000000001,2.25561168291317,-1.19983205513932,-1.04464880733525
"9141449","2016-09-06",13.5276130683439,0,0.0370370370370408,0.0925925925925957,2.33387925322892,2.22978741343775,2.28183333333334,0.0981113080788715,42.0054183341837,2.28560000000001,2.24953012519141,-1.25639855246988,-1.08699875636218
"9141448","2016-09-07",13.7363448410406,0,3.5527136788005e-15,0.0493827160493855,2.32628984826295,2.22604348507039,2.27616666666667,0.0062165007929043,40.987916221042,2.27560000000001,2.24292610849922,-1.32255636814402,-1.13411027871855
"9141447","2016-09-08",13.9301672014018,0.0666666666666657,0.0222222222222254,0.0197530864197556,2.32726137424404,2.22040529242264,2.27383333333334,0.120985541396739,42.4881940597956,2.26800000000001,2.23853596069933,-1.32428312439818,-1.17214484785448
"9141446","2016-09-09",14.7696142833498,0,0.0222222222222254,0.0148148148148172,2.32313079962612,2.21086920037389,2.267,-0.126512839669397,38.2943687747017,2.26120000000001,2.22939783260608,-1.45401308386052,-1.22851849505568
"9141445","2016-09-12",15.5491008594445,0,0.0222222222222254,0.0222222222222244,2.32472710389277,2.19827289610724,2.2615,-0.0654220705828067,36.3617697250709,2.24880000000001,2.21881145492527,-1.61224337353161,-1.30526347075087
"9141444","2016-09-13",16.2729098229609,0.368421052631582,0.122807017543864,0.0557504873294374,2.32404197600529,2.19495802399472,2.2595,0.271466556914922,46.5324471726011,2.24320000000001,2.2189699276019,-1.4668857893712,-1.33758793447493
"9141443","2016-09-14",17.2876927602381,0.263157894736845,0.210526315789479,0.118518518518522,2.32159929221056,2.18973404112278,2.25566666666667,0.178965208922587,44.35144450997,2.23880000000001,2.21644060392165,-1.4082730711115,-1.35172496180225
"9141442","2016-09-15",18.5527641910338,0.166666666666669,0.266081871345036,0.199805068226125,2.32118101925521,2.1818189807448,2.2515,0.106540389912277,42.2203308238825,2.23600000000001,2.2115818567321,-1.41862149199365,-1.36510426784053
"9141441","2016-09-16",19.0281795908383,0.161290322580646,0.19703829466139,0.224548827265301,2.32010383612795,2.18222949720539,2.25116666666667,0.757480835646544,45.0631378636076,2.23080000000001,2.21003760916782,-1.33868232554361,-1.35981987938114
"9141440","2016-09-19",19.4696367477996,0.483870967741936,0.270609318996421,0.244576495000948,2.32833333333334,2.17766666666667,2.253,1.03318584070794,56.5691608999401,2.23160000000001,2.22203259461211,-0.900616128364473,-1.26797912917781
"9141439","2016-09-20",19.4946237514762,0.419354838709678,0.354838709677424,0.274162107778411,2.32833333333334,2.17766666666667,2.253,0.767699115044222,54.1274532605423,2.23440000000001,2.22976158199716,-0.619777795445142,-1.13833886243128
"9141438","2016-09-21",18.6680388068476,0,0.301075268817209,0.308841099163683,2.322164973645,2.17450169302167,2.24833333333334,0.240400367840124,41.5679919934617,2.23000000000001,2.21912670439754,-0.858552799608892,-1.0823816498668
"9141437","2016-09-22",17.9004956439782,0.258064516129033,0.225806451612907,0.293906810035846,2.32013748461913,2.17452918204755,2.24733333333334,0.564098908980422,49.355787787308,2.22920000000001,2.22057647714453,-0.749129963603445,-1.01573131261413
"9141436","2016-09-23",17.2644075101465,0.483870967741936,0.247311827956994,0.258064516129036,2.33162567272915,2.16904099393752,2.25033333333334,1.01050320741703,55.0065354751089,2.23000000000001,2.23116628019193,-0.404111785607675,-0.893407407212838
"9141435","2016-09-26",17.23112600753,0.677419354838711,0.473118279569897,0.315412186379932,2.3565538423741,2.15477949095924,2.25566666666667,1.16576020386818,59.2078972754932,2.23360000000001,2.24834410949967,0.0828534257967917,-0.698155240610912
"9141434","2016-09-27",17.7026092432075,0.828571428571431,0.66328725038403,0.461239119303639,2.39938567754678,2.13028098911989,2.26483333333334,1.22524439394777,64.0306662716375,2.24000000000001,2.27389822823305,0.741243100786915,-0.410275572331347
"9141433","2016-09-28",18.4222012027586,0.710526315789476,0.738839033066543,0.625081521006822,2.43331223487824,2.11735443178844,2.27533333333334,1.07391630008831,62.0554044474088,2.24560000000001,2.29337846446864,1.17254617207285,-0.0937112234505069
"9141432","2016-09-29",18.9237988448554,0.684210526315792,0.741102756892236,0.714409680114269,2.45728553616359,2.11038113050309,2.28383333333334,0.950172047741288,61.0414552039472,2.25200000000001,2.30892800253949,1.45859076737243,0.21674917471408
"9141431","2016-09-30",19.4922323057812,0.684210526315792,0.692982456140357,0.724308082033044,2.47943278355363,2.10756721644638,2.2935,0.902923385724805,61.0414552039473,2.25880000000001,2.32240426886756,1.66336085142027,0.506071510055318
"9141430","2016-10-03",20.0200633766409,0.736842105263161,0.701754385964918,0.71194653299917,2.50076976373734,2.107563569596,2.30416666666667,0.879359910625028,62.4640568286667,2.26560000000001,2.33675036635188,1.87079023679728,0.779015255403711
"9141429","2016-10-04",20.8384845578357,0.842105263157898,0.754385964912287,0.716374269005853,2.52669312002698,2.10664021330636,2.31666666666667,0.91264643229481,65.200978014401,2.27440000000001,2.35451698417163,2.14472055615302,1.05215631555357
"9141428","2016-10-05",20.8209789034468,0.736842105263161,0.77192982456141,0.742690058479537,2.54236776636299,2.11396556697035,2.32816666666667,0.799951774715856,60.4539243635227,2.28280000000001,2.36458138628208,2.19696279324062,1.28111761109098
"9141427","2016-10-06",20.9283859817544,0.736842105263161,0.77192982456141,0.766081871345035,2.55640013062852,2.12259986937149,2.3395,0.777777610485576,60.4539243635227,2.29000000000001,2.37330386811114,2.21153054227365,1.46720019732752
"9141426","2016-10-07",20.827673758227,0.710526315789476,0.728070175438603,0.757309941520473,2.56192259067569,2.14107740932432,2.3515,0.702370540143018,59.2041501583071,2.29760000000001,2.37953001902965,2.16329457675937,1.60641907321389
"9141425","2016-10-10",21.1308322272139,0.763157894736844,0.736842105263164,0.745614035087724,2.56670936187165,2.16329063812836,2.365,0.735487334644506,60.9432244054057,2.30640000000001,2.38759268315903,2.16692361887543,1.7185199823462
"9141424","2016-10-11",21.54170310203,0.800000000000004,0.757894736842112,0.740935672514625,2.57565768778744,2.1796756455459,2.37766666666667,0.766847117784723,63.4594694388812,2.31680000000001,2.39858032540449,2.24370879308782,1.82355774449452
"9141423","2016-10-12",21.4747345267365,0.652173913043482,0.738443935926781,0.744393592677351,2.57672479713406,2.20394186953261,2.39033333333334,0.704766172701283,60.6539760846663,2.32680000000001,2.40543628201723,2.21061501348387,1.90096919829239
"9141422","2016-10-13",20.7748882610296,0.352941176470591,0.601705029838029,0.699347900868973,2.56825939206795,2.23774060793206,2.403,0.642200692535138,56.6111007536019,2.33520000000001,2.4073781110816,2.05970941622753,1.93271724187942
"9141421","2016-10-14",20.1250310143019,0.0833333333333324,0.362816140949139,0.567655035571315,2.56736193504693,2.25363806495308,2.4105,0.58340668071841,56.6111007536019,2.34520000000001,2.40906102960405,1.91792758640432,1.9297593107844
"9141420","2016-10-17",20.6968000504237,0.285714285714288,0.240662931839408,0.401728034208858,2.57372625554693,2.26227374445308,2.418,0.709769807614881,59.7245436874708,2.35720000000001,2.41451955899018,1.8839404925308,1.92059554713368
"9141419","2016-10-18",20.3934096327679,0,0.123015873015877,0.242164981934807,2.57032988501647,2.2803367816502,2.42533333333334,0.550575915414576,54.145636215204,2.36480000000001,2.41391695112482,1.70353547237319,1.87718353218158
"9141418","2016-10-19",20.7640032365184,0,0.0952380952381,0.152972300031127,2.54361597537803,2.33105069128865,2.43733333333334,0.559589536084998,52.8173322414056,2.37280000000001,2.41206135764151,1.50980234076061,1.80370729389739
"9141417","2016-10-20",21.1081258685725,0.666666666666672,0.222222222222228,0.146825396825401,2.52348158462253,2.37718508204415,2.45033333333334,0.953417082187518,62.677591896327,2.38560000000001,2.42378650995598,1.67053389377481,1.77707261387287
"9141416","2016-10-21",20.418489183776,0.263157894736845,0.309941520467843,0.209133945976056,2.51118248707535,2.40581751292465,2.4585,0.862232961895611,56.3379912032527,2.39560000000001,2.42728164196185,1.61187113960957,1.74403231902021
"9141415","2016-10-24",19.7781122621793,0.263157894736845,0.397660818713458,0.309941520467842,2.50466010447827,2.4200065621884,2.46233333333334,0.551189037293812,56.3379912032527,2.40160000000001,2.43031075636693,1.54731021508332,1.70468789823283
"9141414","2016-10-25",19.9134745500822,0.263157894736845,0.263157894736849,0.323586744639382,2.50678073731145,2.42021926268856,2.4635,0.729124254406878,56.3379912032527,2.40840000000001,2.43293598885134,1.47891141336027,1.65953260125832
"9141413","2016-10-26",20.0391681031349,0.263157894736845,0.263157894736849,0.307992202729051,2.50718435930854,2.42081564069147,2.464,0.530875376054672,56.3379912032527,2.42040000000001,2.43521119033783,1.40832264771222,1.6092906105491
"9141412","2016-10-27",19.1298673772567,0,0.175438596491234,0.233918128654976,2.50768181557399,2.41965151775935,2.46366666666667,0.155421666331168,49.5912590361381,2.42720000000001,2.43051636495945,1.17308118612931,1.52204872566514
"9141411","2016-10-28",18.285516703227,0.263157894736845,0.175438596491234,0.204678362573104,2.50785658286194,2.42181008380474,2.46483333333334,0.521306309418942,55.3496560513902,2.43320000000001,2.43311418296486,1.13947319227867,1.44553361898785
"9141410","2016-10-31",17.5014767916279,0.263157894736845,0.175438596491234,0.175438596491233,2.50820180844466,2.42279819155534,2.4655,0.513660623626447,55.3496560513902,2.43680000000001,2.43536562523621,1.10001979778125,1.37643085474653
"9141409","2016-11-01",19.3272929107399,0,0.175438596491234,0.175438596491233,2.54978780182778,2.3588788648389,2.45433333333334,-0.483016665571852,30.8370591107096,2.42520000000001,2.39731687520472,0.0658964381350824,1.11432397142424
"9141408","2016-11-02",21.0226935927724,0,0.0877192982456188,0.146198830409361,2.59249405403652,2.28883927929682,2.44066666666667,-0.347453604356869,30.8370591107096,2.41440000000001,2.36434129184409,-0.757730778701704,0.739913021399051
"9141407","2016-11-03",23.2216567332578,0,3.84877315203388e-15,0.0877192982456179,2.63036522719448,2.21663477280553,2.4235,-0.241626172495584,26.329290048695,2.40000000000001,2.32242911959821,-1.74844896709873,0.242240623699496
"9141406","2016-11-04",25.752123845572,0,3.84877315203388e-15,0.0292397660818746,2.67470804951769,2.13029195048232,2.4025,-0.208710366972949,22.7481630621553,2.38160000000001,2.27277190365178,-2.87433616497973,-0.381074734036349
"9141405","2016-11-07",28.3115542290716,0,3.84877315203388e-15,2.93283915671812e-15,2.70797320268167,2.04769346398501,2.37783333333334,-0.1227158620349,21.1958274005292,2.36040000000001,2.22306898316488,-3.93083591637108,-1.0910269705033
"9141404","2016-11-08",30.6881681566069,0.0724637681159422,0.0241545893719846,0.00805152979066318,2.72079030545553,1.98487636121114,2.35283333333334,-0.00209675042833169,26.5906291224289,2.33960000000001,2.18665978540956,-4.5589928542921,-1.78462014726106
"9141403","2016-11-09",32.351645219689,0.0869565217391306,0.0531400966183615,0.0257648953301157,2.72386179102726,1.93513820897275,2.3295,0.0822364038593766,27.657312655182,2.32080000000001,2.15643848068829,-4.97932522915188,-2.42356116363922
"9141402","2016-11-10",33.5367056146288,0.153846153846154,0.104422147900413,0.0605722779635854,2.71906159840925,1.89827173492409,2.30866666666667,0.164550763134135,31.9187516311455,2.30360000000001,2.13558001659651,-5.11450725509472,-2.96175038193032
"9141401","2016-11-11",34.6371188385015,0.153846153846154,0.131549609810484,0.0963706181097517,2.71120806842443,1.86579193157558,2.2885,0.198176252445618,31.9187516311455,2.28680000000001,2.11750268105031,-5.169262866336,-3.40325287881146
"9141400","2016-11-14",35.6589311178118,0.25,0.18589743589744,0.140623064536111,2.69098215185473,1.84435118147861,2.26766666666667,0.262588415693428,37.2752383848414,2.27120000000001,2.10850232357694,-4.96867435081634,-3.71633717321243
"9141399","2016-11-15",36.6077568057429,0.25,0.217948717948722,0.178465254552214,2.67319649534935,1.82480350465066,2.249,0.285083875830731,37.2752383848414,2.25440000000001,2.10070201376668,-4.75677582771068,-3.92442490411208
"9141398","2016-11-16",37.4888092302503,0.25,0.250000000000004,0.217948717948721,2.65059705694923,1.80906960971744,2.22983333333334,0.306106542093892,37.2752383848414,2.23840000000001,2.09394174526446,-4.53807637473429,-4.04715519823652
"9141397","2016-11-17",38.3069293387214,0.166666666666667,0.222222222222226,0.230056980056983,2.61255131038659,1.80044868961341,2.2065,0.307290364546535,33.9400592094281,2.22160000000001,2.08141617922919,-4.50814233023353,-4.13935262463593
"9141396","2016-11-18",37.8634958336086,0.333333333333334,0.250000000000004,0.240740740740744,2.57276653805021,1.80390012861646,2.18833333333334,0.428466116707441,44.6137657454305,2.20880000000001,2.08389402199864,-4.05161832896691,-4.12180576550212
"9141395","2016-11-21",36.4273532581357,0.714285714285716,0.40476190476191,0.292328042328046,2.5367921238842,1.81154120944914,2.17416666666667,0.512639303838457,49.0468201202528,2.19680000000001,2.09270815239882,-3.4562449116191,-3.98869359472552
"9141394","2016-11-22",34.2133198229966,0.750000000000003,0.599206349206355,0.417989417989422,2.49701060288075,1.82632273045259,2.16166666666667,0.606855468263054,53.090242335578,2.18840000000001,2.10701373207898,-2.76056764982999,-3.74306840574641
"9141393","2016-11-23",32.1574316332247,0.875000000000002,0.779761904761911,0.594576719576724,2.46094899004703,1.84238434328631,2.15166666666667,0.685914278486855,56.7835193308022,2.18240000000001,2.12607856780178,-1.9972507119116,-3.39390486697945
"9141392","2016-11-25",31.5680873564597,0.625000000000002,0.750000000000006,0.70965608465609,2.42233156237147,1.85766843762854,2.14,0.606258045498035,48.5505333525439,2.16840000000001,2.12926809209487,-1.75228487828486,-3.06558086924053
"9141391","2016-11-28",31.0208390994637,0.85714285714286,0.785714285714292,0.771825396825402,2.37734141945452,1.88265858054548,2.13,0.776271291254137,55.4990075619412,2.16040000000001,2.14536567981556,-1.16772984130006,-2.68601066365244
"9141390","2016-11-29",28.8777764543604,0.659090909090911,0.713744588744594,0.74981962481963,2.3314549197008,1.91187841363254,2.12166666666667,0.925031742135533,55.4990075619412,2.15240000000001,2.15931692250682,-0.698532432879428,-2.28851501749784
"9141389","2016-11-30",26.8877897124787,0.875000000000002,0.797077922077928,0.765512265512271,2.35406743867748,1.89926589465586,2.12666666666667,1.02770269396577,61.5253357383936,2.14840000000001,2.18474133283924,0.0407062644342204,-1.82267076111143
"9141388","2016-12-01",26.2873854055207,0.625000000000002,0.719696969696975,0.743506493506498,2.37112453073116,1.89387546926884,2.1325,0.850969783967236,53.6946659571529,2.14040000000001,2.19344248846068,0.25150449209721,-1.4078357104697
"9141387","2016-12-02",26.2350572931361,0.500000000000002,0.666666666666672,0.727813852813858,2.38304163463181,1.89529169870153,2.13916666666667,0.72723392699568,50.2508271141792,2.13240000000001,2.19431682333259,0.232077357144012,-1.07985309694696
"9141386","2016-12-05",27.023706045665,0.250000000000001,0.458333333333339,0.614898989898994,2.38415350840743,1.90917982492591,2.14666666666667,0.54210759605332,44.151624734771,2.11840000000001,2.18174124688824,-0.149645738125737,-0.893811625182712
"9141385","2016-12-06",26.9896841658565,0.250000000000001,0.333333333333338,0.486111111111115,2.38047857395823,1.93452142604178,2.1575,0.557927837806898,44.151624734771,2.10440000000001,2.17084241396981,-0.448934491484498,-0.80483619844307
"9141384","2016-12-07",26.9580924203201,0.250000000000001,0.250000000000005,0.347222222222226,2.3736730563452,1.95632694365481,2.165,0.424123729193181,44.151624734771,2.10240000000001,2.16139675877383,-0.679835176357757,-0.779835994026007
"9141383","2016-12-08",26.9287572280363,0,0.166666666666671,0.250000000000004,2.36691579527477,1.97641753805857,2.17166666666667,0.401834815841156,44.151624734771,2.10040000000001,2.15321052427066,-0.854211936504723,-0.79471118252175
"9141382","2016-12-09",26.9015174066299,0,0.0833333333333375,0.16666666666667,2.36246279391112,1.98920387275555,2.17583333333334,0.341486262448878,44.151624734771,2.10240000000001,2.14611578770124,-0.982067885936488,-0.832182523204698
"9141381","2016-12-12",26.8762232867526,0,3.88578058618805e-15,0.0833333333333365,2.3572004514667,2.00279954853331,2.18,0.321294661472011,44.151624734771,2.10840000000001,2.13996701600774,-1.07182113195003,-0.880110244953765
"9141380","2016-12-13",27.3862917657034,0,3.88578058618805e-15,0.0277777777777808,2.3560395610258,2.00562710564088,2.18083333333334,0.221756465839945,40.333309397326,2.11440000000001,2.12797141387337,-1.31785101123465,-0.967658398209942
"9141379","2016-12-14",27.8599267818721,0.142857142857144,0.0476190476190519,0.0158730158730189,2.3533006504531,2.01336601621358,2.18333333333334,0.303883864861809,45.4168723168127,2.12040000000001,2.12424189202359,-1.3093841235993,-1.03600354328781
"9141378","2016-12-15",28.7969563620464,0,0.0476190476190519,0.0317460317460349,2.35198766919284,2.0163456641405,2.18416666666667,0.199580708565927,41.5999465900128,2.12400000000001,2.11434297308711,-1.47666711312896,-1.12413625725604
"9141377","2016-12-16",29.6670552579225,0,0.0476190476190519,0.0476190476190509,2.34888581295604,2.02278085371064,2.18583333333334,0.185684019534124,41.5999465900128,2.12600000000001,2.10576391000883,-1.59242146372681,-1.2177932985502
"9141376","2016-12-19",30.4750042326646,0,3.88578058618805e-15,0.0317460317460349,2.35099701786613,2.01566964880055,2.18333333333334,0.201783960317161,41.5999465900128,2.12800000000001,2.09832872200765,-1.66617946821407,-1.30747053248297
"9141375","2016-12-20",30.0528520541986,0,3.88578058618805e-15,0.0158730158730189,2.35072002733196,2.00761330600138,2.17916666666667,0.269265182682351,41.5999465900128,2.12800000000001,2.09188489240663,-1.70594966488097,-1.38716635896257
"9141374","2016-12-21",30.7411261607144,0,3.88578058618805e-15,2.93283915671812e-15,2.35178783874423,1.98487882792244,2.16833333333334,0.086636844031241,33.9291827186956,2.12400000000001,2.07296690675241,-2.10267940263608,-1.53026896769727
"9141373","2016-12-22",31.3802378310505,0.2,0.0666666666666706,0.0222222222222252,2.340897307485,1.976102692515,2.1585,0.257397734592983,42.9864753921722,2.12320000000001,2.06723798585209,-2.08471342202898,-1.64115785856361
"9141372","2016-12-23",30.9345078368964,0.25,0.150000000000004,0.0722222222222252,2.33655402966823,1.97044597033177,2.1535,0.353868281138179,45.0157991147439,2.12520000000001,2.06493958773848,-1.9701345225825,-1.70695319136739
"9141371","2016-12-27",30.5206156994677,0.600000000000002,0.350000000000005,0.188888888888892,2.32247786071748,1.97118880594919,2.14683333333334,0.461570109239791,49.8241168616083,2.12520000000001,2.06961430937335,-1.6648175636529,-1.69852606582449
"9141370","2016-12-28",28.3970660246893,0.42857142857143,0.426190476190481,0.308730158730162,2.30159742237601,1.97873591095733,2.14016666666667,0.58207853541772,49.8241168616082,2.12320000000001,2.07366573479024,-1.40664173314093,-1.64014919928778
"9141369","2016-12-29",26.4251984695379,0.714285714285717,0.580952380952387,0.452380952380957,2.26524849777765,2.00175150222236,2.1335,0.878878450294819,58.285504629377,2.12320000000001,2.09051030348487,-0.805549230023372,-1.4732292054349
"9141368","2016-12-30",26.3018345328903,0.500000000000001,0.547619047619053,0.518253968253973,2.26033986058162,2.00499347275172,2.13266666666667,1.09004816142937,58.285504629377,2.12120000000001,2.10510892968689,-0.328247608926802,-1.24423288613328
"9141367","2017-01-03",26.1872823060033,0.500000000000001,0.571428571428577,0.566666666666672,2.2687803489194,1.99988631774727,2.13433333333334,1.05412163427538,58.285504629377,2.12320000000001,2.1177610723953,0.0472468242083357,-0.985936944064957
"9141366","2017-01-04",26.0809123810368,0.700000000000001,0.566666666666671,0.561904761904766,2.30730849252167,1.97969150747833,2.1435,1.13030920076588,65.5428801669607,2.12520000000001,2.14205959607593,0.711897235276338,-0.646370108196698
"9141365","2017-01-05",25.9821403078537,0.760000000000001,0.653333333333338,0.597142857142861,2.33917074795194,1.96482925204806,2.152,1.03783333009126,67.3765791297366,2.12840000000001,2.16711831659914,1.32786442015089,-0.25152320252718
"9141364","2017-01-06",24.390052364895,0.500000000000001,0.653333333333338,0.624444444444448,2.35491721748324,1.96408278251677,2.1595,0.816843456600634,53.9727126476126,2.12240000000001,2.17150254105259,1.31398339939561,0.0615781178573786
"9141363","2017-01-09",22.9116849892906,0.500000000000001,0.586666666666672,0.631111111111115,2.36208851743516,1.96691148256485,2.1645,0.674183536135698,53.9727126476126,2.12040000000001,2.17530220224558,1.28786200252844,0.306834894791591
"9141362","2017-01-10",21.5389152833722,0.600000000000001,0.533333333333338,0.591111111111115,2.37311246162837,1.97088753837163,2.172,0.735357535530532,57.7242436604464,2.12240000000001,2.18526190861283,1.43480391257109,0.532428698347491
"9141361","2017-01-11",21.4988687534088,0.4,0.500000000000005,0.540000000000004,2.37827488776129,1.97672511223872,2.1775,0.622442271578112,49.1039127210179,2.12440000000001,2.18056032079779,1.1684564180108,0.659634242280153
"9141360","2017-01-12",21.4616826898714,0.285714285714286,0.428571428571433,0.487301587301591,2.37955316470168,1.98711350196499,2.18333333333334,0.542469373636798,49.1039127210179,2.12640000000001,2.17648561135808,0.946357688813237,0.71697893158677
"9141359","2017-01-13",21.4271527737295,0.250000000000001,0.311904761904766,0.413492063492067,2.38049362270965,1.99283971062369,2.18666666666667,0.49140126481531,49.1039127210179,2.12840000000001,2.17295419651034,0.761480537544013,0.725879252778218
"9141358","2017-01-17",20.5726782025747,0.142857142857143,0.22619047619048,0.322222222222226,2.38296255880654,2.0053707745268,2.19416666666667,0.603727539362052,49.1039127210179,2.13040000000001,2.16989363697563,0.607890293317603,0.702281460886095
"9141357","2017-01-18",19.7792375293595,0.142857142857143,0.178571428571433,0.238888888888892,2.38112972763113,2.01720360570221,2.19916666666667,0.456493001245927,49.1039127210179,2.13240000000001,2.16724115204554,0.480576918862696,0.657940552481415
"9141356","2017-01-19",20.0957360459629,0,0.095238095238099,0.16666666666667,2.37993260258957,2.0317340640771,2.20583333333334,0.531112518104216,49.1039127210179,2.13440000000001,2.1649423317728,0.375312718094278,0.601414985603988
"9141355","2017-01-20",20.3896275256661,0,0.0476190476190514,0.10714285714286,2.37749009871871,2.04084323461463,2.20916666666667,0.373754950567836,49.1039127210179,2.13840000000001,2.16295002086976,0.288531762489841,0.538838340981159
"9141354","2017-01-23",21.129695961936,0,3.88578058618805e-15,0.0476190476190505,2.36164306165134,2.07335693834866,2.2175,0.3814834849654,49.1039127210179,2.14040000000001,2.16122335142046,0.217227745204385,0.474516221825804
"9141353","2017-01-24",21.0227610476786,0,3.88578058618805e-15,0.0158730158730188,2.35292763112155,2.09007236887845,2.2215,0.22798718431638,43.2600479753509,2.14240000000001,2.15306023789773,-0.0261559564105784,0.374381786178527
"9141352","2017-01-25",20.9234643415825,0.285714285714287,0.0952380952380994,0.0317460317460348,2.34645232146425,2.10821434520242,2.22733333333334,0.455226841521918,54.8367302110674,2.14840000000001,2.1593188728447,0.153467443266897,0.330198917596201
"9141351","2017-01-26",20.0642047534508,0.142857142857143,0.142857142857147,0.0793650793650825,2.34290115958525,2.11676550708142,2.22983333333334,0.294371212654253,49.4085760430461,2.15240000000001,2.15807635646541,0.107443391188244,0.28564781231461
"9141350","2017-01-27",19.8399535351703,0.166666666666667,0.198412698412703,0.145502645502649,2.34174165375312,2.12125834624688,2.2315,0.357132041621284,49.4085760430461,2.15640000000001,2.15699950893669,0.0701487145180701,0.242547992755302
"9141349","2017-01-30",19.6317202610526,0.333333333333335,0.214285714285719,0.185185185185188,2.34174165375312,2.12125834624688,2.2315,0.508315066360655,54.6184725785483,2.16640000000001,2.16273290774513,0.224836324650268,0.239005659134295
"9141348","2017-01-31",19.4383607922291,0.333333333333335,0.277777777777783,0.230158730158734,2.3366640866564,2.12133591334361,2.229,0.520124321247255,54.6184725785483,2.17320000000001,2.16770185337911,0.343064209079391,0.259817369123314
"9141347","2017-02-01",18.4305155709451,0.166666666666667,0.277777777777783,0.25661375661376,2.33038713372501,2.117612866275,2.224,0.308874131472579,48.7912272288758,2.17720000000001,2.1653416062619,0.247610343183058,0.257375963935263
"9141346","2017-02-02",17.4594457402113,0,0.166666666666671,0.240740740740745,2.30969472821701,2.11663860511633,2.21316666666667,0.0864760358224955,43.7629934917385,2.17720000000001,2.15662939209364,-0.0147297424714421,0.202954822653922
"9141345","2017-02-03",16.571880752274,0.166666666666667,0.111111111111115,0.185185185185189,2.2773119234515,2.13202140988184,2.20466666666667,0.353167747782042,49.3808803317482,2.17920000000001,2.15574547314783,-0.0355311510737644,0.155257627908385
"9141344","2017-02-06",15.719218768309,0,0.0555555555555595,0.111111111111114,2.26477990383009,2.13122009616992,2.198,0.140610443808569,44.5844425410353,2.17520000000001,2.14831274339478,-0.236894944928334,0.076827113341041
"9141343","2017-02-07",14.9274612117702,0,0.0555555555555595,0.074074074074077,2.26332938377536,2.12267061622464,2.193,0.0758055633101466,44.5844425410353,2.17120000000001,2.14187104427548,-0.392603466616415,-0.0170590026504501
"9141342","2017-02-08",14.1922577664126,0,3.90428430326513e-15,0.03703703703704,2.2526289675117,2.12003769915497,2.18633333333334,0.100275337457282,44.5844425410353,2.16720000000001,2.13628823837208,-0.510634719089964,-0.115774145938353
"9141341","2017-02-09",13.5095688528663,0,3.90428430326513e-15,0.0185185185185215,2.25097208470834,2.11069458195833,2.18083333333334,0.0425733605977938,44.5844425410353,2.15920000000001,2.13144980658914,-0.597696198160858,-0.212158556382854
"9141340","2017-02-10",13.0369517702506,0,3.90428430326513e-15,2.96290769696839e-15,2.24997604968387,2.10502395031614,2.1775,0.195301641995381,44.5844425410353,2.15000000000001,2.12725649904392,-0.659417844881394,-0.301610414082562
"9141339","2017-02-13",13.303449674816,0,3.90428430326513e-15,2.96290769696839e-15,2.24922346285435,2.10244320381232,2.17583333333334,0.323999947254904,44.5844425410353,2.14600000000001,2.1236222991714,-0.700516674655882,-0.381391666197226
"9141338","2017-02-14",13.5509120147696,0.250000000000001,0.0833333333333374,0.0277777777777808,2.24197086760658,2.10469579906009,2.17333333333334,0.57284643967678,51.8761385716848,2.14400000000001,2.12713932594854,-0.536969329715054,-0.412507198900791
"9141337","2017-02-15",14.43188352199,0.500000000000003,0.250000000000005,0.111111111111115,2.24922346285435,2.10244320381232,2.17583333333334,0.891742052884198,57.8490840350516,2.14200000000001,2.13685408248874,-0.215809335179762,-0.373167626156585
"9141336","2017-02-16",14.3011926897946,0.250000000000001,0.333333333333339,0.222222222222226,2.24524956037379,2.10308377295955,2.17416666666667,0.564478710619418,51.028444540579,2.14200000000001,2.13860687149024,-0.148909411053788,-0.328315983136026
"9141335","2017-02-17",14.1798369170418,0.500000000000003,0.416666666666673,0.333333333333338,2.25,2.10333333333334,2.17666666666667,0.772727272727261,56.5459587949173,2.14400000000001,2.14679262195821,0.0912059748802152,-0.244411591532778
"9141334","2017-02-21",14.0671494137713,0.500000000000003,0.416666666666673,0.388888888888894,2.25368436370305,2.10298230296362,2.17833333333334,0.754365024242176,56.5459587949173,2.14600000000001,2.15388693903045,0.277538447157677,-0.140021583794687
"9141333","2017-02-22",14.6893945233875,0.500000000000003,0.500000000000007,0.44444444444445,2.26029960011323,2.10470039988678,2.1825,0.826694052793015,56.5459587949173,2.14800000000001,2.16003534715972,0.419771976617733,-0.0280628717122028
"9141332","2017-02-23",14.2900305124115,0.250000000000001,0.416666666666673,0.44444444444445,2.25704575576783,2.10462091089884,2.18083333333334,0.516401525631511,49.5704417455549,2.14800000000001,2.15869730087176,0.341641768075629,0.0458780562453635
"9141331","2017-02-24",13.9191925022196,0.500000000000003,0.416666666666673,0.44444444444445,2.26029960011323,2.10470039988678,2.1825,0.719581248598579,55.4843217748724,2.15000000000001,2.16420432742219,0.460978527126255,0.128898150421542
"9141330","2017-02-27",14.3178720814026,0.500000000000003,0.416666666666673,0.416666666666672,2.26477201526229,2.10356131807104,2.18416666666667,0.804983896994977,55.4843217748724,2.15200000000001,2.1689770837659,0.548837731166496,0.212886066570533
"9141329","2017-02-28",15.8250636212621,0.333333333333335,0.444444444444451,0.425925925925931,2.27164643774571,2.10002022892096,2.18583333333334,0.970984786571103,55.4843217748724,2.15400000000001,2.17311347259711,0.611115852830157,0.292532023822458
"9141328","2017-03-01",15.5264163548362,0,0.277777777777783,0.379629629629635,2.26581666499967,2.09918333500034,2.1825,0.404980994298087,42.9134628466517,2.15400000000001,2.16336500958416,0.285347043127171,0.2910950276834
"9141327","2017-03-02",14.8536725858918,0,0.111111111111115,0.277777777777782,2.2771990079969,2.07446765866977,2.17583333333334,-0.120690059780973,34.4965159192071,2.14600000000001,2.14158300830628,-0.345649842885554,0.163746053569609
"9141326","2017-03-03",14.2289819433006,0.125,0.0416666666666703,0.143518518518522,2.28103662947603,2.06563003719065,2.17333333333334,0.0821854891016223,40.7536741627481,2.14200000000001,2.12937194053211,-0.653672854619214,0.000262271931844804
"9141325","2017-03-06",14.2150836024049,0,0.0416666666666703,0.0648148148148177,2.28942540427642,2.04224126239025,2.16583333333334,-0.0360376235665714,36.9523136672453,2.13600000000001,2.11212234846116,-1.07828355690998,-0.215446893836519
"9141324","2017-03-07",14.2021780001446,0,0.0416666666666703,0.0416666666666694,2.29638181696986,2.02361818303014,2.16,0.0356174690990387,36.9523136672453,2.12800000000001,2.09717270199967,-1.40248330071467,-0.45285417521215
"9141323","2017-03-08",14.7377743424292,0,3.70999527395573e-15,0.0277777777777805,2.30630391874112,2.00036274792555,2.15333333333334,-0.00118567868647651,33.345086423006,2.11800000000001,2.07754967506638,-1.83574994199446,-0.729433328568612
"9141322","2017-03-09",15.2351138031221,0,3.70999527395573e-15,0.0138888888888916,2.31353321347712,1.97980011985622,2.14666666666667,0.0605270514968096,33.345086423006,2.11000000000001,2.0605430517242,-2.15965375331741,-1.01547741351837
"9141321","2017-03-10",15.6969290166226,0,3.70999527395573e-15,2.75474087985117e-15,2.32116904322269,1.95883095677732,2.14,0.0676229672579784,33.345086423006,2.10400000000001,2.04580397816097,-2.39312885279397,-1.29100770137349
"9141320","2017-03-13",16.6862547273238,0,3.70999527395573e-15,2.75474087985117e-15,2.3300749510296,1.93159171563708,2.13083333333334,0.0461958816028741,29.7213660078432,2.09400000000001,2.02636344773951,-2.74941011255718,-1.58268818361023
"9141319","2017-03-14",17.604914315832,0,3.70999527395573e-15,2.75474087985117e-15,2.33475829421656,1.90690837245011,2.12083333333334,0.100716689095038,29.7213660078432,2.08600000000001,2.00951498804091,-3.00319633306659,-1.8667898135015
"9141318","2017-03-15",18.457955362304,0,3.70999527395573e-15,2.75474087985117e-15,2.33502450847893,1.88164215818775,2.10833333333334,0.114012323400745,29.7213660078432,2.07800000000001,1.99491298963545,-3.17262700720294,-2.12795725224179
"9141317","2017-03-16",18.2206748317239,0.1,0.0333333333333371,0.0111111111111139,2.32114176390993,1.87052490275674,2.09583333333334,0.250342231508827,38.1203156124878,2.07200000000001,1.98892459101739,-3.07157638134778,-2.31668107806299
"9141316","2017-03-17",18.0003429104711,0.1,0.0666666666666706,0.0333333333333362,2.31246936067429,1.85919730599238,2.08583333333334,0.273866491566671,38.1203156124878,2.06600000000001,1.98373464554841,-2.95829079899063,-2.44500302224852
"9141315","2017-03-20",17.7957489835934,0.125,0.108333333333337,0.0694444444444474,2.29744303387661,1.84889029945673,2.07316666666667,0.255138415385241,38.1203156124878,2.06000000000001,1.97923669280862,-2.83653793809373,-2.52331000541756
"9141314","2017-03-21",18.3452495895358,0,0.0750000000000039,0.0833333333333363,2.28101201168706,1.83698798831295,2.059,0.216982280121387,33.1693225716366,2.05200000000001,1.96867180043414,-2.91209851224284,-2.60106770678262
"9141313","2017-03-22",18.8555001521965,0,0.0416666666666705,0.075000000000003,2.25824778831357,1.82808554501977,2.04316666666667,0.205924910955975,33.1693225716366,2.04200000000001,1.95951556037625,-2.94043843305447,-2.66894185203699
"9141312","2017-03-23",18.3589248428916,0,3.70999527395573e-15,0.0388888888888918,2.23977382011341,1.82489284655326,2.03233333333334,0.341721672355389,33.1693225716366,2.03000000000001,1.95158015232608,-2.93100236262008,-2.72135395415361
"9141311","2017-03-24",17.8978191985371,0.750000000000002,0.250000000000004,0.0972222222222253,2.21521861521078,1.83444805145589,2.02483333333334,0.609864935253396,55.045935997869,2.02600000000001,1.96470279868261,-2.2786402355108,-2.63281121042505
"9141310","2017-03-27",17.4696496716364,0.400000000000002,0.383333333333338,0.211111111111115,2.18102284788366,1.85031048544968,2.01566666666667,0.603816298491668,49.2577529840312,2.01800000000001,1.96940909219159,-1.9450759332962,-2.49526415499928
"9141309","2017-03-28",17.0720636823715,0.600000000000002,0.583333333333339,0.40555555555556,2.13028251536914,1.88271748463086,2.0065,0.810356164213507,54.4193296774528,2.01200000000001,1.98015454656605,-1.45976132012396,-2.28816358802421
"9141308","2017-03-29",17.4444707928777,0.500000000000001,0.500000000000005,0.488888888888893,2.11223290545964,1.8941004278737,2.00316666666667,0.943919834428064,54.4193296774528,2.00600000000001,1.98946727369057,-1.06381073617938,-2.04329301765525
"9141307","2017-03-30",18.4154510293778,0.714285714285716,0.60476190476191,0.562698412698417,2.14314124757701,1.87652541908966,2.00983333333334,1.1507490608654,63.1208145935023,2.00600000000001,2.0108716371985,-0.344712247740686,-1.70357686367234
"9141306","2017-03-31",19.3170755346993,0.85714285714286,0.690476190476196,0.598412698412703,2.17483122805618,1.85816877194382,2.0165,1.13211366804924,66.5584064781876,2.00600000000001,2.0360887522387,0.413013871736845,-1.2802587165905
"9141305","2017-04-03",19.4180673039835,0.142857142857143,0.571428571428577,0.622222222222226,2.17618476636992,1.85848190029675,2.01733333333334,0.602821441526246,44.3157795794942,1.99600000000001,2.02461025194021,0.0198177603369265,-1.02024342120501
"9141304","2017-04-04",19.5118453754617,0.142857142857143,0.380952380952386,0.547619047619052,2.17451110489337,1.85682222843997,2.01566666666667,0.450685504505012,44.3157795794942,1.98600000000001,2.01466221834818,-0.290286915774163,-0.874252120118844
"9141303","2017-04-05",19.5989250132629,0.285714285714287,0.190476190476195,0.380952380952385,2.17618476636992,1.85848190029675,2.01733333333334,0.550361522380198,48.321600913693,1.98200000000001,2.01270725590175,-0.332999281574309,-0.766001552409937
"9141302","2017-04-06",19.6797846769355,0.428571428571429,0.28571428571429,0.285714285714289,2.18071665885661,1.86061667447673,2.02066666666667,0.643705099171159,52.0373571895335,1.98400000000001,2.01767962178152,-0.164893438890845,-0.645779929706119
"9141301","2017-04-07",20.7474038352075,0.142857142857143,0.28571428571429,0.253968253968257,2.1809361592892,1.86206384071081,2.0215,0.43257489362559,45.0592615477996,1.98000000000001,2.00865567221065,-0.427123244182492,-0.602048592601394
"9141300","2017-04-10",20.9093810206291,0.285714285714287,0.28571428571429,0.285714285714289,2.18289657569426,1.87010342430575,2.0265,0.575129522164022,48.7591823218947,1.98000000000001,2.00750158258256,-0.429909673495343,-0.567620808780184
"9141299","2017-04-11",21.059788407092,0.428571428571429,0.28571428571429,0.285714285714289,2.18555213113569,1.87911453553098,2.03233333333334,0.612040212512368,52.2240893762564,1.98200000000001,2.01316803823822,-0.228845368238417,-0.49986572067183
"9141298","2017-04-12",22.1161547161901,0,0.238095238095242,0.269841269841273,2.18305951185791,1.88660715480876,2.03483333333334,0.326278999726546,45.5849511517573,1.98200000000001,2.00474563313979,-0.465504827176877,-0.49299354197284
"9141297","2017-04-13",23.0970662889241,0,0.142857142857147,0.222222222222225,2.18305951185791,1.88660715480876,2.03483333333334,0.326278999726546,45.5849511517573,1.98200000000001,1.99744621538782,-0.646673942936038,-0.523729622165479
"9141296","2017-04-17",24.1785010928783,0,3.53420996172341e-15,0.12698412698413,2.18342967093914,1.8849036623942,2.03416666666667,0.285055020902785,44.2792597364293,1.98120000000001,1.98845338666945,-0.862322075211441,-0.591448112774672
"9141295","2017-04-18",25.1826905536929,0.0625000000000002,0.0208333333333369,0.0545634920634946,2.18328671903205,1.88537994763462,2.03433333333334,0.272859588423403,45.9466093746156,1.98320000000001,1.98332626844685,-0.942161129285368,-0.661590716076811
"9141294","2017-04-19",26.1151521958779,0.0625000000000002,0.0416666666666703,0.0208333333333358,2.1810915419849,1.8909084580151,2.036,0.261070382239952,45.9466093746156,1.98520000000001,1.97888276598727,-0.994456771129026,-0.728163927087254
"9141293","2017-04-20",26.9810094350497,0.0625000000000002,0.0625000000000038,0.0416666666666692,2.17684698727797,1.90015301272204,2.0385,0.240387070413719,45.9466093746156,1.98720000000001,1.9750317305223,-1.02447888173001,-0.787426918015805
"9141292","2017-04-21",28.2758456456497,0,0.0416666666666703,0.0486111111111137,2.17934220245304,1.89432446421363,2.03683333333334,0.136864706599199,42.0204778215043,1.98520000000001,1.965027499786,-1.23948391181106,-0.877838316774855
"9141291","2017-04-24",28.3691926422132,0.200000000000001,0.0875000000000039,0.0638888888888915,2.17631128987888,1.88902204345446,2.03266666666667,0.328279916678628,46.9063143979261,1.98520000000001,1.96302383314786,-1.1916993424947,-0.940610521918824
"9141290","2017-04-25",27.499543334721,0.200000000000001,0.133333333333337,0.0875000000000028,2.17425730172361,1.88607603160973,2.03016666666667,0.395320515955985,46.9063143979261,1.98520000000001,1.96128732206148,-1.14079261711902,-0.980646940958864
"9141289","2017-04-26",26.6920118349068,0.400000000000002,0.266666666666671,0.162500000000003,2.16970109128893,1.8856322420444,2.02766666666667,0.519948215658755,51.6332588396879,1.98920000000001,1.96644901245328,-0.884684895799426,-0.961454531926977
"9141288","2017-04-27",26.0822645746699,0.360000000000002,0.320000000000005,0.240000000000004,2.16210784835692,1.88589215164308,2.024,0.509654290825578,50.6617813118408,1.99280000000001,1.96958914412618,-0.714643986411456,-0.912092422823873
"9141287","2017-04-28",25.5160706901643,0.400000000000002,0.386666666666672,0.324444444444448,2.13392562658031,1.89907437341969,2.0165,0.571676574456338,51.6416312033934,1.99680000000001,1.97364392490936,-0.532897039028546,-0.836253346064807
"9141286","2017-05-01",24.9903192259806,0.750000000000002,0.503333333333339,0.403333333333337,2.08680602661605,1.93119397338395,2.009,0.870579691411512,56.3133774107533,1.99680000000001,1.98382473492144,-0.183263338849604,-0.705655344621767
"9141285","2017-05-02",25.2476125697733,0.500000000000002,0.550000000000006,0.480000000000004,2.08454220085283,1.9317911324805,2.00816666666667,0.664756076241121,51.0067351858867,1.99680000000001,1.98598143693192,-0.108817290338292,-0.586287733765072
"9141284","2017-05-03",25.4865278175809,0.500000000000002,0.583333333333339,0.54555555555556,2.08687516901009,1.93279149765658,2.00983333333334,0.652514538325622,51.0067351858867,1.99480000000001,1.98785057867433,-0.0492925343546946,-0.478888693882996
"9141283","2017-05-04",26.8726723714816,0,0.333333333333338,0.488888888888893,2.08747558561309,1.92252441438691,2.005,0.0857359918976468,41.857567593908,1.98880000000001,1.97613716818442,-0.404324187090976,-0.463975792524592
"9141282","2017-05-05",28.1598066001036,0,0.166666666666671,0.361111111111115,2.08134604989599,1.91532061677068,1.99833333333333,0.108493718242888,41.857567593908,1.97880000000001,1.96598554575983,-0.67986402619632,-0.507153439258938
"9141281","2017-05-08",31.5972848222722,0,3.5527136788005e-15,0.16666666666667,2.18228767726627,1.77104565606707,1.97666666666667,-0.496979829066173,20.5169682060598,1.94680000000001,1.89052080632518,-2.96843000112128,-0.999408751631406
"9141280","2017-05-09",34.7892288857145,0.285714285714286,0.095238095238099,0.08730158730159,2.20030650732631,1.71469349267369,1.9575,-0.0988993798722312,34.8298212665821,1.93280000000001,1.85178469881516,-3.94162300497076,-1.58785160229928
"9141279","2017-05-10",37.7531769446252,0.357142857142857,0.214285714285718,0.103174603174606,2.20561999801084,1.66938000198916,1.9375,-0.00505992716437408,37.8432755030877,1.92080000000001,1.82488007230647,-4.46512802579331,-2.16330688699808
"9141278","2017-05-11",40.5054144278995,0.357142857142857,0.333333333333337,0.214285714285717,2.21344664465617,1.62988668867716,1.92166666666667,0.0630269051408762,37.8432755030877,1.90680000000001,1.80156272933228,-4.83856287695957,-2.69835808499038
"9141277","2017-05-12",43.181619337945,0.285714285714286,0.333333333333337,0.293650793650796,2.2200419936902,1.58829133964314,1.90416666666667,0.0712971065429882,35.917140141905,1.88880000000001,1.77468769875464,-5.31301591528247,-3.2212896510488
"9141276","2017-05-15",45.7786720723857,0.214285714285715,0.28571428571429,0.31746031746032,2.22834768690697,1.5413189797597,1.88483333333333,0.0611537089157266,34.0507214050681,1.87280000000001,1.74472933892069,-5.86915713296225,-3.75086314743149
"9141275","2017-05-16",48.1902210400807,0.214285714285715,0.238095238095242,0.285714285714288,2.23087041497407,1.50046291835926,1.86566666666667,0.113457782618806,34.0507214050681,1.85480000000001,1.7187654270646,-6.25797362929763,-4.25228524380472
"9141274","2017-05-17",50.4295165100832,0.214285714285715,0.214285714285718,0.246031746031749,2.22987205155576,1.46146128177757,1.84566666666667,0.136912949462515,34.0507214050681,1.83480000000001,1.69626337012265,-6.50765123704395,-4.70335844245257
"9141273","2017-05-18",52.8922486983946,0,0.142857142857147,0.198412698412701,2.23833863271691,1.39966136728309,1.819,0.0401488956932987,27.0327498510768,1.81080000000001,1.65009492077296,-7.60626755283319,-5.28394026452869
"9141272","2017-05-19",55.1790714446838,0.213333333333333,0.142539682539686,0.166560846560849,2.23205906119748,1.36660760546919,1.79933333333333,0.20034907028367,38.0355356087959,1.79320000000001,1.63141559800323,-7.63921553720751,-5.75499531906446
"9141271","2017-05-22",55.5586044014935,0.2,0.137777777777781,0.141058201058204,2.21389751951521,1.34310248048479,1.7785,0.256735714101911,37.6533772935677,1.77600000000001,1.61389351826947,-7.638834303688,-6.13176311598917
"9141270","2017-05-23",55.9110278613883,0.303030303030303,0.238787878787883,0.173035113035116,2.18807071594791,1.32892928405209,1.7585,0.31551349508282,40.8532964755965,1.76000000000001,1.60537438250021,-7.31213581089882,-6.3678376549711
"9141269","2017-05-24",56.2382782170048,0.307692307692308,0.270240870240874,0.215602175602178,2.1525765235824,1.3194234764176,1.736,0.316760357312275,40.8532964755965,1.74400000000001,1.59799113150018,-6.97637513846839,-6.48954515167056
"9141268","2017-05-25",56.5421535472202,0.436363636363637,0.349028749028753,0.286019166019169,2.11275648880334,1.31757684453,1.71516666666667,0.367744770098116,43.5418109223312,1.72960000000001,1.59692564730016,-6.43614131612124,-6.47886438456069
"9141267","2017-05-26",55.8893634782765,0.666666666666668,0.470240870240874,0.363170163170166,2.06691125305656,1.32675541361011,1.69683333333334,0.45924281744608,47.4038091056852,1.71960000000001,1.60400222766013,-5.64018226543574,-6.3111279607357
"9141266","2017-05-30",54.4331055972836,0.775000000000001,0.626010101010105,0.48175990675991,2.00692687468325,1.34907312531675,1.678,0.518241136440363,48.0417393006305,1.708,1.61146859730545,-4.90196463522896,-6.02929529563436
"9141265","2017-05-31",51.0784804055357,0.727272727272729,0.722979797979803,0.60641025641026,1.95851972741918,1.37414693924749,1.66633333333333,0.72873526860288,53.5072561376032,1.7,1.62993945099806,-3.82530079848241,-5.58849639620397
"9141264","2017-06-01",47.9634712989125,0.81818181818182,0.773484848484853,0.707491582491586,1.90854929018161,1.40411737648506,1.65633333333333,0.850889773612695,56.2600106492436,1.692,1.65261419086498,-2.69997730679222,-5.01079257832162
"9141263","2017-06-02",45.9824038180621,0.636363636363637,0.727272727272732,0.741245791245795,1.86904003642987,1.42495996357013,1.647,0.731940152902404,49.8968860480873,1.6804,1.65893229874965,-2.27176952639262,-4.46298796793582
"9141262","2017-06-05",44.1428411572724,0.727272727272729,0.727272727272732,0.742676767676771,1.83027939557976,1.44872060442024,1.6395,0.876962441086045,52.7730597720536,1.6704,1.67107465891636,-1.67184267432442,-3.90475890921354
"9141261","2017-06-06",43.1516358171939,0.563636363636364,0.642424242424247,0.698989898989903,1.83634759969805,1.45665240030195,1.6465,0.658460435534501,47.4886399150795,1.6548,1.66959803772752,-1.61170652492825,-3.44614843235648
"9141260","2017-06-07",42.6439213944977,0.454545454545455,0.581818181818187,0.650505050505054,1.8345287031591,1.45513796350757,1.64483333333333,0.46968824275847,44.3035821906988,1.6388,1.66031829936385,-1.83354606844034,-3.12362795957325
"9141259","2017-06-08",42.1724722877083,0.250000000000001,0.422727272727277,0.548989898989902,1.83265105476588,1.45368227856745,1.64316666666667,0.474052391777558,44.3035821906988,1.6228,1.65227585944867,-1.98895061437073,-2.89669249053275
"9141258","2017-06-09",42.3653179456404,0,0.234848484848489,0.413131313131316,1.83016753472026,1.44616579861308,1.63816666666667,0.313802925151244,39.2191353889256,1.6068,1.63197241152218,-2.57679203238969,-2.83271239890414
"9141257","2017-06-12",41.2051375339383,0.375000000000001,0.208333333333338,0.288636363636367,1.83535532979232,1.44764467020768,1.6415,0.65088571478192,48.7249049417032,1.5968,1.63437608998589,-2.28110960149621,-2.72239183942255
"9141256","2017-06-13",40.1278271516435,0.500000000000001,0.291666666666671,0.244949494949498,1.8448695711153,1.45313042888471,1.649,0.715279312792519,51.4505431709415,1.60880000000001,1.64312594465444,-1.78020124650247,-2.53395372083853
"9141255","2017-06-14",39.495849469545,0.375000000000001,0.416666666666671,0.305555555555559,1.84800572729232,1.45999427270768,1.654,0.575599142723074,48.6646768991466,1.6108,1.64404248536718,-1.61007368650619,-2.34917771397207
"9141254","2017-06-15",38.9090130504535,0.500000000000001,0.458333333333338,0.388888888888892,1.8530025384224,1.4699974615776,1.6615,0.644036384898939,51.493186952464,1.61280000000001,1.65150348731822,-1.21661842352134,-2.12266585588192
"9141253","2017-06-16",36.5315873609307,0.250000000000001,0.375000000000005,0.41666666666667,1.83560197317194,1.51406469349473,1.67483333333334,0.578269825172152,46.030550766202,1.61080000000001,1.64463635567579,-1.37766229992947,-1.97366514469143
"9141252","2017-06-19",34.7658749778405,0.125,0.291666666666671,0.375000000000003,1.83045887364542,1.52520779302125,1.67783333333334,0.245018647684444,43.5432514581666,1.60880000000001,1.63201817491902,-1.7333832784765,-1.92560877144844
"9141251","2017-06-20",33.1262849078281,0.125,0.166666666666671,0.277777777777781,1.82902032382945,1.52831300950389,1.67866666666667,0.182969689157197,43.5432514581666,1.60880000000001,1.62108241826315,-1.99633905572149,-1.93975482830305
"9141250","2017-06-21",31.1459103861375,0.125,0.125000000000004,0.194444444444448,1.82920906483096,1.52779093516904,1.6785,0.228505603079939,43.5432514581666,1.60880000000001,1.61160476249473,-2.18282539901639,-1.98836894244572
"9141249","2017-06-22",29.1735820186813,0.250000000000001,0.166666666666671,0.152777777777781,1.82681570774102,1.53685095892565,1.68183333333333,0.39021654024019,47.112593738339,1.61080000000001,1.61005746082877,-2.0581451485377,-2.00232418366412
"9141248","2017-06-23",27.3421342489006,0.375000000000001,0.250000000000004,0.180555555555559,1.82609430815792,1.54323902517542,1.68466666666667,0.436363217931782,50.4839380931847,1.62280000000001,1.61538313271826,-1.68962731207655,-1.9397848093466
"9141247","2017-06-26",26.1632504384575,0.250000000000001,0.291666666666671,0.236111111111114,1.82587049591959,1.54179617074708,1.68383333333333,0.3808997141407,47.240888525895,1.62640000000001,1.61333204835583,-1.6285403649533,-1.87753592046794
"9141246","2017-06-27",25.5487516972275,0.250000000000001,0.291666666666671,0.277777777777781,1.82486527581755,1.54046805751579,1.68266666666667,0.443740659294969,47.240888525895,1.63040000000001,1.61155444190839,-1.56234519980126,-1.81449777633461
"9141245","2017-06-28",24.9781457232283,0.375000000000001,0.291666666666671,0.29166666666667,1.80967845065246,1.54565488268088,1.67766666666667,0.584588408167166,50.8990245306928,1.63440000000001,1.6166805163206,-1.24562779928132,-1.70072378092395
"9141244","2017-06-29",24.4482973188004,0.42857142857143,0.351190476190481,0.31150793650794,1.78712383963737,1.55820949369597,1.67266666666667,0.765019068233477,54.3106550442551,1.64040000000001,1.62778978081119,-0.738149396669907,-1.50820890407314
"9141243","2017-06-30",23.9562952289745,0.42857142857143,0.41071428571429,0.351190476190479,1.78425071040052,1.55941595626615,1.67183333333334,0.773534223998311,54.3106550442551,1.64480000000001,1.63741781003636,-0.334076443938547,-1.27338241204622
"9141242","2017-07-03",23.4994361455647,0.285714285714286,0.380952380952385,0.380952380952384,1.77101232988172,1.56598767011829,1.6685,0.734931089373549,50.2605311332147,1.64480000000001,1.63909543536485,-0.257668999193172,-1.07023972947561
"9141241","2017-07-05",23.075209853827,0.285714285714286,0.333333333333338,0.375000000000003,1.76860524454271,1.56606142212396,1.66733333333334,0.578995250553327,50.2605311332147,1.64440000000001,1.6405493773162,-0.194888047275577,-0.895169393035606
"9141240","2017-07-06",23.3009764186281,0.42857142857143,0.333333333333338,0.349206349206352,1.77623713499622,1.56842953167045,1.67233333333334,0.793540751270643,54.2199286087911,1.64240000000001,1.64847612700737,0.0986169509248347,-0.696412124243518
"9141239","2017-07-07",22.5927455988704,0.333333333333334,0.349206349206354,0.338624338624342,1.77862512646694,1.5727082068664,1.67566666666667,0.618170635907602,49.9388683714699,1.63640000000001,1.64867931007306,0.0852833296833611,-0.540073033458142
"9141238","2017-07-10",21.1349636808288,0.166666666666667,0.309523809523814,0.330687830687834,1.77086385324592,1.58880281342075,1.67983333333334,0.336135543540872,46.0252934960472,1.63240000000001,1.64218873539665,-0.168294185512952,-0.465717263869104
"9141237","2017-07-11",19.7813090426473,0.166666666666667,0.222222222222227,0.293650793650797,1.76919963442335,1.58380036557665,1.6765,0.267169164499981,46.0252934960472,1.62640000000001,1.6365635706771,-0.365954525934664,-0.445764716282216
"9141236","2017-07-12",19.2425952172559,0,0.111111111111115,0.214285714285717,1.76187785981163,1.58278880685504,1.67233333333334,0.375294815821333,46.0252934960472,1.62400000000001,1.63168842792015,-0.517365948526316,-0.460084962731036
"9141235","2017-07-13",17.9432714405776,0,0.0555555555555596,0.129629629629633,1.76288202972885,1.57345130360449,1.66816666666667,0.140149895102446,41.9220136636489,1.62200000000001,1.6207966375308,-0.876381113838709,-0.543344192952571
"9141234","2017-07-14",16.7367565050907,0,3.8117657178797e-15,0.0555555555555583,1.76030339625292,1.56269660374708,1.6615,0.104433300720874,41.9220136636489,1.62000000000001,1.61135708586002,-1.15034989096742,-0.66474533255554
"9141233","2017-07-17",16.3487718480706,0,3.8117657178797e-15,0.0185185185185211,1.7571087029591,1.55589129704091,1.6565,0.219209182017911,41.9220136636489,1.62200000000001,1.60317614107869,-1.35402638287807,-0.802601542620046
"9141232","2017-07-18",15.1903826537164,0,3.8117657178797e-15,2.5234444163876e-15,1.76485024747523,1.54148308585811,1.65316666666667,-0.0364859026983759,37.7217160745443,1.61600000000001,1.5894193222682,-1.75075469885636,-0.992232173867309
"9141231","2017-07-19",14.7937642808255,0,3.8117657178797e-15,2.5234444163876e-15,1.77596631224244,1.52203368775756,1.649,-0.0867698185779002,34.0479341307133,1.60600000000001,1.5708300792991,-2.30028752393769,-1.25384324388139
"9141230","2017-07-20",14.4254757917125,0.125,0.0416666666666706,0.0138888888888915,1.78077159081924,1.51089507584743,1.64583333333334,0.0831426828238463,40.3085720211704,1.60000000000001,1.56138606872589,-2.45641919980278,-1.49435843506567
"9141229","2017-07-21",14.0834936232505,0.125,0.0833333333333374,0.0416666666666693,1.78352700094407,1.49647299905593,1.64,0.128409059044465,40.3085720211704,1.59200000000001,1.55320125956244,-2.55336557792714,-1.70615986363796
"9141228","2017-07-24",13.7659387525357,0.142857142857143,0.130952380952385,0.0853174603174631,1.78351840434759,1.48314826231908,1.63333333333334,0.167077428786138,40.3085720211703,1.58800000000001,1.54610775828745,-2.6023206417483,-1.88539201926003
"9141227","2017-07-25",13.0027036549513,0.285714285714287,0.184523809523814,0.132936507936511,1.78151090903152,1.47848909096849,1.63,0.345995687818881,46.6355493022515,1.58800000000001,1.54662672384912,-2.35367954881348,-1.97904952517072
"9141226","2017-07-26",12.6715683740644,0.142857142857143,0.190476190476195,0.168650793650797,1.77946717904841,1.46719948761826,1.62333333333334,0.211785745147651,41.8575824619984,1.58600000000001,1.5404098273359,-2.3907968401069,-2.06139898815796
"9141225","2017-07-27",11.9956709192625,0.166666666666667,0.198412698412703,0.191137566137569,1.77092291318246,1.46074375348421,1.61583333333334,0.287757071115352,41.8575824619984,1.58400000000001,1.53502185035778,-2.39398797831212,-2.12791678618879
"9141224","2017-07-28",11.3680518540892,0.166666666666667,0.158730158730163,0.182539682539686,1.75439013204107,1.45894320129227,1.60666666666667,0.308200184977223,41.8575824619984,1.58000000000001,1.53035227031008,-2.37029369415725,-2.17639216778248
"9141223","2017-07-31",11.547357539409,0.333333333333335,0.222222222222227,0.193121693121696,1.73581032524976,1.46418967475025,1.6,0.499999999999995,48.453554526585,1.57600000000001,1.53297196760207,-2.06446623422959,-2.1540069810719
"9141222","2017-08-01",11.7138556757774,0.400000000000002,0.300000000000005,0.22698412698413,1.71901101420035,1.46932231913298,1.59416666666667,0.523362424685499,48.453554526585,1.57400000000001,1.53524237192179,-1.80122963962261,-2.08345151278205
"9141221","2017-08-02",11.8684610881195,0.400000000000002,0.377777777777783,0.300000000000004,1.7067018726971,1.46996479396957,1.58833333333333,0.408477933481619,48.453554526585,1.57200000000001,1.53721005566555,-1.57438396561116,-1.98163800334787
"9141220","2017-08-03",11.027670293801,0.200000000000001,0.333333333333339,0.337037037037041,1.67797905905188,1.48035427428146,1.57916666666667,0.352413923179976,42.4401953318506,1.56600000000001,1.53224871491015,-1.63850443215521,-1.91301128910934
"9141219","2017-08-04",11.7112930827107,0,0.200000000000005,0.303703703703708,1.66441918865744,1.4689141446759,1.56666666666667,-0.0967450470366727,33.4885555316605,1.55400000000001,1.51461555292213,-2.19591460614348,-1.96959195251616
"9141218","2017-08-07",11.4831389147019,0,0.0666666666666708,0.200000000000003,1.65664915811824,1.45835084188176,1.5575,0.0419359324008938,33.4885555316605,1.542,1.49933347919918,-2.61605661288714,-2.09888488459036
"9141217","2017-08-08",11.2712814729794,0.166666666666667,0.0555555555555596,0.10740740740741,1.6465615365385,1.45510513012817,1.55083333333334,0.234491343035081,40.7370507404398,1.53400000000001,1.49275568197262,-2.65383942816175,-2.20987579330464
"9141216","2017-08-09",11.0745567056657,0.166666666666667,0.111111111111115,0.0777777777777806,1.63099042634972,1.45400957365028,1.5425,0.165688882360921,40.7370507404398,1.52600000000001,1.48705492437627,-2.65483475795342,-2.29886758623439
"9141215","2017-08-10",10.8918837074459,0.166666666666667,0.166666666666671,0.111111111111114,1.62606451789093,1.44560214877574,1.53583333333334,0.116725265185233,40.7370507404398,1.51600000000001,1.48211426779277,-2.62667377842759,-2.36442882467303
"9141214","2017-08-11",10.7222587805274,0,0.111111111111115,0.129629629629633,1.62396176733707,1.43437156599627,1.52916666666667,0.0824327095662372,35.8564546026138,1.50600000000001,1.47116569875373,-2.84673906381965,-2.46089087250236
"9141213","2017-08-14",10.5647499198174,0.1,0.088888888888893,0.122222222222225,1.61493680147625,1.43039653185709,1.52266666666667,0.214606103180844,40.4652729245776,1.49920000000001,1.4656769389199,-2.82691613378757,-2.5340959247594
"9141212","2017-08-15",10.2493430994199,0.166666666666667,0.088888888888893,0.0962962962962991,1.61364268274757,1.42835731725243,1.521,0.386661313245739,43.3857628463743,1.49320000000001,1.46358668039725,-2.67118360146287,-2.56151346010009
"9141211","2017-08-16",10.8081940787931,0.166666666666667,0.144444444444449,0.10740740740741,1.61400406862629,1.42966259804038,1.52183333333334,0.471972304168742,43.3857628463743,1.48720000000001,1.46177512301095,-2.51902836643807,-2.55301644136769
"9141210","2017-08-17",11.3271271310682,0.166666666666667,0.166666666666671,0.133333333333336,1.61282367745744,1.42584298920923,1.51933333333334,0.307466747837556,43.3857628463743,1.48320000000001,1.46020510660949,-2.3713537219645,-2.51668389748705
"9141209","2017-08-18",11.8089935367523,0.166666666666667,0.166666666666671,0.159259259259262,1.61136081317092,1.42230585349575,1.51683333333334,0.322802850252848,43.3857628463743,1.47920000000001,1.45884442572822,-2.22882709708744,-2.45911253740713
"9141208","2017-08-21",12.2564409134589,0.400000000000002,0.244444444444449,0.192592592592596,1.61022431863496,1.42177568136504,1.516,0.503537657137366,51.4021889755307,1.47720000000001,1.46433183563113,-1.81877257447848,-2.3310445448214
"9141207","2017-08-22",11.4409932027834,0.200000000000001,0.25555555555556,0.222222222222226,1.60091601019223,1.42108398980777,1.511,0.346152722927091,44.6010058094042,1.47520000000001,1.46242092421364,-1.74915166981995,-2.21466596982111
"9141206","2017-08-23",10.6837917571561,0.280000000000001,0.293333333333338,0.264444444444448,1.59860452967463,1.41806213699204,1.50833333333334,0.343065482226398,47.5882855803059,1.47600000000001,1.46343146765182,-1.56577465515518,-2.08488770688792
"9141205","2017-08-24",11.0060296397322,0.400000000000002,0.293333333333338,0.280740740740744,1.59500943345855,1.41832389987479,1.50666666666667,0.556597729294332,51.7878696763124,1.47600000000001,1.46830727196491,-1.24102591335354,-1.91611534818105
"9141204","2017-08-25",11.3052505306958,0.400000000000002,0.360000000000005,0.315555555555559,1.59124255201337,1.41875744798664,1.505,0.567638691077098,51.7878696763124,1.47600000000001,1.47253296903626,-0.972701239860074,-1.72743252651685
"9141203","2017-08-28",12.4539109358818,0.600000000000003,0.466666666666673,0.373333333333338,1.58322214495438,1.42344452171229,1.50333333333333,0.896384249860658,58.2535674617959,1.47800000000001,1.48286190649809,-0.482290528995311,-1.47840412701254
"9141202","2017-08-29",13.5205241692689,0.600000000000003,0.53333333333334,0.453333333333338,1.57449828373264,1.4288350496007,1.50166666666667,0.946234771508094,58.2535674617959,1.47800000000001,1.49181365229835,-0.0946872485842021,-1.20166075132688
"9141201","2017-08-30",15.2521278191491,0.600000000000003,0.600000000000007,0.533333333333338,1.57859569998072,1.42640430001928,1.5025,1.03112944196461,58.2535674617959,1.48000000000001,1.4995718319919,0.208414614149488,-0.919645678231603
"9141200","2017-08-31",15.5476750172178,0.31818181818182,0.506060606060612,0.546464646464652,1.57859569998072,1.42640430001928,1.5025,0.812106991669925,49.8960169819418,1.48000000000001,1.49962892105965,0.177371191235953,-0.700242304338092
"9141199","2017-09-01",14.7511071080587,0,0.306060606060611,0.470707070707076,1.57721880333788,1.43278119666212,1.505,0.465382976670158,43.2185552234905,1.47800000000001,1.49301173158503,-0.115192277133558,-0.583232298897185
"9141198","2017-09-05",14.0114369066966,0,0.10606060606061,0.30606060606061,1.57663430633355,1.43503236033312,1.50583333333333,0.341103878615257,43.2185552234905,1.47400000000001,1.48727683404036,-0.344224933170012,-0.535430825751751
"9141197","2017-09-06",13.3246002911462,0,3.88578058618805e-15,0.137373737373741,1.57716951399168,1.43083048600833,1.504,0.222106486375624,43.2185552234905,1.47000000000001,1.48230658950164,-0.520640653713456,-0.532472791344092
"9141196","2017-09-07",13.0699321057543,0,3.88578058618805e-15,0.0353535353535382,1.58050703203583,1.42249296796417,1.5015,0.0686038007619874,37.0292182979712,1.46400000000001,1.47133237756809,-0.924240238137208,-0.610826280702715
"9141195","2017-09-08",12.8334545050333,0,3.88578058618805e-15,2.71542048106236e-15,1.583005844818,1.41666082184867,1.49983333333334,0.100228496092347,37.0292182979712,1.46000000000001,1.46182139389235,-1.23320115120671,-0.735301254803514
"9141194","2017-09-11",12.6138681615066,0,3.88578058618805e-15,2.71542048106236e-15,1.58445564151457,1.41354435848543,1.499,0.115785069874686,37.0292182979712,1.46000000000001,1.45357854137337,-1.46383652181105,-0.88100830820502
"9141193","2017-09-12",12.4099665568033,0.200000000000001,0.0666666666666709,0.022222222222225,1.58452723302546,1.41313943364121,1.49883333333334,0.312316473038142,46.5835992198295,1.46200000000001,1.45310140252358,-1.35442196691234,-0.975691039946485
"9141192","2017-09-13",12.220629352436,0,0.0666666666666709,0.0444444444444474,1.58462325977521,1.40804340689146,1.49633333333334,0.237606909414292,40.0409644083539,1.46000000000001,1.44602121552044,-1.5288232185673,-1.08631747567065
"9141191","2017-09-14",12.0448162340948,0.200000000000001,0.133333333333338,0.088888888888892,1.58250939799818,1.40515726866849,1.49383333333334,0.346820747124125,47.918459548879,1.46000000000001,1.44655172011771,-1.372930578627,-1.14364009626192
"9141190","2017-09-15",13.0068951407495,0,0.0666666666666709,0.088888888888892,1.58379113151415,1.39887553515252,1.49133333333333,0.18634338508379,41.9789598823957,1.45800000000001,1.44034482410202,-1.51169355767343,-1.21725078854422
"9141189","2017-09-18",12.4814137813131,0.200000000000001,0.133333333333338,0.111111111111114,1.58379113151415,1.39887553515252,1.49133333333333,0.45673701863224,48.8118041205033,1.46000000000001,1.44163218088842,-1.3268559392255,-1.23917181868048
"9141188","2017-09-19",11.9934668046935,0.200000000000001,0.133333333333338,0.111111111111114,1.58143691117859,1.39789642215475,1.48966666666667,0.465493535693302,48.8118041205033,1.46080000000001,1.44274789010329,-1.16687375056397,-1.22471220505718
"9141187","2017-09-20",11.5403731835468,0.200000000000001,0.200000000000005,0.155555555555559,1.58111972332546,1.39654694334121,1.48883333333334,0.379902840123224,48.8118041205033,1.46080000000001,1.44371483808952,-1.02819836232135,-1.18540943651001
"9141186","2017-09-21",11.5579430614058,0.250000000000001,0.216666666666672,0.183333333333337,1.58123400192506,1.39676599807495,1.489,0.46928103222024,48.8118041205033,1.46080000000001,1.44455285967759,-0.907804511848997,-1.12988845157781
"9141185","2017-09-22",11.5742579479891,0.333333333333335,0.261111111111116,0.22592592592593,1.5783083753139,1.3946916246861,1.4865,0.391985163306051,48.8118041205033,1.46080000000001,1.44527914505391,-0.803111931452472,-1.06453314755274
"9141184","2017-09-25",11.5894074855307,0,0.194444444444449,0.224074074074078,1.57519262918691,1.39114070414642,1.48316666666667,0.319797230268733,41.6986611409066,1.45880000000001,1.43924192571339,-0.988483540196705,-1.04932322608153
"9141183","2017-09-26",12.6803285084079,0.1,0.144444444444449,0.200000000000004,1.56250663984277,1.3951600268239,1.47883333333333,0.506971558286234,45.1423100616767,1.45560000000001,1.43667633561827,-1.01239891825369,-1.04193836451596
"9141182","2017-09-27",12.6321725267547,0,0.0333333333333374,0.124074074074078,1.55586525595691,1.38180141070976,1.46883333333333,-0.086949383552951,32.6725248841887,1.44960000000001,1.4184528242025,-1.69172379184215,-1.1718954499812
"9141181","2017-09-28",12.5874562580766,0.166666666666667,0.0888888888888931,0.0888888888888921,1.5363868990512,1.38127976761547,1.45883333333333,0.0132396602197261,40.0974783902034,1.44480000000001,1.4093257809755,-1.93004451401445,-1.32352526278785
"9141180","2017-09-29",11.8625190676073,0.166666666666667,0.111111111111115,0.0777777777777808,1.52075635225037,1.3819103144163,1.45133333333333,0.130285933008197,40.0974783902034,1.43880000000001,1.40141567684543,-2.09758630635227,-1.47833747150074
"9141179","2017-10-02",11.1893631050287,0.333333333333334,0.222222222222227,0.140740740740744,1.51407739569794,1.38192260430206,1.448,0.389019032062688,46.8902225640816,1.43480000000001,1.40122691993271,-1.92132800210655,-1.5669355776219
"9141178","2017-10-03",10.5642897112057,0.500000000000001,0.333333333333338,0.222222222222226,1.51184621864753,1.38248711468581,1.44716666666667,0.650743159180892,52.6701212919399,1.43080000000001,1.40772999727501,-1.47699139663755,-1.54894674142503
"9141177","2017-10-04",10.6505873901195,0.333333333333334,0.388888888888893,0.314814814814818,1.51016817397033,1.38116515936301,1.44566666666667,0.404394999055824,47.1447237946962,1.42480000000001,1.40669933097168,-1.39570288182982,-1.51829796950599
"9141176","2017-10-05",11.549839474645,0.166666666666667,0.333333333333338,0.351851851851855,1.51303877205295,1.37329456128039,1.44316666666667,0.0718367651686264,42.3591786054862,1.41680000000001,1.39913942017546,-1.6008389921223,-1.53480617402925
"9141175","2017-10-06",12.3848592674186,0.166666666666667,0.222222222222227,0.314814814814818,1.51519033926657,1.36614299406676,1.44066666666667,0.115334756506564,42.3591786054862,1.41080000000001,1.39258749748539,-1.74533014107032,-1.57691096743746
"9141174","2017-10-09",13.1602347892799,0.166666666666667,0.166666666666671,0.240740740740744,1.51675066277557,1.35958267055776,1.43816666666667,0.151116410157202,42.3591786054862,1.40680000000001,1.38690916448734,-1.84025725765681,-1.62958022548133
"9141173","2017-10-10",13.8802263452939,0.166666666666667,0.166666666666671,0.185185185185189,1.51490048756892,1.35309951243108,1.434,0.18685808831804,42.3591786054862,1.40280000000001,1.3819879425557,-1.89494766328041,-1.68265371304115
"9141172","2017-10-11",14.5487899330213,0.166666666666667,0.166666666666671,0.16666666666667,1.51410926170461,1.34722407162872,1.43066666666667,0.216371876307241,42.3591786054862,1.39880000000001,1.37772288354827,-1.91723237871879,-1.72956944617668
"9141171","2017-10-12",15.1695989787681,0.166666666666667,0.166666666666671,0.16666666666667,1.51065527975779,1.34234472024222,1.4265,0.243529658561472,42.3591786054862,1.39680000000001,1.37402649907517,-1.91366793251705,-1.76638914344475
"9141170","2017-10-13",16.6703509972502,0,0.111111111111115,0.148148148148151,1.51482083249617,1.32817916750383,1.4215,0.0276153013835964,36.5686828906603,1.39280000000001,1.36415629919848,-2.18184211291443,-1.84947973733869
"9141169","2017-10-16",18.0639064429837,0,0.0555555555555597,0.111111111111114,1.5124860169129,1.31384731642044,1.41316666666667,0.0141933582893925,36.5686828906603,1.38880000000001,1.35560212597201,-2.37066654492635,-1.95371709885622
"9141168","2017-10-17",20.1034164022097,0,3.88578058618805e-15,0.0555555555555585,1.51319184002856,1.29247482663811,1.40283333333333,-0.0716218461305406,31.5644669621231,1.38080000000001,1.34152184250908,-2.79171137716029,-2.12131595451703
"9141167","2017-10-18",21.9972470786338,0,3.88578058618805e-15,0.0185185185185213,1.51396274071789,1.27170392594878,1.39283333333333,-0.0207928833752226,31.5644669621231,1.37480000000001,1.32931893017454,-3.09701175369488,-2.3164551143526
"9141166","2017-10-19",24.363709319198,0,3.88578058618805e-15,2.73623716277408e-15,1.51261081944996,1.24805584721671,1.38033333333333,-0.0556501121831061,27.2411117683428,1.36480000000001,1.31207640615126,-3.61089694108457,-2.575343479699
"9141165","2017-10-20",26.561138542579,0,3.88578058618805e-15,2.73623716277408e-15,1.51184374962327,1.2238229170434,1.36783333333333,-0.0248462943205687,27.2411117683428,1.35680000000001,1.2971328853311,-3.98369504474895,-2.85701379270899
"9141164","2017-10-23",26.8725436401912,0.166666666666667,0.0555555555555597,0.0185185185185213,1.50392352728108,1.21340980605225,1.35866666666667,0.183319604971307,37.2146675813074,1.34880000000001,1.29084850062028,-3.92874151277727,-3.07135933672264
"9141163","2017-10-24",28.4029171116304,0,0.0555555555555597,0.0370370370370399,1.49688053012061,1.19078613654605,1.34383333333333,-0.024348055270427,28.7318181855922,1.33680000000001,1.27206870053758,-4.46894560903001,-3.35087659118412
"9141162","2017-10-25",29.8239781922525,0.166666666666667,0.111111111111115,0.0740740740740771,1.49859375501541,1.17407291165126,1.33633333333333,0.131251215095639,36.522925770819,1.32680000000001,1.2624595404659,-4.53797415375138,-3.58829610369757
"9141161","2017-10-26",29.7950774994546,0.333333333333335,0.166666666666671,0.111111111111114,1.49396627243019,1.16703372756981,1.3305,0.30475075260374,43.2089521737393,1.31880000000001,1.26079826840378,-4.22701664636878,-3.71604021223181
"9141160","2017-10-27",30.3760637348158,0.166666666666667,0.222222222222227,0.16666666666667,1.48759238010526,1.15674095322808,1.32216666666667,0.231500830533485,38.8069943523039,1.30880000000001,1.25269183261661,-4.25384730430652,-3.82360163064675
"9141159","2017-10-30",30.9155509533656,0.333333333333335,0.277777777777783,0.222222222222226,1.47268021977853,1.15498644688814,1.31383333333333,0.351534179478738,44.856892485005,1.30280000000001,1.25233292160106,-3.9100206428477,-3.84088543308694
"9141158","2017-10-31",31.9603939802122,0.166666666666667,0.222222222222227,0.240740740740744,1.448154109049,1.15617922428434,1.30216666666667,0.264249129205693,40.5405077854138,1.29400000000001,1.24535519872092,-3.91605501308107,-3.85591934908577
"9141157","2017-11-01",32.9306053622841,0.200000000000001,0.233333333333338,0.244444444444448,1.42788328318801,1.15645005014533,1.29216666666667,0.283249336590688,40.5405077854138,1.29000000000001,1.23930783889146,-3.87904712221727,-3.86054490371207
"9141156","2017-11-02",33.8315159313509,0.250000000000001,0.20555555555556,0.220370370370374,1.41656991457604,1.15109675209063,1.28383333333333,0.246992629922198,40.5405077854138,1.28400000000001,1.23406679370594,-3.80817950019346,-3.85007182300835
"9141155","2017-11-03",34.6680757454843,0.277777777777779,0.242592592592598,0.227160493827164,1.40302821038674,1.14797178961326,1.2755,0.269332082858694,40.5405077854138,1.27800000000001,1.22952455454514,-3.71114024263364,-3.82228550693341
"9141154","2017-11-06",35.9957968365226,0,0.175925925925931,0.208024691358028,1.38893734353014,1.14206265646986,1.2655,0.167172573887232,35.8947115136047,1.26800000000001,1.21892128060579,-3.92118001437296,-3.84206440842132
"9141153","2017-11-07",37.6705481238009,0,0.0925925925925969,0.170370370370374,1.37680809522985,1.12919190477015,1.253,0.016725192950819,31.9515255507361,1.25400000000001,1.20306510985835,-4.3782772694264,-3.94930698062233
"9141152","2017-11-08",39.5870518545133,0,3.88578058618805e-15,0.0895061728395093,1.36757022977692,1.10842977022308,1.238,-0.0968449192879938,28.5713988539147,1.24000000000001,1.18265642854391,-5.03593967073326,-4.16663351864452
"9141151","2017-11-09",42.0950125438825,0,3.88578058618805e-15,0.0308641975308671,1.37701763892938,1.05731569440396,1.21716666666667,-0.28354230960921,21.2936454367918,1.22200000000001,1.14496890473805,-6.55369589270513,-4.64404599345664
"9141150","2017-11-10",44.423833184011,0,3.88578058618805e-15,2.71542048106236e-15,1.39046867562329,1.00386465771004,1.19716666666667,-0.182438156637415,21.2936454367918,1.20400000000001,1.11230638410631,-7.73398138877245,-5.2620330725198
"9141149","2017-11-13",44.318565920969,0.15,0.050000000000004,0.0166666666666694,1.38367326721889,0.979660066114442,1.18166666666667,0.0668458369142312,29.6112529906466,1.18840000000001,1.09199886622547,-8.18379988181442,-5.84638643437873
"9141148","2017-11-14",44.7724664627522,0,0.050000000000004,0.0333333333333361,1.3895145458816,0.938818787451738,1.16416666666667,-0.0269630245188174,25.7099219287434,1.16960000000001,1.06373235072874,-9.06793035838764,-6.49069521918051
"9141147","2017-11-15",45.1939455372652,0.166666666666667,0.10555555555556,0.0685185185185213,1.38457883157814,0.914087835088534,1.14933333333333,0.118837906205718,33.9144779076886,1.15360000000001,1.04856803729824,-9.16850221423057,-7.02625661819052
"9141146","2017-11-16",45.1788450004615,0.190476190476191,0.119047619047623,0.0915343915343944,1.37935229020979,0.894314376456878,1.13683333333333,0.183529893957533,35.0185571912396,1.13800000000001,1.03675896565848,-9.0834485947775,-7.43769501350792
"9141145","2017-11-17",45.1648230734295,0.238095238095239,0.198412698412703,0.141005291005294,1.37357918200714,0.876754151326201,1.12516666666667,0.21452055638392,37.2756267587097,1.12520000000001,1.02919110357068,-8.77012284477793,-7.70418057976192
"9141144","2017-11-20",43.6078746007742,0.261904761904762,0.230158730158734,0.182539682539686,1.35645710490775,0.868876228425588,1.11266666666667,0.303109587290153,38.427219838402,1.11280000000001,1.02396562309459,-8.35308764972141,-7.83396199375382
"9141143","2017-11-21",41.8220844438887,0.270270270270271,0.256756756756761,0.228442728442732,1.3492832148284,0.859383451838274,1.10433333333333,0.321051828783114,37.6821733998612,1.10200000000001,1.01810354001531,-8.01341186157295,-7.86985196731765
"9141142","2017-11-22",40.1638507267807,0.324324324324325,0.28549978549979,0.257471757471761,1.33633304577853,0.853333620888141,1.09483333333333,0.358868016908844,40.1802384024248,1.09200000000001,1.01568973467994,-7.50307192645615,-7.79649595914535
"9141141","2017-11-24",38.6240622751804,0.432432432432434,0.342342342342347,0.294866294866298,1.31287195980854,0.855461373524793,1.08416666666667,0.432591561590558,44.9345264830301,1.08560000000001,1.01893110338928,-6.70507273162116,-7.57821131364051
"9141140","2017-11-27",37.8194561754134,0.343750000000001,0.36683558558559,0.331559237809241,1.29312790944299,0.854538757223685,1.07383333333333,0.392458200509518,40.5916975169418,1.07720000000001,1.01507362293737,-6.39400168591399,-7.34136938809521
"9141139","2017-11-28",37.0723219399155,0.481481481481483,0.419221304637976,0.37613307752197,1.26333195134959,0.86133471531708,1.06233333333333,0.436152131492286,42.9661837878676,1.06760000000001,1.01439713987906,-5.92237163027856,-7.05756983653188
"9141138","2017-11-29",36.1571633067668,0.863636363636367,0.562955948372621,0.449670946198728,1.24008391385677,0.869249419476566,1.05466666666667,0.568314392855155,49.4887244287575,1.06440000000001,1.02181085456185,-5.01581842537513,-6.64921955430053
"9141137","2017-11-30",33.6847769433404,0.656250000000002,0.667122615039288,0.549766622683294,1.21938691965901,0.879279747007664,1.04933333333333,0.727379307323842,51.4806044361677,1.06000000000001,1.03090274062027,-4.09366509769352,-6.13810866297913
"9141136","2017-12-01",31.6244722469879,0.562500000000002,0.694128787878794,0.641402450430233,1.19828253389959,0.889384132767079,1.04383333333333,0.703411002138459,48.3975969617209,1.05240000000001,1.03478237520423,-3.55600291998122,-5.62168751437955
"9141135","2017-12-04",29.7113321718034,0.593750000000002,0.604166666666672,0.65513935652825,1.17403384036543,0.902299492967908,1.03816666666667,0.739817554500511,49.483589527834,1.04720000000001,1.03947805851034,-3.01732700473718,-5.10081541245107
"9141134","2017-12-05",27.9348449591321,0.480000000000002,0.545416666666672,0.614570707070712,1.15472476827961,0.912275231720394,1.0335,0.733038185190342,49.483589527834,1.04000000000001,1.04354765070896,-2.5608704916294,-4.59282642828674
"9141133","2017-12-06",26.0942335435729,0.500000000000002,0.524583333333339,0.55805555555556,1.1483470425887,0.915319624077967,1.03183333333333,0.792526377807017,50.6871999935174,1.03520000000001,1.04840796394776,-2.09809549939595,-4.09388024250858
"9141132","2017-12-07",24.3850943719822,0.545454545454548,0.508484848484855,0.526161616161621,1.15318509362264,0.913481573044032,1.03333333333333,0.833745619617482,53.0942980940294,1.03120000000001,1.05528690208806,-1.56092357092227,-3.58728890819132
"9141131","2017-12-08",22.7980365697908,0.545454545454548,0.530303030303036,0.521123737373742,1.16014615030678,0.920520516359895,1.04033333333333,0.776820690010303,53.0942980940294,1.02720000000001,1.06124864847632,-1.12345613829218,-3.09452235421149
"9141130","2017-12-11",22.1142046696007,0.363636363636365,0.484848484848491,0.507878787878793,1.15796122178563,0.93737211154771,1.04766666666667,0.646577196392236,47.6942289350944,1.02160000000001,1.06108216201281,-1.06791726128711,-2.68920133562661
"9141129","2017-12-12",21.6622669873076,0.285714285714287,0.398268398268404,0.471139971139976,1.159592737416,0.941740595917334,1.05066666666667,0.573444309015876,46.4230411314074,1.01760000000001,1.0596045404111,-1.08736121659507,-2.36883331182031
"9141128","2017-12-13",21.2426105680353,0.285714285714287,0.311688311688317,0.398268398268403,1.15064456129162,0.964688772041715,1.05766666666667,0.548398600744305,46.4230411314074,1.01560000000001,1.05832393502296,-1.09049626451609,-2.11316590235946
"9141127","2017-12-14",20.3227117173814,0.428571428571431,0.333333333333339,0.347763347763352,1.14874570646653,0.978920960200139,1.06383333333333,0.673708488595202,50.9697640631749,1.01680000000001,1.0612140770199,-0.855206567572164,-1.861574035402
"9141126","2017-12-15",19.4129988764353,0.368421052631581,0.360902255639103,0.335307966886918,1.14877893599461,0.991554397338726,1.07016666666667,0.753353157680524,50.9697640631749,1.02400000000001,1.06371886675058,-0.661267342262384,-1.62151269677408
"9141125","2017-12-18",19.311155543017,0.375000000000003,0.390664160401008,0.361633249791149,1.15223795365127,1.00409537968206,1.07816666666667,0.939891551230979,55.3630024785964,1.03240000000001,1.06988968451717,-0.278262860620415,-1.35286272954335
"9141124","2017-12-19",19.8498341663234,0.700000000000003,0.481140350877199,0.410902255639102,1.17633380414188,0.999332862524794,1.08783333333333,1.19020348451567,64.4983110189651,1.04160000000001,1.08590439324821,0.612394994429932,-0.959811184748691
"9141123","2017-12-20",21.0137534130922,0.400000000000001,0.491666666666672,0.454490392648292,1.19186598734824,1.00213401265177,1.097,1.04287106938499,58.0961009570536,1.05240000000001,1.09445047414845,1.00248970846792,-0.567351006105368
"9141122","2017-12-21",22.094535570806,0.720000000000002,0.606666666666672,0.52649122807018,1.21961875216457,0.997047914502095,1.10833333333333,1.1514779812254,65.4769372689996,1.06360000000001,1.11252374426199,1.86716821709796,-0.0804471614647028
"9141121","2017-12-22",23.0981190029689,0.720000000000002,0.613333333333339,0.57055555555556,1.24317100571008,0.993495660956586,1.11833333333333,1.04070216718148,65.4769372689996,1.07440000000001,1.12818724502706,2.508683085816,0.437378887991438
"9141120","2017-12-26",21.706498042779,0.200000000000001,0.546666666666672,0.588888888888893,1.24439260895313,1.00627405771354,1.12533333333334,0.673583003584386,49.1586713069039,1.07920000000001,1.12442894569012,2.0613432702955,0.76217176445225
"9141119","2017-12-27",20.4142785797457,0.400000000000001,0.440000000000005,0.533333333333338,1.24694896820302,1.01838436513032,1.13266666666667,0.721673286176122,53.9158410866895,1.08560000000001,1.1278384195981,2.04047235392821,1.01783188234744
"9141118","2017-12-28",19.234416894607,0.600000000000002,0.400000000000005,0.462222222222226,1.25856549994741,1.0214345000526,1.14,0.865480121557749,58.1344851030319,1.09440000000001,1.13745996365169,2.35042147320543,1.28434980051904
"9141117","2017-12-29",19.441510759844,0.34375,0.447916666666671,0.429305555555559,1.26980792967553,1.02052540365781,1.14516666666667,0.840309987581318,53.8847509381571,1.10080000000001,1.14046530183146,2.28401348812381,1.48428253804
"9141116","2018-01-02",19.7573037728269,0.606060606060608,0.516603535353541,0.454840067340071,1.29335684074695,1.01564315925306,1.1545,0.999915353779164,60.8240373442513,1.10920000000001,1.15506992825393,2.82749676300282,1.75292538303256
"9141115","2018-01-03",19.6467504709624,0.545454545454547,0.498421717171722,0.48764730639731,1.30760496771615,1.01772836561718,1.16266666666667,0.858773351305154,58.7098033601218,1.11880000000001,1.16506060448674,3.07502536018804,2.01734537846366
"9141114","2018-01-04",18.6201184871876,0.333333333333334,0.4949494949495,0.50332491582492,1.31173674291428,1.02626325708572,1.169,0.66697405900347,53.6856730038075,1.12560000000001,1.16705252388851,2.88978672632749,2.19183364803642
"9141113","2018-01-05",17.6668173593967,0.400000000000001,0.426262626262631,0.473211279461283,1.31533204823454,1.03433461843213,1.17483333333333,0.648874434057098,55.3322755271376,1.13080000000001,1.17144552070338,2.84724157715777,2.32291523386069
"9141112","2018-01-08",16.5954682062318,0.321428571428572,0.351587301587306,0.424266474266478,1.31769913169047,1.04130086830953,1.1795,0.598288123573421,54.2929031477386,1.13480000000001,1.17391945127626,2.71261890940002,2.40085596896856
"9141111","2018-01-09",15.7811683959653,0.357142857142858,0.359523809523814,0.379124579124583,1.31988266505869,1.05011733494132,1.185,0.617385976370231,55.1991849081425,1.14040000000001,1.17739685777276,2.64335300134924,2.44935537544469
"9141110","2018-01-10",15.5491524524313,0.392857142857144,0.357142857142862,0.35608465608466,1.3200261753201,1.06530715801323,1.19266666666667,0.659653044741737,56.135828183828,1.14600000000001,1.18174394340306,2.62548481274332,2.48458126290442
"9141109","2018-01-11",15.1164180782256,0.357142857142858,0.369047619047624,0.361904761904766,1.31417337705941,1.08649328960726,1.20033333333334,0.58637850980621,54.8997572013022,1.15120000000001,1.18417808428265,2.51326510098491,2.49031803052052
"9141108","2018-01-12",14.7145933021774,0.214285714285715,0.321428571428576,0.349206349206353,1.30324069604456,1.11142597062211,1.20733333333333,0.496524423945033,50.143527364903,1.15440000000001,1.18095433971163,2.12727836721605,2.41771009785962
"9141107","2018-01-16",14.3414702958469,0.25,0.273809523809528,0.321428571428575,1.29335713938738,1.12997619394596,1.21166666666667,0.30617894833996,51.2799115199767,1.15720000000001,1.17949376108341,1.86820754762707,2.30780958781311
"9141106","2018-01-17",14.5896033781694,0.0434782608695654,0.169254658385097,0.254830917874399,1.28398381686323,1.14668284980344,1.21533333333333,0.26693536334624,50.0513301433129,1.15960000000001,1.17689459293896,1.57635095143311,2.16151786053711
"9141105","2018-01-18",14.8200126688974,0.136363636363637,0.143280632411072,0.195448271535231,1.278904687032,1.15776197963467,1.21833333333334,0.376179092227123,53.6397892411257,1.16480000000001,1.1786419805471,1.53298638691324,2.03581156581234
"9141104","2018-01-19",15.423699551129,0.181818181818183,0.120553359683799,0.144362883493321,1.27912418159336,1.15820915173998,1.21866666666667,0.483459459072816,54.8053489837717,1.17080000000001,1.18148971647415,1.54878642531628,1.93840653771313
"9141103","2018-01-22",16.3499689165444,0.136363636363637,0.151515151515156,0.138449714536674,1.27936187805644,1.15963812194356,1.2195,0.476334409933954,53.3605931100373,1.17640000000001,1.18262442094426,1.47562022360159,1.84584927489082
"9141102","2018-01-23",17.3874794524424,0.222222222222223,0.180134680134685,0.150734397111212,1.27611204324381,1.16022129008953,1.21816666666667,0.573344937095047,54.6481061379277,1.18120000000001,1.18494116481836,1.4686567723259,1.77041077437784
"9141101","2018-01-24",18.3508820929191,0.285714285714288,0.21476671476672,0.182138848805519,1.27217664581213,1.16082335418788,1.2165,0.531431491148094,54.6481061379277,1.18600000000001,1.18694900950925,1.44608622250832,1.70554586400393
"9141100","2018-01-25",18.238851376727,0.0714285714285719,0.193121693121698,0.1960076960077,1.26999469187518,1.16533864145816,1.21766666666667,0.235641976202745,49.8592179513559,1.18840000000001,1.18468914157468,1.21008230464323,1.60645315213179
"9141099","2018-01-26",18.1348228545485,0.214285714285716,0.190476190476196,0.199454866121537,1.26906066983724,1.1682726634961,1.21866666666667,0.347865496203636,52.8270932126834,1.18840000000001,1.18539725603139,1.14607676407179,1.51437787451979
"9141098","2018-01-29",17.0778307540944,0,0.0952380952380998,0.15961199294533,1.27031574639786,1.16135092026881,1.21583333333333,0.0793749693221682,45.5657385930334,1.18800000000001,1.17934428856054,0.745543039231045,1.36061090746204
"9141097","2018-01-30",16.7879563847995,0,0.0714285714285758,0.119047619047623,1.27455780117082,1.14810886549585,1.21133333333333,-0.0641275899442233,41.8488433183914,1.18320000000001,1.17009838341913,0.217775321637115,1.13204379029706
"9141096","2018-01-31",16.518787327597,0.210526315789474,0.0701754385964952,0.0789473684210557,1.25909504481881,1.15057162184786,1.20483333333333,0.117594074496643,47.9459005032109,1.18000000000001,1.16741859896325,0.0732252262417576,0.920280077485998
"9141095","2018-02-01",17.7383212738134,0,0.0701754385964952,0.0705931495405209,1.25809737219299,1.13590262780701,1.197,-0.211978247813919,39.1130932571081,1.17880000000001,1.15442945243482,-0.592387907097514,0.617746480569296
"9141094","2018-02-02",19.0171124381778,0,0.0701754385964952,0.070175438596494,1.2660182904576,1.11564837620907,1.19083333333333,-0.148400981587663,38.1665831595622,1.17520000000001,1.14183885877684,-1.18378634157265,0.257439916140908
"9141093","2018-02-05",20.2045613765161,0.0909090909090914,0.0303030303030344,0.0568846358320071,1.26938377849939,1.10028288816728,1.18483333333333,-0.0213849938549284,41.2297811939227,1.17040000000001,1.13359367760659,-1.49889545187961,-0.0938271574631962
"9141092","2018-02-06",20.6600594954433,0.0909090909090914,0.0606060606060648,0.0536948431685303,1.27063430437982,1.08869902895352,1.17966666666667,0.0804368715496523,41.2297811939227,1.16720000000001,1.12644785392572,-1.73178697668019,-0.421419121306596
"9141091","2018-02-07",21.0830220344472,0.0454545454545457,0.0757575757575801,0.0555555555555586,1.26940820218261,1.07825846448406,1.17383333333333,0.1137408597977,40.0784452436321,1.16000000000001,1.11892147340229,-1.96848814051267,-0.730832925147811
"9141090","2018-02-08",20.8257355417953,0.136363636363637,0.0909090909090953,0.0757575757575789,1.26238803720789,1.07394529612544,1.16816666666667,0.244396274486401,43.4780088211631,1.15440000000001,1.11506527694865,-1.99063335487223,-0.982793011092694
"9141089","2018-02-09",21.8435319726382,0,0.0606060606060648,0.0757575757575789,1.26380119504223,1.05553213829111,1.15966666666667,-0.026562459048926,35.8185102288261,1.14800000000001,1.10238990668883,-2.49225544689278,-1.28468549825271
"9141088","2018-02-12",20.589544587489,0.416666666666669,0.184343434343439,0.111952861952865,1.25864705693852,1.05468627639481,1.15666666666667,0.450970966215445,49.5043463697774,1.14480000000001,1.10473791913032,-2.13599904125102,-1.45494820685237
"9141087","2018-02-13",19.4251277298504,0.476190476190479,0.297619047619053,0.180856180856185,1.25638736930543,1.05327929736124,1.15483333333334,0.443379896771599,49.5043463697774,1.14200000000001,1.10677286324628,-1.83247559301629,-1.53045368408516
"9141086","2018-02-14",18.3438835049003,0.571428571428573,0.488095238095244,0.323352573352578,1.25421908127725,1.05278091872275,1.1535,0.515720291659273,51.8841914811967,1.13960000000001,1.11120314814677,-1.42978135008687,-1.5103192172855
"9141085","2018-02-15",17.3398710103038,0.809523809523813,0.619047619047626,0.468253968253973,1.25239403508525,1.05327263158142,1.15283333333334,0.686653298001441,57.3020361731466,1.13880000000001,1.12170939506054,-0.741658864359396,-1.35658714670028
"9141084","2018-02-16",17.871638002851,0.500000000000003,0.626984126984134,0.578042328042333,1.24415209678874,1.05351456987793,1.14883333333334,0.436179057377505,47.990906357603,1.13520000000001,1.1201481423858,-0.7649648757032,-1.23826269250086
"9141083","2018-02-20",18.5159613437504,0.444444444444447,0.584656084656092,0.610229276895949,1.23478570182,1.05288096484667,1.14383333333334,0.350654429792815,46.9636267865413,1.13280000000001,1.11746172340103,-0.846046467372452,-1.15981944747518
"9141082","2018-02-21",19.7988562625406,0.166666666666668,0.370370370370377,0.527336860670199,1.22310189887577,1.04989810112423,1.1365,0.173794681563208,42.1099674331693,1.12800000000001,1.10846682694756,-1.25939804831663,-1.17973516764347
"9141081","2018-02-22",20.9901158299886,0.444444444444447,0.351851851851858,0.435626102292774,1.20926166934643,1.05273833065358,1.131,0.365834704425701,47.9077925271528,1.12560000000001,1.10733791668788,-1.21113067857709,-1.18601426983019
"9141080","2018-02-23",20.792828932473,0.272727272727274,0.2946127946128,0.338945005611677,1.20926166934643,1.05273833065358,1.131,0.876940592327747,49.0077606003409,1.12240000000001,1.1076928611295,-1.08751186311963,-1.16631378848808
"9141079","2018-02-26",20.6096339562085,0.333333333333334,0.350168350168356,0.33221099887767,1.20210118829014,1.0562321450432,1.12916666666667,0.75707990650569,51.2260095579923,1.11960000000001,1.11066714631223,-0.834361796242455,-1.09992339003896
"9141078","2018-02-27",20.2647716053842,0.303030303030304,0.303030303030308,0.315937149270487,1.19787410168753,1.05679256497914,1.12733333333334,0.542528598284265,50.0535555338001,1.11680000000001,1.11191152680393,-0.698433286047806,-1.01962536924073
"9141077","2018-02-28",20.4368891045512,0.303030303030304,0.313131313131318,0.322109988776659,1.19850607817059,1.05682725516275,1.12766666666667,0.634106139482438,50.0535555338001,1.11360000000001,1.11298998989674,-0.583985120926045,-0.93249731957779
"9141076","2018-03-01",20.5967124966348,0.303030303030304,0.303030303030308,0.30639730639731,1.19494764519386,1.05705235480615,1.126,0.529007517143997,50.0535555338001,1.11040000000001,1.11392465791051,-0.48766883523641,-0.843531622709514
"9141075","2018-03-02",20.995378479383,0.266666666666667,0.290909090909096,0.302356902356906,1.19659819468945,1.05873513864389,1.12766666666667,0.613639339762544,51.441663187025,1.10880000000001,1.11606803685578,-0.335158518030343,-0.74185700177368
"9141074","2018-03-05",21.7251929345906,0.166666666666667,0.24545454545455,0.279797979797983,1.19679506767714,1.0625382656562,1.12966666666667,0.527310844675808,47.2033116260662,1.10520000000001,1.11392563194167,-0.4263695351023,-0.678759508439404
"9141073","2018-03-06",22.1789031439713,0.133333333333334,0.188888888888893,0.241750841750845,1.19653319973267,1.06346680026734,1.13,0.299598795985933,45.8473128697168,1.10320000000001,1.11073554768278,-0.565012412546528,-0.656010089260829
"9141072","2018-03-07",22.7291013241784,0.166666666666667,0.15555555555556,0.196632996633,1.1963710862215,1.0646289137785,1.1305,0.369694978089899,47.4723361690932,1.10280000000001,1.10930414132508,-0.595756580973683,-0.6439593876034
"9141071","2018-03-08",22.9959233252048,0.133333333333334,0.144444444444449,0.162962962962966,1.19624444067924,1.06508889265409,1.13066666666667,0.291596057163409,45.9862225951274,1.10040000000001,1.10673025581507,-0.685252451268747,-0.652218000336469
"9141070","2018-03-09",22.3241544127141,0,0.100000000000004,0.133333333333337,1.19808527941391,1.0589147205861,1.1285,0.127555326572574,40.5217942173835,1.09960000000001,1.09916622170639,-1.03776535018573,-0.729327470306321
"9141069","2018-03-12",21.7003689939727,0.200000000000001,0.111111111111116,0.118518518518522,1.19177682524215,1.07188984142452,1.13183333333334,0.373491965652087,50.1001725514817,1.10160000000001,1.10061072547887,-0.868032210301473,-0.757068418305351
"9141068","2018-03-13",22.1779564216308,0.200000000000001,0.133333333333338,0.114814814814818,1.19118342409004,1.07181657590997,1.1315,0.571209051169512,50.1001725514817,1.10280000000001,1.10186262874836,-0.725171443985073,-0.750689023441296
"9141067","2018-03-14",22.6214304615991,0.333333333333334,0.244444444444449,0.162962962962966,1.19411583264962,1.07121750068372,1.13266666666667,0.776651435834235,55.6253607001817,1.10560000000001,1.10828094491524,-0.316391498047552,-0.663829518362547
"9141066","2018-03-15",23.0332277844267,0.631578947368424,0.388304093567257,0.25536062378168,1.19725911904901,1.07007421428433,1.13366666666667,0.838090436750795,58.1221782022858,1.10960000000001,1.11651015225988,0.148840644748072,-0.501295485740423
"9141065","2018-03-16",23.4156110127667,0.800000000000004,0.588304093567258,0.407017543859653,1.19446001410131,1.07153998589869,1.133,0.85524452202927,58.1221782022858,1.11280000000001,1.12364213195856,0.508868130549067,-0.299262762482525
"9141064","2018-03-19",23.9336174342328,0.800000000000004,0.743859649122815,0.573489278752442,1.19995606909227,1.07037726424107,1.13516666666667,0.845992798627936,58.1221782022858,1.11880000000001,1.12982318103075,0.782976158830984,-0.0828149782198234
"9141063","2018-03-20",24.1050750589404,0.733333333333337,0.777777777777786,0.703313840155952,1.20373814684832,1.07192851981835,1.13783333333334,0.744038826233479,56.1492118306992,1.12040000000001,1.13384675689332,0.916953894252437,0.117138796274629
"9141062","2018-03-21",23.6626550683963,0.600000000000003,0.711111111111119,0.744249512670572,1.20238459372834,1.080948739605,1.14166666666667,0.623522003516045,52.3236886898425,1.12120000000001,1.13466718930754,0.87053446224461,0.267817929468625
"9141061","2018-03-22",23.2518365057483,0.600000000000003,0.644444444444452,0.711111111111118,1.2032396263774,1.08476037362261,1.144,0.606910419943989,52.3236886898425,1.12120000000001,1.1353782307332,0.824205731521954,0.379095489879291
"9141060","2018-03-23",21.7423457870561,0.333333333333336,0.511111111111118,0.622222222222229,1.19674058267044,1.08392608399624,1.14033333333334,0.290216089733146,45.1832627344536,1.11760000000001,1.13066113330211,0.497235126867146,0.402723417276862
"9141059","2018-03-26",21.508049986612,0,0.311111111111117,0.488888888888895,1.19937033565148,1.07096299768186,1.13516666666667,-0.0594176662265968,35.9399784328063,1.11440000000001,1.11723964886183,-0.26325002651203,0.269528728519084
"9141058","2018-03-27",21.0360171575563,0,0.111111111111116,0.311111111111116,1.20265313596257,1.0610135307041,1.13183333333334,0.0399121132274738,35.9399784328063,1.11160000000001,1.10560769568025,-0.86365466291205,0.0428920502328568
"9141057","2018-03-28",20.967486274615,0,4.40388466434645e-15,0.140740740740745,1.20686087537971,1.04647245795363,1.12666666666667,-0.0195720156771203,33.6583601017296,1.11000000000001,1.09286000292288,-1.4764733376133,-0.260981027336375
"9141056","2018-03-29",19.8166814938252,0.473684210526319,0.157894736842111,0.089668615984409,1.20686087537971,1.04647245795363,1.12666666666667,0.520782880627075,49.2666664909982,1.11000000000001,1.09381200253317,-1.28582340749983,-0.465949503369066
"9141055","2018-04-02",18.4508645839064,0.368421052631581,0.280701754385971,0.146198830409361,1.20523933640054,1.04309399693279,1.12416666666667,0.309841384066004,46.6405990886041,1.10880000000001,1.09197040219541,-1.26793954875918,-0.626347512447089
"9141054","2018-04-03",18.133856135388,0.473684210526319,0.438596491228077,0.292397660818718,1.20480726603873,1.04285940062794,1.12383333333334,0.517495342258108,49.5373265059368,1.10760000000001,1.09304101523602,-1.09334630261555,-0.719747270480781
"9141053","2018-04-04",17.8394911474779,0.526315789473687,0.4561403508772,0.391812865497081,1.20526204572995,1.04440462093672,1.12483333333334,0.490674971939095,50.970532286281,1.10720000000001,1.09530221320455,-0.871127104749836,-0.750023237334592
"9141052","2018-04-05",17.5661522301329,0.684210526315792,0.561403508771937,0.48538011695907,1.2069669353723,1.04569973129437,1.12633333333334,0.605415109644883,55.091270302115,1.10800000000001,1.10126191811061,-0.469420220456929,-0.693902633959059
"9141051","2018-04-06",17.0720315599492,0.631578947368424,0.614035087719305,0.543859649122813,1.20781319190897,1.04785347475771,1.12783333333334,0.53438365669775,53.4778223189824,1.10840000000001,1.10509366236253,-0.222802900276331,-0.599682687222514
"9141050","2018-04-09",16.3576129760883,0.333333333333335,0.549707602339188,0.575048732943475,1.20660584170452,1.05139415829548,1.129,0.31315839527636,44.9681450632498,1.10600000000001,1.10041450738086,-0.460910583195651,-0.571928266417141
"9141049","2018-04-10",15.6942242910747,0.333333333333335,0.432748538011702,0.532163742690064,1.20672314356867,1.04927685643133,1.128,0.300990331985387,44.9681450632498,1.10480000000001,1.09635923973008,-0.643272771725933,-0.5861971674789
"9141048","2018-04-11",14.6323719766783,0.555555555555559,0.407407407407414,0.463287849252767,1.20603873778801,1.04896126221199,1.1275,0.515915712872458,50.9970657271646,1.10560000000001,1.09817800776607,-0.488240880900193,-0.566605910163158
"9141047","2018-04-12",13.8619609656057,0.500000000000003,0.46296296296297,0.434372969460694,1.20155063683602,1.04844936316398,1.125,0.445569797471534,49.5359957827464,1.10560000000001,1.09842094006393,-0.433889612336258,-0.540062650597778
"9141046","2018-04-13",13.5691063125287,0.388888888888891,0.481481481481489,0.450617283950623,1.19463875791095,1.04736124208906,1.121,0.334779034684678,46.656898350787,1.10520000000001,1.09596481472207,-0.531789636559843,-0.538408047790191
"9141045","2018-04-16",13.6976711964803,0.27777777777778,0.388888888888896,0.44444444444445,1.18719952291409,1.04513381041925,1.11616666666667,0.24542297341463,43.9085650969037,1.10560000000001,1.09116950609246,-0.74889037912802,-0.580504514057757
"9141044","2018-04-17",13.8170528744353,0.333333333333335,0.33333333333334,0.40123456790124,1.17720895423507,1.04579104576493,1.1115,0.311035393711374,45.632987609464,1.10400000000001,1.08834690528013,-0.83822084017714,-0.632047779281633
"9141043","2018-04-18",13.124034084656,0.30769230769231,0.306267806267813,0.342830009496681,1.16891753351201,1.04874913315466,1.10883333333334,0.565186299476709,50.5450393491606,1.10360000000001,1.08990065124278,-0.678978057545332,-0.641433834934373
"9141042","2018-04-19",12.4805166370039,0.333333333333336,0.324786324786332,0.32146248812916,1.16294730465758,1.05071936200909,1.10683333333334,0.587619296061865,50.5450393491606,1.10160000000001,1.09124723107708,-0.546519652169464,-0.622450998381391
"9141041","2018-04-20",11.8829647213268,0.333333333333336,0.324786324786332,0.318613485280157,1.15636433802415,1.05330232864252,1.10483333333334,0.614817607422288,50.5450393491606,1.09880000000001,1.09241426693347,-0.436546594875975,-0.585270117680308
"9141040","2018-04-23",11.5953918925898,0.272727272727275,0.31313131313132,0.320901320901327,1.15580626992224,1.05319373007777,1.1045,0.553599686825161,48.712714012693,1.09560000000001,1.09209236467567,-0.418439948358829,-0.551904083816012
"9141039","2018-04-24",10.8033210281261,0.727272727272733,0.444444444444452,0.360787360787367,1.16013960325557,1.0575270634111,1.10883333333334,0.901185534721781,57.0889334220918,1.09440000000001,1.09848004938558,-0.0353747984151109,-0.448598226735832
"9141038","2018-04-25",10.0678266539812,0.727272727272733,0.575757575757584,0.444444444444451,1.16346010525378,1.06253989474623,1.113,0.866626266571541,57.0889334220918,1.09360000000001,1.10401604280084,0.263464082439868,-0.306185764900692
"9141037","2018-04-26",9.38486759227525,0.727272727272733,0.727272727272737,0.58249158249159,1.15999333279992,1.07667333386675,1.11833333333334,0.88006081459587,57.0889334220918,1.09360000000001,1.10881390376073,0.493275197323273,-0.146293572455899
"9141036","2018-04-27",9.07892740343651,0.666666666666671,0.707070707070716,0.670033670033678,1.16363489423222,1.07536510576779,1.1195,0.883294600813105,57.0889334220918,1.09360000000001,1.11297204992596,0.666671706636146,0.01629948336251
"9141035","2018-04-30",8.79484008522911,0.750000000000005,0.714646464646474,0.716329966329974,1.16666040055968,1.07800626610699,1.12233333333333,0.812074183990024,58.8948723418986,1.09560000000001,1.11790910993583,0.865391795355186,0.186117945761045
"9141034","2018-05-01",10.0542470355752,0.0833333333333341,0.500000000000007,0.640572390572398,1.16648296519263,1.07518370147404,1.12083333333334,0.23530272115711,43.2229353760827,1.09720000000001,1.11152122861106,0.439446008630529,0.236783558334942
"9141033","2018-05-02",11.2236963466109,0.416666666666671,0.416666666666674,0.54377104377105,1.16616909969188,1.07483090030812,1.1205,0.458031433078405,50.3386482529017,1.10040000000001,1.11131839812958,0.386818476152673,0.266790541898488
"9141032","2018-05-03",12.9161083384972,0.166666666666668,0.222222222222228,0.379629629629635,1.16369931673475,1.07263401659859,1.11816666666667,0.263905681221549,45.7114662822694,1.10320000000001,1.1071426117123,0.12548501122871,0.238529435764532
"9141031","2018-05-04",14.1042726243453,0.272727272727275,0.285353535353542,0.308080808080813,1.16219875399214,1.0721345793412,1.11716666666667,0.457437756486508,49.0724124630438,1.10320000000001,1.106190263484,0.0630170317099443,0.203426954953615
"9141030","2018-05-07",14.1537272155946,0.545454545454549,0.328282828282835,0.278619528619534,1.1650182445307,1.07364842213597,1.11933333333334,0.762668782437982,53.7024779709028,1.10520000000001,1.10936489501946,0.229410562562071,0.208623676475306
"9141029","2018-05-08",14.1996493360405,0.636363636363641,0.484848484848492,0.366161616161622,1.16830334761116,1.07569665238884,1.122,0.802353948953458,55.165692244281,1.10680000000001,1.11344957568354,0.428345255921547,0.252567992364554
"9141028","2018-05-09",14.242291305026,0.636363636363641,0.606060606060614,0.473063973063979,1.1707912125814,1.07520878741861,1.123,0.782478708340097,55.165692244281,1.10800000000001,1.11698963225906,0.578548748737018,0.317764143639047
"9141027","2018-05-10",15.2520977039691,0.272727272727275,0.515151515151523,0.535353535353542,1.1708915728129,1.07544176052044,1.12316666666667,0.466823751764273,48.1117670747131,1.10640000000001,1.11472434795786,0.403688515313383,0.334949017973914
"9141026","2018-05-11",16.1897750744164,0.454545454545459,0.454545454545462,0.525252525252532,1.1713081466315,1.0786918533685,1.125,0.58997696884357,51.4542390644517,1.10600000000001,1.11542776823014,0.405074802973471,0.348974174973826
"9141025","2018-05-14",17.0604754898317,0.727272727272733,0.484848484848493,0.484848484848492,1.17163435478486,1.08569897854848,1.12866666666667,0.787037396552661,56.0296944179135,1.10920000000001,1.12003739913279,0.615419559743846,0.40226325192783
"9141024","2018-05-15",18.1115562540323,0.636363636363641,0.606060606060615,0.515151515151522,1.17068233303573,1.0926510002976,1.13166666666667,0.692230472986248,54.196054280825,1.11200000000001,1.12269907924842,0.701259758816253,0.462062553305514
"9141023","2018-05-16",17.49106968919,0.538461538461541,0.634032634032642,0.574980574980582,1.1740701324108,1.09359653425587,1.13383333333334,0.825158403086321,54.196054280825,1.11320000000001,1.12500586868196,0.760148521922233,0.521679747028858
"9141022","2018-05-17",17.1974390019649,0.461538461538464,0.545454545454553,0.595182595182602,1.17551527486126,1.09548472513874,1.1355,0.68118081220574,52.2142785688978,1.11440000000001,1.1256717528577,0.726575435921251,0.562658884807337
"9141021","2018-05-18",16.5610125068685,0.615384615384619,0.538461538461546,0.572649572649579,1.17922566622331,1.09677433377669,1.138,0.847679847202296,55.7030709901683,1.11720000000001,1.12891551914334,0.833315477238861,0.616790203293641
"9141020","2018-05-21",15.9700450471362,0.583333333333337,0.553418803418811,0.545778295778302,1.1817600971927,1.09990656947397,1.14083333333334,0.815604397920431,55.7030709901683,1.12080000000001,1.13172678325756,0.906895287302123,0.674811220095338
"9141019","2018-05-22",15.4212895488134,0.750000000000005,0.649572649572658,0.580484330484337,1.18656002210833,1.09810664455834,1.14233333333334,0.925836386466756,59.1610394641037,1.12480000000001,1.13682987882322,1.09409110376428,0.758667196829127
"9141018","2018-05-23",14.9117308717993,0.700000000000006,0.677777777777787,0.626923076923084,1.19093959618659,1.09672707048008,1.14383333333334,0.883883845544385,59.1610394641037,1.12760000000001,1.14125256164679,1.22698586053549,0.8523309295704
"9141017","2018-05-24",14.4385692431433,0.416666666666669,0.622222222222231,0.649857549857557,1.1937852436706,1.0962147563294,1.145,0.790388355182136,54.2495531027177,1.12960000000001,1.14241888676055,1.17683830703832,0.917232405063984
"9141016","2018-05-25",13.9992048736771,0.416666666666669,0.511111111111118,0.603703703703711,1.1948186915209,1.09618130847911,1.1455,0.68079690258789,54.2495531027177,1.13160000000001,1.14342970185915,1.12403437694932,0.958592799441051
"9141015","2018-05-29",13.5912236734585,0.416666666666669,0.416666666666673,0.516666666666673,1.19569238707623,1.09630761292378,1.146,0.640866648029233,54.2495531027177,1.13400000000001,1.14430574161126,1.06977192528483,0.980828624609808
"9141014","2018-05-30",13.4562269275174,0.416666666666669,0.416666666666673,0.448148148148154,1.1948772848885,1.10445604844484,1.14966666666667,0.724873427228581,54.2495531027177,1.13440000000001,1.14506497606309,1.01500170329969,0.987663240347784
"9141013","2018-05-31",14.6523167182338,0.384615384615386,0.405982905982912,0.413105413105418,1.20061344504389,1.10671988828945,1.15366666666667,0.957965397055459,58.8451021726703,1.13560000000001,1.14838964592135,1.09942144607773,1.01001488149377
"9141012","2018-06-01",15.762971523899,0.41666666666667,0.405982905982912,0.409544159544165,1.20137497967479,1.11595835365854,1.15866666666667,0.944878260501285,60.9568479149688,1.13720000000001,1.1526043597985,1.2215822085609,1.0523283469072
"9141011","2018-06-04",16.7942938434453,0.41666666666667,0.405982905982913,0.405982905982911,1.20253311036727,1.12280022296607,1.16266666666667,0.884617535702103,60.9568479149688,1.13880000000001,1.15625711182537,1.30243083683257,1.10234884489227
"9141010","2018-06-05",15.823031996594,0.083333333333334,0.305555555555562,0.372507122507128,1.20240015709766,1.12459984290235,1.1635,0.455013035150277,49.2365844236928,1.13840000000001,1.15408949691532,1.07468701938218,1.09681647979025
"9141009","2018-06-06",15.8103230756768,0,0.166666666666672,0.292735042735048,1.20369735698103,1.12130264301897,1.1625,0.105557220394395,40.7904489576405,1.13960000000001,1.14687756399328,0.606457823994644,0.998744748631132
"9141008","2018-06-07",15.7985219348251,0.133333333333334,0.0722222222222267,0.181481481481486,1.20448410859555,1.11884922473778,1.16166666666667,0.169137948731331,45.7971001357524,1.14000000000001,1.14329388879417,0.370701630321135,0.873136124969133
"9141007","2018-06-08",14.9967252087385,0.266666666666667,0.133333333333338,0.124074074074078,1.20191945634264,1.12474721032403,1.16333333333334,0.370419736162773,50.321001066052,1.14240000000001,1.14285470362162,0.321197255267935,0.762748351028894
"9141006","2018-06-11",14.2970135784623,0.266666666666667,0.222222222222227,0.142592592592596,1.2007776068372,1.12855572649613,1.16466666666667,0.435384309510774,50.321001066052,1.14400000000001,1.14247407647207,0.278753674844112,0.665949415791937
"9141005","2018-06-12",13.6472813503486,0.400000000000001,0.311111111111116,0.222222222222226,1.20157395469199,1.12975937864135,1.16566666666667,0.606756414759848,54.7053659036357,1.14520000000001,1.14481086627579,0.381884731159343,0.609136478865419
"9141004","2018-06-13",13.0358802606188,0.266666666666667,0.311111111111116,0.281481481481485,1.20128727127712,1.13137939538955,1.16633333333334,0.409404580629492,49.9572924768066,1.14520000000001,1.14416941743902,0.318768953173887,0.551062973727112
"9141003","2018-06-14",13.3930599056004,0.0666666666666672,0.244444444444449,0.288888888888893,1.203157970028,1.12650869663867,1.16483333333334,0.0455490731607189,43.8143082391834,1.14400000000001,1.13961349511382,0.0559656956367283,0.452043518109035
"9141002","2018-06-15",14.4747038300712,0,0.111111111111115,0.222222222222226,1.20706560765243,1.11893439234757,1.163,-0.0635536341450089,38.6907430976815,1.14320000000001,1.13166502909864,-0.362682721504215,0.289098270186385
"9141001","2018-06-18",15.9090160919944,0,0.0222222222222264,0.125925925925929,1.21636862515887,1.10063137484113,1.1585,-0.207061323028444,35.6940290729957,1.14080000000001,1.12210969188549,-0.831428309418158,0.0649929542654766
"9141000","2018-06-19",17.4436820663032,0,3.97367324230421e-15,0.0444444444444475,1.22432629073053,1.08234037593614,1.15333333333334,-0.1338656910464,34.2649918223391,1.13680000000001,1.11249506630076,-1.26503116554918,-0.201011869697455
"9140999","2018-06-20",16.198606031382,0.111111111111112,0.0370370370370412,0.0197530864197561,1.22256846104853,1.07643153895148,1.1495,0.184086225409837,39.4833903725416,1.13400000000001,1.10682905746066,-1.44989111580862,-0.450787718919688
"9140998","2018-06-21",15.0424639989552,0.294117647058825,0.135076252723316,0.0573710965867861,1.21944770862918,1.07288562470416,1.14616666666667,0.275976620596276,46.3618368586895,1.13240000000001,1.1059185164659,-1.36253333348473,-0.633136841832696
"9140997","2018-06-22",14.4894383378584,0.533333333333336,0.312854030501095,0.161655773420483,1.21674264668463,1.07225735331537,1.1445,0.468854961670725,52.2114159793481,1.13240000000001,1.10912938093712,-1.06208892599381,-0.718927258664919
"9140996","2018-06-25",13.9758297128729,0.266666666666669,0.364705882352947,0.270878721859118,1.21502941701728,1.06863724964939,1.14183333333334,0.282547564492726,45.1424024773264,1.13000000000001,1.10657879681217,-1.10287946991243,-0.795717700914421
"9140995","2018-06-26",13.9508979759672,0.133333333333334,0.311111111111117,0.329557007988385,1.21411525419297,1.06288474580704,1.1385,0.201338921962713,42.0749908623482,1.12680000000001,1.10170162390388,-1.26752432012202,-0.89007902475594
"9140994","2018-06-27",14.8855529237782,0,0.133333333333338,0.269716775599133,1.21487058774321,1.05079607892346,1.13283333333334,0.0357800110781317,35.5681098143113,1.12080000000001,1.09080807405003,-1.74864439211654,-1.06179209822806
"9140993","2018-06-28",16.080137910799,0,0.0444444444444487,0.162962962962967,1.21368078721632,1.03465254611702,1.12416666666667,-0.0632258503696276,33.3466151749591,1.11400000000001,1.07870033084336,-2.25978526264395,-1.30139073111124
"9140992","2018-06-29",17.1893953987469,0,3.96904731303493e-15,0.0592592592592626,1.2108535858267,1.01881308083997,1.11483333333334,-0.0458917812186722,29.3926093481676,1.10640000000001,1.06287362006424,-2.94270548448744,-1.62965368178648
"9140991","2018-07-02",18.2194202089842,0.166666666666667,0.0555555555555598,0.0333333333333364,1.20444311423203,1.00722355243464,1.10583333333334,0.0309795886524239,37.3878060423448,1.10040000000001,1.05449047072234,-3.15312088244871,-1.93434712191893
"9140990","2018-07-03",19.1758718184902,0.181818181818183,0.116161616161621,0.0572390572390604,1.20161751656349,0.995382483436509,1.0985,0.0870407399977067,37.3878060423448,1.09440000000001,1.04722507462603,-3.28648194384525,-2.20477408630419
"9140989","2018-07-05",19.3330328768149,0.181818181818183,0.176767676767682,0.11616161616162,1.20045334905075,0.985546650949252,1.093,0.160317706963585,37.3878060423448,1.08840000000001,1.04092839800923,-3.35708978318965,-2.43523722568128
"9140988","2018-07-06",19.4789681452593,0.285714285714287,0.216450216450222,0.169793169793174,1.19677908295665,0.979220917043356,1.088,0.248726201854193,41.522931032908,1.08240000000001,1.03813794494133,-3.22268056129185,-2.5927258928034
"9140987","2018-07-09",18.2897378943687,0.428571428571431,0.298701298701304,0.230639730639735,1.18852424203016,0.978809091303173,1.08366666666667,0.4189376640597,47.1601773683936,1.07720000000001,1.03971955228249,-2.85025162630648,-2.64423103950401
"9140986","2018-07-10",17.1854526613988,0.476190476190479,0.396825396825403,0.303992303992308,1.17809144167835,0.980241891654991,1.07916666666667,0.453668498788163,48.9275634192158,1.07240000000001,1.04242361197815,-2.44907769298007,-2.60520037019922
"9140985","2018-07-11",16.1600449450697,0.550000000000003,0.484920634920642,0.393482443482448,1.16315792716142,0.985175406171919,1.07416666666667,0.495317892292444,50.7032765639062,1.06960000000001,1.0461004637144,-2.03038758813714,-2.49023781378681
"9140984","2018-07-12",15.8124883774736,0.450000000000003,0.492063492063499,0.457936507936513,1.14907981396491,0.989253519368423,1.06916666666667,0.442646066532347,47.1708388695766,1.06760000000001,1.04662040188581,-1.83166725566714,-2.35852370216287
"9140983","2018-07-13",15.4897572789916,0.578947368421056,0.526315789473691,0.501099972152609,1.14128220479471,0.991384461871963,1.06633333333334,0.546698501681949,50.8578726885679,1.06560000000001,1.04973768163437,-1.50282722220316,-2.18738440617093
"9140982","2018-07-16",15.7714629512407,0.500000000000003,0.509649122807025,0.50934280144807,1.13546576910612,0.991867564227215,1.06366666666667,0.474465790364437,47.3025985854277,1.06200000000001,1.04977265741646,-1.37996081184437,-2.02589968730562
"9140981","2018-07-17",14.9467995418825,0.588235294117651,0.555727554179574,0.530564155486762,1.13609869778451,0.991901302215491,1.064,0.634075468263761,49.2142616859358,1.05880000000001,1.05113630309426,-1.19203894800105,-1.85912753944471
"9140980","2018-07-18",14.9573397192806,0.450000000000003,0.512745098039223,0.526040591675273,1.13793647114933,0.992396862184009,1.06516666666667,0.647726108052974,47.3639095582869,1.05440000000001,1.05098479601503,-1.10702709628703,-1.70870745081317
"9140979","2018-07-19",14.9671270268646,0.750000000000004,0.596078431372557,0.554850361197117,1.14021597766505,0.991450689001624,1.06583333333334,0.841701574272081,57.6519518639967,1.05320000000001,1.05885348987969,-0.574355576446373,-1.48183707593981
"9140978","2018-07-20",14.6307229495767,0.625000000000004,0.608333333333341,0.572385620915039,1.13908366364592,0.991916336354084,1.0655,0.779726943637636,55.6979639649406,1.05280000000001,1.06433969122906,-0.227686565214169,-1.23100697379468
"9140977","2018-07-23",15.6872909655954,0.444444444444447,0.60648148148149,0.603631082062462,1.13312317469891,0.995210158634431,1.06416666666667,0.856504904828413,51.9086363603605,1.05280000000001,1.06642773239852,-0.103843207210041,-1.00557422047775
"9140976","2018-07-24",16.6683898376128,0.444444444444447,0.504629629629637,0.573148148148155,1.13252736679605,0.995472633203955,1.064,0.811311149556135,51.9086363603605,1.05360000000001,1.06823736807872,-0.00577398995562639,-0.805614174373329
"9140975","2018-07-25",17.5794102187718,0.500000000000003,0.46296296296297,0.524691358024698,1.1370550176415,0.993611649025171,1.06533333333334,0.881102780797647,55.4256737697443,1.05560000000001,1.07247238566822,0.219737996093494,-0.600543740279964
"9140974","2018-07-26",18.4253577155622,0.615384615384619,0.519943019943027,0.495845204178544,1.14807834024434,0.99092165975566,1.0695,0.948596902026538,60.135182620079,1.05800000000001,1.08014273424579,0.614678662010371,-0.357499259821897
"9140973","2018-07-27",19.2108803911534,0.769230769230774,0.628205128205136,0.537037037037044,1.15957564770248,0.992424352297523,1.076,0.962654705403125,62.945920119631,1.06000000000001,1.08945703634635,1.06063834321279,-0.0738717392149591
"9140972","2018-07-30",20.1874619863561,0.769230769230774,0.717948717948727,0.622032288698962,1.16818614707572,0.998480519590949,1.08333333333334,0.932120810725102,62.945920119631,1.06080000000001,1.09752943150017,1.39386952368834,0.219676513365701
"9140971","2018-07-31",21.0942877533301,0.846153846153852,0.794871794871804,0.713675213675221,1.1761269438795,1.00553972278718,1.09083333333334,0.925002526776388,64.4013890279886,1.06360000000001,1.10585884063348,1.70780936384711,0.517303083461983
"9140970","2018-08-01",21.4256624501605,0.769230769230774,0.794871794871804,0.769230769230777,1.18006772271186,1.01593227728814,1.098,0.857428381878232,61.7877017498559,1.06680000000001,1.11174432854902,1.85941570183576,0.78572560713674
"9140969","2018-08-02",22.5189159134257,0.66666666666667,0.760683760683769,0.783475783475791,1.18436637846145,1.02630028820522,1.10533333333334,0.888023346651456,61.7877017498559,1.07200000000001,1.11684508474248,1.95516374657139,1.01961323502367
"9140968","2018-08-03",23.5340798436006,0.733333333333337,0.723076923076931,0.759544159544167,1.18939319462456,1.03527347204211,1.11233333333334,0.895796196475555,63.5054358511177,1.07840000000001,1.12259907344349,2.07730860370261,1.23115230875946
"9140967","2018-08-06",24.4767320644772,0.800000000000004,0.733333333333341,0.739031339031346,1.19675030798954,1.03891635867713,1.11783333333334,0.872754617049311,65.1905696091442,1.08680000000001,1.12891919698435,2.21796241374359,1.42851432975628
"9140966","2018-08-07",25.3520519838627,0.666666666666671,0.733333333333342,0.729914529914537,1.20224364678355,1.04375635321645,1.123,0.81758592250819,62.1024127324368,1.09320000000001,1.13306330405311,2.23058804068765,1.58892907194256
"9140965","2018-08-08",27.1131792957018,0.625000000000003,0.69722222222223,0.721296296296304,1.21186548195165,1.04680118471502,1.12933333333333,0.928115999944922,65.6111211193208,1.10040000000001,1.13932153017936,2.35373866390736,1.74189099033552
"9140964","2018-08-09",28.7485117995524,0.529411764705884,0.607026143790857,0.679193899782142,1.21722288858153,1.05511044475181,1.13616666666667,0.873197754415114,62.4955375219444,1.10720000000001,1.14341199282211,2.35173592810605,1.86385997788962
"9140963","2018-08-10",29.6525057290144,0.470588235294119,0.541666666666673,0.615305010893253,1.22089233169327,1.06310766830674,1.142,0.804212075938026,59.4551022394852,1.11280000000001,1.1456237271125,2.25294434975862,1.94167685226342
"9140962","2018-08-13",30.4919286635149,0.400000000000001,0.466666666666673,0.5384531590414,1.22040966555339,1.07659033444661,1.1485,0.788556480416308,59.4551022394852,1.11720000000001,1.1475405634975,2.14950131995999,1.98324174580274
"9140961","2018-08-14",31.2713928169796,0.41666666666667,0.429084967320268,0.479139433551203,1.22184295591045,1.08615704408956,1.154,0.789885167925557,63.5664788792997,1.12200000000001,1.1518684883645,2.18199692878509,2.02299278239921
"9140960","2018-08-15",31.9951809594826,0.300000000000003,0.372222222222229,0.422657952069722,1.22120160306007,1.09713173027327,1.15916666666667,0.748515877712829,63.5664788792997,1.12640000000001,1.15561935658256,2.18143857098274,2.05468194011591
"9140959","2018-08-16",32.9670196676505,0.500000000000004,0.405555555555563,0.402287581699352,1.22577410046757,1.10155923286577,1.16366666666667,0.846174341527649,67.4003172110929,1.13240000000001,1.16153677570489,2.29239972447495,2.10222549698772
"9140958","2018-08-17",33.869441325235,0.400000000000004,0.400000000000008,0.392592592592599,1.2270557663922,1.1099442336078,1.1685,0.797437259210494,63.7861067970305,1.13720000000001,1.16533187227757,2.28300410906748,2.13838121940367
"9140957","2018-08-20",34.7074042929921,0.600000000000005,0.500000000000009,0.435185185185192,1.23003450619714,1.11729882713619,1.17366666666667,0.881423169294528,67.5356075971435,1.14360000000001,1.17128762264056,2.38470975076395,2.18764692567573
"9140956","2018-08-21",36.0751613160819,0.600000000000005,0.533333333333342,0.477777777777785,1.23084956453348,1.12815043546652,1.1795,0.926813096971387,67.5356075971435,1.14960000000001,1.17644927295515,2.43522108853997,2.23716175824858
"9140955","2018-08-22",38.3012407303861,0.500000000000003,0.566666666666675,0.533333333333341,1.23946978310673,1.13286355022661,1.18616666666667,1.13004446224264,71.0159836148921,1.15680000000001,1.18358936989447,2.58003734717771,2.3057368760344
"9140954","2018-08-23",40.36831447224,0.714285714285719,0.604761904761913,0.568253968253976,1.25412589224368,1.13154077442299,1.19283333333334,1.15668656547487,75.2944603556064,1.16280000000001,1.19377745390854,2.86148700965037,2.4168869027576
"9140953","2018-08-24",42.2877400896757,0.785714285714291,0.666666666666675,0.61269841269842,1.26847675892522,1.12985657440812,1.19916666666667,1.08312816142124,76.5377265627169,1.16960000000001,1.20394046005407,3.11029067368458,2.55556765694299
"9140952","2018-08-27",44.2281511915386,0.800000000000005,0.766666666666676,0.679365079365087,1.28274237051363,1.12892429615304,1.20583333333334,1.04718320338191,77.7438835922541,1.17760000000001,1.21408173204686,3.33011980468816,2.71047808649203
"9140951","2018-08-28",45.2090601547017,0.733333333333338,0.773015873015882,0.735449735449743,1.29167965937679,1.13132034062321,1.2115,0.906379044094132,73.6655488172811,1.18520000000001,1.22153750110728,3.3943347465264,2.8472494184989
"9140950","2018-08-29",47.1357655699771,0.550000000000002,0.694444444444453,0.744708994709002,1.30345136130222,1.13388197203111,1.21866666666667,0.979646318730873,73.6655488172811,1.19200000000001,1.22799916762631,3.40298496870364,2.95839652853985
"9140949","2018-08-30",49.0231469252525,0.904761904761909,0.729365079365087,0.73227513227514,1.3286427555856,1.12769057774774,1.22816666666667,1.13945562263914,82.2868363517313,1.20080000000001,1.24426594527613,3.88130483281088,3.14297818939405
"9140948","2018-08-31",51.3401273561911,0.629629629629632,0.694797178130519,0.706202233980019,1.35643102648934,1.12090230684399,1.23866666666667,1.11422091914947,82.2868363517313,1.20880000000001,1.25836381923931,4.20013674258788,3.35440990003282
"9140947","2018-09-04",53.4916091849198,0.888888888888892,0.807760141093482,0.743974132863028,1.39197314119567,1.110693525471,1.25133333333334,1.13519237327723,86.7040213356245,1.21960000000001,1.27991531000741,4.82794419629322,3.6491167592849
"9140946","2018-09-05",53.9985561212059,0.769230769230772,0.762583095916436,0.755046805046811,1.41334763682492,1.11231902984175,1.26283333333334,0.966733050416891,77.7548127607767,1.22880000000001,1.29459326867308,5.06253827029639,3.9318010614872
"9140945","2018-09-06",54.469292562043,0.769230769230772,0.809116809116816,0.79315334870891,1.4309715763961,1.11436175693723,1.27266666666667,0.891649255262933,77.7548127607767,1.23840000000001,1.30731416618334,5.17908956294131,4.18125876177802
"9140944","2018-09-07",54.9064049713917,0.750000000000003,0.76282051282052,0.778173472617923,1.44507476912349,1.11992523087651,1.2825,0.840868801262589,77.7548127607767,1.24800000000001,1.31833894402556,5.20400507126593,4.3858080236756
"9140943","2018-09-10",53.4683395787063,0.583333333333336,0.700854700854708,0.75759734093068,1.45203180874614,1.13063485792053,1.29133333333334,0.734393428872967,66.3502029351917,1.25560000000001,1.32256041815549,4.91941112884213,4.49252864470891
"9140942","2018-09-11",51.3808678618414,0,0.44444444444445,0.636039886039891,1.4497828632107,1.13721713678931,1.2935,0.307507152637863,38.7830353973813,1.25560000000001,1.30221902906809,3.55153484904622,4.30432988557637
"9140941","2018-09-12",49.4425012676097,0.142857142857143,0.242063492063497,0.462454212454217,1.44794879317384,1.14205120682616,1.295,0.26571679586509,44.3194148757602,1.25760000000001,1.28992315852568,2.67757198933116,3.97897830632733
"9140940","2018-09-13",48.5350393581715,0,0.047619047619052,0.244708994708999,1.4492110628851,1.13945560378157,1.29433333333334,0.120130450623188,37.8655348705385,1.25600000000001,1.26993340405559,1.52085063034182,3.48735277113023
"9140939","2018-09-14",47.6923961565503,0.322580645161291,0.155145929339483,0.148276156340676,1.44768160909077,1.14465172424257,1.29616666666667,0.325649759396496,49.2379491420893,1.25880000000001,1.26594228351484,1.22115189805054,3.03411259651429
"9140938","2018-09-17",47.3551773219167,0.193548387096775,0.172043010752693,0.124935995903742,1.44663511174409,1.14736488825591,1.297,0.242707446459195,45.6395745658569,1.26040000000001,1.2571499790462,0.718464836760524,2.57098304456354
"9140937","2018-09-18",46.7781390114749,0.290322580645162,0.26881720430108,0.198668714797751,1.44553689609215,1.15112977057452,1.29833333333334,0.313183869434887,48.6694730885211,1.26320000000001,1.25352998184004,0.506162855873549,2.15801900682554
"9140936","2018-09-19",44.8188360304214,0.354838709677421,0.279569892473123,0.240143369175631,1.4445595114694,1.1574404885306,1.301,0.415250013446439,50.6445052429133,1.26600000000001,1.2530593175947,0.461552830034662,1.81872577146736
"9140935","2018-09-20",41.7004505825135,0.419354838709679,0.354838709677425,0.301075268817209,1.44594834741318,1.16205165258682,1.304,0.532875808360643,52.6082536421883,1.26960000000001,1.25531807524874,0.548784619088161,1.56473754099152
"9140934","2018-09-21",38.8048069523132,0.38709677419355,0.387096774193554,0.3405017921147,1.44709550095085,1.16457116571582,1.30583333333334,0.514747992109064,51.5048033965475,1.27200000000001,1.25594233188224,0.547015384972904,1.3611931097878
"9140933","2018-09-24",36.1159950099845,0.689655172413796,0.498702261772346,0.413545915214441,1.45207297114634,1.167260362187,1.30966666666667,0.665020783917292,58.9269639845312,1.27800000000001,1.26715002096461,1.0453866511166,1.29803181805356
"9140932","2018-09-25",33.6192410635364,0.777777777777781,0.618176574795046,0.501325203586981,1.45729320428508,1.16937346238159,1.31333333333334,0.673659505490792,59.7561011218017,1.28360000000001,1.27819668483599,1.4815106903632,1.33472759251549
"9140931","2018-09-26",32.0576788056371,0.800000000000002,0.755810983397197,0.624229939988196,1.4671674191102,1.1718325808898,1.3195,0.772571974525826,62.2200776200738,1.29040000000001,1.29177046019119,1.9867730998282,1.46513669397803
"9140930","2018-09-27",30.6076567090164,0.966666666666669,0.848148148148155,0.740711902113465,1.48154827576004,1.1707850575733,1.32616666666667,0.844849906279027,65.9607519762119,1.29840000000001,1.31020106549904,2.65721057790729,1.70355147076388
"9140929","2018-09-28",29.1108568200501,0.617647058823531,0.794771241830072,0.79957679112514,1.48562684486541,1.1703731551346,1.328,0.707240503320101,56.3475409679573,1.30200000000001,1.31550759009916,2.65851169340618,1.89454351529234
"9140928","2018-10-01",27.1585265174149,0.864864864864867,0.816392863451693,0.819770751143306,1.50168474591002,1.16364858742332,1.33266666666667,0.925989931505107,64.0959670205236,1.30960000000001,1.33477324475261,3.28629277659946,2.17289336755377
"9140927","2018-10-02",25.849268701215,0.783783783783786,0.755431902490732,0.788865335924165,1.50397916539495,1.16268750127172,1.33333333333334,0.822304971270211,60.9199864962113,1.31560000000001,1.34747014545226,3.5508527519948,2.44848524444197
"9140926","2018-10-03",24.0986269110311,0.806451612903228,0.818366753850631,0.796730506597684,1.51507942156696,1.15825391176638,1.33666666666667,0.873665362120123,62.2624851165821,1.32280000000001,1.36114079272529,3.82802213861972,2.72439262327752
"9140925","2018-10-04",22.4730309630032,0.806451612903228,0.798895669863418,0.790898108734925,1.5257525258023,1.15458080753103,1.34016666666667,0.840812604444037,62.2624851165821,1.33000000000001,1.37298868702859,3.99434475024198,2.97838304867042
"9140924","2018-10-05",21.316193850989,0.67857142857143,0.763824884792633,0.793695769502226,1.53183656100535,1.15316343899465,1.3425,0.757478004993558,58.7514257020426,1.33280000000001,1.37925686209144,3.90125837544855,3.16295811402604
"9140923","2018-10-08",20.2419879612614,0.653846153846156,0.712956398440275,0.758558984365441,1.5385984335343,1.15273489979904,1.34566666666667,0.718557406855636,58.7514257020426,1.33560000000001,1.38468928047925,3.78200721838646,3.28676793489813
"9140922","2018-10-09",20.2384331068646,0.400000000000002,0.577472527472533,0.684751270235146,1.53960074795726,1.16673258537608,1.35316666666667,0.580904377723849,51.9555830747081,1.33320000000001,1.38139737641535,3.29992874401379,3.28940009672126
"9140921","2018-10-10",20.235132170639,0.400000000000002,0.48461538461539,0.591681436842732,1.53787534844881,1.18412465155119,1.361,0.553710141539304,51.9555830747081,1.33200000000001,1.3785443928933,2.88490461623245,3.2085010006235
"9140920","2018-10-11",20.2320670155723,0.11764705882353,0.305882352941182,0.455990088343034,1.52636480367903,1.21563519632098,1.371,0.518236648624654,51.9555830747081,1.33080000000001,1.3760718071742,2.52708372383355,3.07221754526551
"9140919","2018-10-12",19.729451744879,0.375000000000001,0.297549019607848,0.362682252388139,1.52456356487747,1.23476976845587,1.37966666666667,0.627676991215401,57.1182086307512,1.33160000000001,1.38059556621764,2.50726866755808,2.95922776972402
"9140918","2018-10-15",18.7857581488753,0.375000000000001,0.289215686274515,0.297549019607847,1.51578702852857,1.2638796381381,1.38983333333333,0.632985379857545,57.1182086307512,1.33400000000001,1.38451615738862,2.46212310765583,2.85980683731039
"9140917","2018-10-16",17.9094712383005,0.437500000000002,0.395833333333339,0.327532679738566,1.50627120355021,1.29172879644979,1.399,0.62895663398479,58.1610256064238,1.34400000000001,1.38924733640347,2.45521313730046,2.7788880973084
"9140916","2018-10-17",17.4603720654048,0.500000000000002,0.437500000000005,0.374183006535952,1.5016007761551,1.31406589051157,1.40783333333333,0.742621525290419,59.2287852614549,1.35280000000001,1.39468102488301,2.47783424039145,2.71867732592501
"9140915","2018-10-18",17.4070323324979,0.750000000000004,0.562500000000006,0.465277777777782,1.50707929353839,1.32658737312827,1.41683333333333,0.923841686797794,64.1546251489861,1.36640000000001,1.40605688823194,2.74964126192097,2.7248701131242
"9140914","2018-10-19",16.2780391903459,0.375000000000001,0.541666666666673,0.513888888888894,1.50055143202371,1.34711523464296,1.42383333333333,0.670537768227739,55.4907331074074,1.37360000000001,1.40791596980101,2.58841894273065,2.69757987904549
"9140913","2018-10-22",15.2296884154904,0.625000000000003,0.58333333333334,0.562500000000005,1.50272372199559,1.35660961133775,1.42966666666667,0.798853180367493,59.4247786421479,1.38400000000001,1.41486050716088,2.65781674680543,2.68962725259748
"9140912","2018-10-23",14.4631303001395,0.562500000000003,0.520833333333339,0.548611111111116,1.50283578426956,1.36683088239711,1.43483333333333,0.734060191177429,58.0435437120891,1.39280000000001,1.41954577287276,2.62385942137124,2.67647368635223
"9140911","2018-10-24",13.9487982979405,0.66666666666667,0.618055555555562,0.574074074074079,1.51146433220952,1.36820233445715,1.43983333333333,0.919976459986716,60.9741550965968,1.40200000000001,1.42760633648973,2.73376253876978,2.68793145683574
"9140910","2018-10-25",13.4712042958986,0.66666666666667,0.631944444444451,0.590277777777783,1.51745822887644,1.3678751044569,1.44266666666667,0.816434982335141,60.9741550965968,1.41040000000001,1.4345921582911,2.7861632297723,2.70757781142305
"9140909","2018-10-26",13.5762232749875,0.222222222222222,0.518518518518524,0.589506172839511,1.51607670313927,1.3725899635274,1.44433333333333,0.376875962793104,50.1423217229185,1.41600000000001,1.42997987051895,2.34985833836514,2.63603391681147
"9140908","2018-10-29",13.451159287533,0.333333333333334,0.407407407407412,0.519290123456795,1.51286005033715,1.37247328299619,1.44266666666667,0.504748785653324,52.4180635122745,1.41920000000001,1.42864922111642,2.09287097917563,2.5274013292843
"9140907","2018-10-30",14.4037833957755,0,0.185185185185189,0.370370370370374,1.51414424175943,1.36552242490724,1.43983333333333,0.142268761123098,44.7235686873488,1.41920000000001,1.4181626583009,1.47549768541422,2.31702060051029
"9140906","2018-10-31",15.2883629248579,0,0.111111111111115,0.234567901234571,1.51330141193562,1.35669858806439,1.435,0.106222511559728,44.7235686873488,1.41800000000001,1.40907430386078,0.972925351279041,2.04820155066404
"9140905","2018-11-01",15.8621062041776,0.210526315789474,0.0701754385964951,0.122157244964266,1.50987819222872,1.35378847443795,1.43183333333333,0.317412700827574,49.6242039355136,1.41640000000001,1.40653106334601,0.794021625743113,1.79736556567985
"9140904","2018-11-02",16.142879779076,0.210526315789474,0.140350877192986,0.107212475633531,1.50886369470599,1.35146963862734,1.43016666666667,0.3506932181209,49.6242039355136,1.41800000000001,1.40432692156654,0.644761019368811,1.56684465641764
"9140903","2018-11-05",16.1478678903894,0.263157894736842,0.228070175438601,0.14619883040936,1.50841697465621,1.35058302534379,1.4295,0.418690919227191,50.8866740421744,1.41560000000001,1.403749998691,0.577350688562039,1.36894586284652
"9140902","2018-11-06",16.1524997080376,0.36842105263158,0.280701754385969,0.216374269005851,1.50785891382365,1.35580775284302,1.43183333333333,0.487942654817555,53.4019278209262,1.41520000000001,1.4059166655322,0.631644977067736,1.22148568569077
"9140901","2018-11-07",15.0668156211839,0.315789473684211,0.315789473684215,0.274853801169594,1.50708213186237,1.3625845348043,1.43483333333333,0.535756073262511,51.9688163325635,1.41360000000001,1.40646111012791,0.61004334886654,1.09919721832592
"9140900","2018-11-08",14.1448848723904,0.263157894736842,0.315789473684215,0.304093567251465,1.50460470407056,1.36972862926278,1.43716666666667,0.397436714754272,50.5090709645684,1.41160000000001,1.40559962877752,0.529376114411462,0.985232997543029
"9140899","2018-11-09",13.8358346288856,0.36842105263158,0.315789473684215,0.315789473684214,1.50580845309184,1.37185821357483,1.43883333333333,0.583364290403126,53.3324179729566,1.41160000000001,1.40751967827385,0.57366334830995,0.902919067696413
"9140898","2018-11-12",13.548859402774,0.578947368421055,0.40350877192983,0.345029239766085,1.50952912988024,1.37313753678643,1.44133333333333,0.734618566101721,58.4390943297048,1.41320000000001,1.414517054504,0.827662457053635,0.887867745567858
"9140897","2018-11-13",13.2086924868447,0.312500000000001,0.419956140350882,0.379751461988308,1.50952912988024,1.37313753678643,1.44133333333333,0.392466490536693,49.6607561874471,1.41480000000001,1.4125814472368,0.677896689157431,0.845873534285772
"9140896","2018-11-14",14.8382322157752,0,0.297149122807022,0.37353801169591,1.52285776605726,1.34547556727608,1.43416666666667,-0.199995081354495,36.0524270553434,1.41080000000001,1.3922372542719,-0.244788526745299,0.627741122079558
"9140895","2018-11-15",15.1745857595875,0.320000000000001,0.210833333333338,0.30931286549708,1.51562514973634,1.341708183597,1.42866666666667,0.23933921261589,45.2799402327151,1.41000000000001,1.38527228703564,-0.512283644741396,0.399736168715368
"9140894","2018-11-16",15.3052279227475,0.680000000000002,0.333333333333338,0.280438596491232,1.51530693776677,1.34169306223323,1.4285,0.604638333836138,53.4227080022612,1.41080000000001,1.39123598209756,-0.198205237803817,0.280147887411531
"9140893","2018-11-19",15.4265385028246,0.600000000000002,0.533333333333339,0.359166666666671,1.51138377849939,1.34228288816728,1.42683333333333,0.577862787362067,51.5856349117441,1.41080000000001,1.39373785115122,-0.065288729339974,0.21106056406123
"9140892","2018-11-20",15.5391840414676,0.640000000000002,0.640000000000006,0.502222222222227,1.50893634838761,1.34273031827906,1.42583333333334,0.625346434902061,52.4657945788825,1.41080000000001,1.39723947099772,0.0965559770794489,0.188159646664874
"9140891","2018-11-21",15.2220133424825,0.576923076923079,0.605641025641031,0.592991452991458,1.49974560197745,1.34658773135588,1.42316666666667,0.65343645027596,51.4583349877771,1.41000000000001,1.39894087486469,0.164890554543895,0.183505828240678
"9140890","2018-11-23",14.9274976934249,0.884615384615388,0.700512820512826,0.648717948717953,1.5020928527697,1.34524048056364,1.42366666666667,0.986657181270128,58.3488685863539,1.41040000000001,1.4110820915494,0.670265650459245,0.280857792684391
"9140889","2018-11-26",14.0135471639904,0.862068965517244,0.774535809018574,0.693563218390809,1.51817781838956,1.33882218161044,1.4285,1.02874464966005,59.8820774234998,1.41400000000001,1.42427114600948,1.16633508040798,0.457953250229108
"9140888","2018-11-27",13.7238879315953,0.758620689655175,0.835101679929272,0.770050103153556,1.52614074045137,1.3365259262153,1.43133333333334,0.862137668110555,56.5211331386181,1.41480000000001,1.43170165987488,1.37013208295047,0.640389016773381
"9140887","2018-11-28",14.3963007126746,0.581395348837211,0.73402833466988,0.781221941205907,1.55049545445154,1.33050454554847,1.4405,1.08866068896081,58.9993530799532,1.41720000000001,1.44214143855823,1.67821563877757,0.847954341174219
"9140886","2018-11-29",16.3646358412331,0.60344827586207,0.647821438118155,0.738983817572435,1.60561416766804,1.30671916566529,1.45616666666667,1.27117381841627,65.9635270102241,1.42240000000001,1.4645225800838,2.44242461267474,1.16684839547432
"9140885","2018-11-30",19.1888024602008,0.671052631578948,0.61863208542608,0.666827286071371,1.70516071858759,1.25217261474575,1.47866666666667,1.3271004547119,73.6697085017694,1.43400000000001,1.50525290273929,3.84806890265885,1.70309249691123
"9140884","2018-12-03",21.9414899653274,0.873417721518988,0.715972876320006,0.660808799954746,1.82034980421921,1.19465019578079,1.5075,1.26048206985598,79.3375091127672,1.45600000000001,1.56455251570739,5.77713246807348,2.51790049114368
"9140883","2018-12-04",21.448274688537,0.556962025316456,0.700477459471468,0.678360807072517,1.86256519485787,1.19143480514213,1.527,0.916709883730819,60.0147518497046,1.46720000000001,1.58261218027974,5.90513795958552,3.19534798483205
"9140882","2018-12-06",20.2892620268627,0.394366197183099,0.608248648006185,0.674899661265885,1.87873663650246,1.20059669683088,1.53966666666667,0.711854011631053,55.3676588979243,1.47800000000001,1.5875972229091,5.53209527562346,3.66269744299033
"9140881","2018-12-07",19.7167884018401,0.375000000000001,0.442109407499856,0.583611838325835,1.89918658400607,1.20881341599393,1.554,0.750106282612116,56.7210279247506,1.49000000000001,1.59591759318789,5.32477111787624,3.99511217796751
"9140880","2018-12-10",19.1852057500335,0.375000000000001,0.381455399061037,0.477271151522358,1.91532307677135,1.22201025656198,1.56866666666667,0.713467854171953,56.7210279247506,1.50040000000001,1.60312858076284,5.09923638066472,4.21593701850695
"9140879","2018-12-11",18.6915932876416,0.406250000000001,0.385416666666671,0.402993824409187,1.9316308482097,1.23370248512363,1.58266666666667,0.711100939761009,57.7124469055826,1.51160000000001,1.61204476999446,4.96087169748538,4.36492395430264
"9140878","2018-12-12",18.2332388582778,0.453125000000001,0.411458333333338,0.392776799687014,1.94849428138597,1.2441723852807,1.59633333333333,0.713444071758435,59.2214429074812,1.52360000000001,1.6237721339952,4.93972759921815,4.47988468328574
"9140877","2018-12-13",16.9684351179612,0.228070175438597,0.362481725146204,0.386452241715403,1.95399017699381,1.26400982300619,1.609,0.602901480585159,53.0997195671151,1.53120000000001,1.62193584946251,4.42409559656964,4.46872686594252
"9140876","2018-12-14",15.793974501953,0.403508771929825,0.361567982456145,0.378502680311894,1.94910993236498,1.31022340096836,1.62966666666667,0.646609236638482,58.2622848728246,1.54320000000001,1.63367773620084,4.4580665394276,4.46659480063954
"9140875","2018-12-17",15.3659897766043,0.280701754385965,0.304093567251467,0.342714424951271,1.94422883541489,1.34543783125178,1.64483333333333,0.569862995673756,53.7981226972179,1.55280000000001,1.63452070470739,4.09052446524232,4.39138073356009
"9140874","2018-12-18",15.5565416963645,0.111111111111111,0.265107212475638,0.310256254061082,1.93946725828991,1.3685327417101,1.654,0.457963655545344,49.6973092767978,1.55880000000001,1.62591794407974,3.4146446386137,4.19603351457081
"9140873","2018-12-19",15.9701192398049,0,0.13060428849903,0.233268356075377,1.93154318163849,1.39179015169485,1.66166666666667,0.373398888857611,48.0083184845308,1.56200000000001,1.61446221820244,2.69809834172952,3.89644648000255
"9140872","2018-12-20",16.3541555301423,0,0.0370370370370412,0.144249512670569,1.9227826297451,1.41388403692157,1.66833333333334,0.326422523899639,48.0083184845308,1.56760000000001,1.60453392244212,2.10462847699686,3.53808287940142
"9140871","2018-12-21",17.0412388506105,0,4.07544368622818e-15,0.0558804418453573,1.91370341836427,1.4329632483024,1.67333333333334,0.236517406793012,45.6112812425667,1.57720000000001,1.5905960661165,1.41415944300625,3.11329819212238
"9140870","2018-12-24",18.5236595125705,0,4.07544368622818e-15,0.0123456790123488,1.91884493359985,1.42315506640016,1.671,0.060881347249768,39.2756787131447,1.57880000000001,1.5625165906343,0.242967012546136,2.53923195620713
"9140869","2018-12-26",19.9001929843906,0.0200000000000001,0.00666666666667076,0.00222222222222526,1.92738362686169,1.40594970647165,1.66666666666667,0.058908634428777,40.0233340010921,1.57720000000001,1.53951437854973,-0.640997798631704,1.90318600523937
"9140868","2018-12-27",20.3441885038525,0.12,0.0466666666666709,0.0177777777777809,1.92819529105721,1.40413804227613,1.66616666666667,0.163840797782269,43.7523786951231,1.57840000000001,1.5262457947431,-1.07431224683991,1.30768635482351
"9140867","2018-12-28",21.3920082675589,0,0.0466666666666709,0.0333333333333365,1.94002268153253,1.37664398513414,1.65833333333334,0.0651237763049007,39.0463661639046,1.57560000000001,1.50274635544402,-1.88379723638589,0.66938963658163
"9140866","2018-12-31",22.3649837624291,0.14,0.0866666666666708,0.0600000000000031,1.94198058781886,1.35101941218114,1.6465,0.167490846944462,44.0840119470678,1.57600000000001,1.49171350805148,-2.13221076747215,0.109069555770874
"9140865","2019-01-02",22.8394625484203,0.10204081632653,0.0806802721088475,0.0713378684807287,1.91786114153149,1.33447219180184,1.62616666666667,0.192315049705374,42.9907611593438,1.57240000000001,1.47948504031128,-2.41407962595087,-0.395560280573475
"9140864","2019-01-03",23.280049992555,0.23404255319149,0.158694456506011,0.108680465093842,1.84830971547004,1.35435695119664,1.60133333333334,0.267859044507338,47.2195654563008,1.57040000000001,1.47688703493645,-2.28506052178775,-0.773460328816331
"9140863","2019-01-04",23.6891669049657,0.279069767441861,0.205051045653298,0.148141924756051,1.81796767995191,1.3530323200481,1.5855,0.294595102382062,47.9130467209609,1.57000000000001,1.47596876361159,-2.10389395971337,-1.03954705499574
"9140862","2019-01-07",24.0690611807757,0.279069767441861,0.264060696025074,0.209268732728127,1.8074796447009,1.3435203552991,1.5755,0.301347513085679,47.9130467209609,1.56840000000001,1.47517292846338,-1.93798478162626,-1.21923460032184
"9140861","2019-01-08",23.9015910253993,0.400000000000001,0.319379844961245,0.262830528879871,1.78750249873659,1.34283083459675,1.56516666666667,0.398426928655239,50.905477866336,1.56440000000001,1.47981653800159,-1.56936948756485,-1.28926157777044
"9140860","2019-01-09",22.3434241326479,0.514285714285716,0.397785160575863,0.32707523385406,1.76930704358035,1.34669295641966,1.558,0.536282115999368,52.3786437703154,1.55480000000001,1.48650766626805,-1.15532069561123,-1.2624734013386
"9140859","2019-01-10",21.355450184359,0.600000000000002,0.50476190476191,0.407308970099672,1.74945783698722,1.35420882967945,1.55183333333334,0.6387311095525,54.5802483462461,1.53920000000001,1.49630664409897,-0.658252759491262,-1.14162927296913
"9140858","2019-01-11",20.047950903651,0.514285714285716,0.542857142857148,0.48180140273164,1.71968427585197,1.36631572414804,1.543,0.576407478452186,51.9917001124183,1.53240000000001,1.50079909155244,-0.422487568318386,-0.997800932038984
"9140857","2019-01-14",18.6547614127685,0.457142857142858,0.523809523809529,0.523809523809528,1.70079422678645,1.37053910654689,1.53566666666667,0.492934755011087,50.2796883055189,1.52800000000001,1.50202587934545,-0.339437359148298,-0.866128217460847
"9140856","2019-01-15",17.7399460206988,0.371428571428572,0.447619047619053,0.50476190476191,1.66584709052542,1.38315290947459,1.5245,0.413333907656215,47.7402738646243,1.52120000000001,1.49908909543272,-0.429942708149589,-0.778891115598595
"9140855","2019-01-16",17.3688362260533,0.257142857142858,0.361904761904767,0.444444444444449,1.63543879739186,1.39222786927481,1.51383333333334,0.333477877357094,44.5121998322604,1.51280000000001,1.49121054937503,-0.709904877392631,-0.765093867957402
"9140854","2019-01-17",17.0242342738826,0.285714285714286,0.30476190476191,0.371428571428576,1.61642365791829,1.39490967541505,1.50566666666667,0.323938879346218,45.5042775303563,1.50400000000001,1.48571580945836,-0.869048401532313,-0.785884774672384
"9140853","2019-01-18",17.3921159861368,0,0.180952380952386,0.282539682539687,1.60550192602292,1.38916474064375,1.49733333333334,0.173349421909067,40.7917251943524,1.49160000000001,1.47295370153058,-1.30921055543606,-0.890549930825119
"9140852","2019-01-22",17.73372043323,0,0.0952380952380997,0.193650793650798,1.59501054799507,1.38432278533826,1.48966666666667,0.200979310779324,40.7917251943524,1.48280000000001,1.46189320799317,-1.64359807430209,-1.04115955952051
"9140851","2019-01-23",17.694602740016,0.0322580645161291,0.0107526881720474,0.0956477214541768,1.58838673842472,1.38027992824195,1.48433333333334,0.286968368337389,41.9536997630853,1.47040000000001,1.45364078026074,-1.83539487277692,-1.20000662217179
"9140850","2019-01-24",17.4782066838131,0.129032258064517,0.0537634408602196,0.0532514080901215,1.58838096059302,1.38128570607365,1.48483333333334,0.396183038815162,45.414656735111,1.46200000000001,1.45048867622598,-1.80135298773935,-1.3202758952853
"9140849","2019-01-25",17.2772674887676,0.193548387096775,0.118279569892478,0.0609318996415809,1.58810250161492,1.38556416505175,1.48683333333334,0.4498037416561,47.6553745995775,1.45720000000001,1.45042351939585,-1.64429153307457,-1.38507902284316
"9140848","2019-01-28",17.3803819404734,0.129032258064517,0.150537634408607,0.107526881720434,1.58741555149436,1.38191778183898,1.48466666666667,0.315083151200476,45.6378404255127,1.45280000000001,1.4477003834764,-1.6127329222126,-1.43060980271705
"9140847","2019-01-29",17.2645241053554,0.129032258064517,0.150537634408607,0.139784946236563,1.58532588504818,1.38767411495182,1.4865,0.315331782851182,45.6378404255127,1.44840000000001,1.44534033234621,-1.56996452466862,-1.45848074710736
"9140846","2019-01-30",18.2216580072007,0,0.0860215053763487,0.12903225806452,1.58874519347233,1.37925480652767,1.484,0.099026947130549,38.1460164930339,1.44240000000001,1.43262828803339,-1.96332715598322,-1.55945002888253
"9140845","2019-01-31",19.1104252017713,0,0.0430107526881765,0.09318996415771,1.59428879069965,1.36671120930035,1.4805,0.043745334250863,38.1460164930339,1.44120000000001,1.42161118296227,-2.25413477005711,-1.69838697711745
"9140844","2019-02-01",19.9357090253012,0.0434782608695654,0.0144927536231928,0.0478416705625719,1.59666666666667,1.354,1.47533333333334,0.120879120879113,39.5838057077939,1.44000000000001,1.4133963585673,-2.40369873742269,-1.8394493291785
"9140843","2019-02-04",20.7020440042933,0.263157894736842,0.102212051868807,0.0532385193933913,1.59587566126342,1.34645767206991,1.47116666666667,0.241397963280186,45.0827693778716,1.43840000000001,1.41161017742499,-2.26899718636109,-1.92535890061502
"9140842","2019-02-05",21.6917666126358,0.157894736842105,0.154843630816175,0.0905161454360576,1.59550993053215,1.33815673613452,1.46683333333333,0.227352649222397,42.9765032217109,1.43960000000001,1.40739548710166,-2.25126196353526,-1.99053951319906
"9140841","2019-02-06",21.8114043471005,0.222222222222222,0.214424951267061,0.157160211317347,1.58976145173044,1.33323854826956,1.4615,0.312232490678892,44.3758354984203,1.43840000000001,1.40507608882144,-2.15563620930826,-2.0235588524209
"9140840","2019-02-07",22.0811878286127,0.166666666666666,0.182261208577002,0.183843263553412,1.57299215117524,1.3323411821581,1.45266666666667,0.267297841231576,43.2332990424593,1.43760000000001,1.40173261031191,-2.11343470955487,-2.0415340238477
"9140839","2019-02-08",21.3357872243493,0,0.129629629629634,0.175438596491232,1.54208800903477,1.3415786576319,1.44183333333334,0.241491691182076,39.9132354971605,1.43320000000001,1.39483492893699,-2.22843434201674,-2.07891408748151
"9140838","2019-02-11",21.0852212967008,0.0833333333333337,0.0833333333333377,0.131741390513324,1.51677525248602,1.35422474751398,1.4355,0.548190150714566,43.0529672381584,1.42920000000001,1.39152360507873,-2.18008291827928,-2.09914785364106
"9140837","2019-02-12",20.8525529353128,0.25,0.111111111111116,0.108024691358028,1.49782329983125,1.36217670016875,1.43,0.450852681281688,48.8137526052388,1.42680000000001,1.39398712440156,-1.88832952913293,-2.05698418873943
"9140836","2019-02-13",20.7825305002396,0.333333333333334,0.222222222222227,0.138888888888893,1.48703332407922,1.36696667592079,1.427,0.608273198256059,51.4578895053077,1.42360000000001,1.39878884114802,-1.52392850997933,-1.95037305298741
"9140835","2019-02-14",21.7277482444825,0.375000000000001,0.319444444444449,0.217592592592597,1.48703332407922,1.36696667592079,1.427,0.885896783528047,52.7715673229436,1.42000000000001,1.40428366232829,-1.16446930467097,-1.79319230332412
"9140834","2019-02-15",22.6054504355652,0.500000000000001,0.402777777777783,0.314814814814819,1.49045299655682,1.36521367010985,1.42783333333334,0.943151536937573,56.5688865944529,1.41640000000001,1.41304584068451,-0.700525646854766,-1.57465897203025
"9140833","2019-02-19",22.3346385798973,0.291666666666667,0.388888888888894,0.370370370370375,1.49416128315173,1.3651720501816,1.42966666666667,0.761003696909037,49.4347796455403,1.41200000000001,1.41397306192658,-0.611773708942587,-1.38208191941272
"9140832","2019-02-20",21.1593187739064,0.0833333333333337,0.291666666666672,0.361111111111116,1.49400572494065,1.36299427505935,1.4285,0.307904830536029,43.5236321119917,1.40640000000001,1.40810998700303,-0.817702454706326,-1.26920602647144
"9140831","2019-02-21",21.0157762254192,0.166666666666667,0.18055555555556,0.287037037037041,1.49400572494065,1.36299427505935,1.4285,0.587778587370932,46.2901762178888,1.40280000000001,1.4056953220693,-0.857281957118872,-1.18682121260093
"9140830","2019-02-22",20.2030434496797,0,0.0833333333333378,0.185185185185189,1.49054196974419,1.35879136358915,1.42466666666667,0.211576279540736,41.8723111129803,1.39920000000001,1.39826927912672,-1.10660319275737,-1.17077760863222
"9140829","2019-02-25",19.7143888845745,0.208333333333333,0.125000000000004,0.129629629629633,1.48360407835983,1.3607292549735,1.42216666666667,0.536622636566072,48.4900474913103,1.39720000000001,1.39850004190983,-1.00513731711329,-1.13764955032843
"9140828","2019-02-26",19.8787525463103,0.25,0.152777777777782,0.120370370370374,1.48405313026538,1.36061353640129,1.42233333333334,0.724131219170445,49.7229005042361,1.39800000000001,1.40003336965518,-0.857161260600714,-1.08155189238289
"9140827","2019-02-27",20.0313759464936,0.333333333333334,0.263888888888894,0.180555555555559,1.4845349363934,1.3604650636066,1.4225,0.748515877712831,52.1876615173418,1.39960000000001,1.40402892036783,-0.617730514544068,-0.988787616815124
"9140826","2019-02-28",20.1730976752352,0.500000000000001,0.361111111111116,0.259259259259263,1.49241155690267,1.36058844309734,1.4265,0.905846884173921,56.7539726392931,1.40240000000001,1.41282506431878,-0.197268042334453,-0.83048370191899
"9140825","2019-03-01",19.0088661278166,0.208333333333333,0.347222222222227,0.324074074074078,1.49140584248141,1.36759415751859,1.4295,0.557883604999126,48.0969968109634,1.40120000000001,1.41111505574295,-0.261428481328907,-0.716672657800973
"9140824","2019-03-04",17.6989712352938,0.15,0.286111111111116,0.331481481481486,1.48998949487095,1.37101050512906,1.4305,0.271668369973521,45.9408154992129,1.39840000000001,1.40696638164389,-0.422078082067423,-0.657753742654263
"9140823","2019-03-05",16.4826402636655,0.25,0.202777777777782,0.278703703703708,1.48984442766029,1.37215557233972,1.431,0.378209935050408,48.4305033149228,1.39720000000001,1.40603753075803,-0.430120476582929,-0.612227089439996
"9140822","2019-03-06",15.353190075725,0.25,0.216666666666671,0.235185185185189,1.48913142742834,1.37486857257166,1.432,0.365806491947295,48.4305033149228,1.39600000000001,1.40523252665696,-0.431566382821824,-0.576094948116362
"9140821","2019-03-07",14.6719946908488,0.15,0.216666666666671,0.212037037037041,1.4893053882193,1.37402794511403,1.43166666666667,0.283131900512639,45.974860532096,1.39720000000001,1.40186818976937,-0.541521229316255,-0.569180204356341
"9140820","2019-03-08",14.1337480523993,0.25,0.216666666666671,0.21666666666667,1.48904014607895,1.37829318725439,1.43366666666667,0.527088779970476,48.77214762465,1.39920000000001,1.40161909780012,-0.507925337533455,-0.556929230991764
"9140819","2019-03-11",14.4065193073264,0.333333333333334,0.244444444444449,0.22592592592593,1.49082812474566,1.38417187525434,1.4375,0.773464206793031,51.4777664493708,1.40160000000001,1.4040698847601,-0.362088280307749,-0.517961040854961
"9140818","2019-03-12",14.6598069011872,0.380952380952382,0.321428571428576,0.260846560846565,1.49138600729915,1.38428065936752,1.43783333333334,0.613595323684783,52.8195342755246,1.40280000000001,1.40752723345876,-0.187127231934603,-0.451794279070889
"9140817","2019-03-13",15.4665516121146,0.42857142857143,0.380952380952386,0.31560846560847,1.49503924633994,1.38529408699339,1.44016666666667,0.771841906385357,54.1839262083988,1.40520000000001,1.41185693566425,0.00831155673395312,-0.359773111909921
"9140816","2019-03-14",14.4960191312229,0,0.269841269841275,0.324074074074079,1.49673724592008,1.37859608741326,1.43766666666667,0.096527854736443,42.3216783476426,1.40360000000001,1.40360934424235,-0.348238699193393,-0.357466229366615
"9140815","2019-03-15",13.5948103989663,0.0476190476190479,0.158730158730164,0.269841269841274,1.4936655124543,1.3733344875457,1.4335,0.138497220205339,43.7940617033885,1.40280000000001,1.39779476501004,-0.568423958115605,-0.399657775116413
"9140814","2019-03-18",12.7579737190137,0.285714285714286,0.111111111111116,0.179894179894184,1.48624844292793,1.37475155707207,1.4305,0.435723167408165,50.5862646987105,1.40520000000001,1.39942212967537,-0.44964813695263,-0.409655847483656
"9140813","2019-03-19",12.9432121579741,0.238095238095238,0.190476190476195,0.153439153439158,1.48295121628622,1.37538211704712,1.42916666666667,0.569722625298995,49.3029993306373,1.40640000000001,1.39949917905199,-0.408481513496284,-0.409420980686182
"9140812","2019-03-20",13.1152192798658,0.285714285714286,0.269841269841275,0.190476190476195,1.48336374780385,1.37830291886282,1.43083333333334,0.555523389565156,50.6511716052742,1.40640000000001,1.40089928851172,-0.314596220746954,-0.390456028698336
"9140811","2019-03-21",12.8596429949226,0.19047619047619,0.238095238095243,0.232804232804237,1.48244119004441,1.37622547662226,1.42933333333334,0.317980478495735,47.9072060959921,1.40480000000001,1.39944605004349,-0.351381496545444,-0.382641122267758
"9140810","2019-03-22",12.9550084788401,0.238095238095238,0.238095238095243,0.248677248677253,1.48066526372872,1.38166806960462,1.43116666666667,0.420873178248715,49.3837085151302,1.40320000000001,1.39951991003769,-0.31924388817588,-0.369961675449382
"9140809","2019-03-25",13.8299229889668,0,0.142857142857147,0.20634920634921,1.50531147247194,1.34268852752806,1.424,-0.364986590392926,31.2563887358598,1.39280000000001,1.37425058869933,-1.38438690045525,-0.572846720450555
"9140808","2019-03-26",14.3057366521108,0.457142857142859,0.231746031746037,0.204232804232808,1.50255730352276,1.34010936314391,1.42133333333334,0.348156482568253,48.4251491828771,1.39080000000001,1.37368384353942,-1.28310492831063,-0.71489836202257
"9140807","2019-03-27",14.7475636250302,0.457142857142859,0.30476190476191,0.226455026455031,1.49903855827778,1.33762810838889,1.41833333333334,0.345115356426976,48.4251491828771,1.39080000000001,1.37319266440083,-1.18914753449454,-0.809748196516964
"9140806","2019-03-28",16.3365549295723,0.114285714285715,0.342857142857148,0.293121693121698,1.50414564986936,1.31252101679731,1.40833333333334,-0.169712089077185,39.7827874891572,1.38520000000001,1.35676697581406,-1.80461295836828,-1.00872114888723
"9140805","2019-03-29",17.9736805528823,0.0625000000000002,0.211309523809529,0.286309523809528,1.51464161577653,1.28402505089014,1.39933333333334,-0.118631479212907,38.547987510247,1.38040000000001,1.33986471237218,-2.39418315359902,-1.28581354982959
"9140804","2019-04-01",19.1234737398526,0.187500000000001,0.121428571428576,0.225198412698417,1.51838679780479,1.26894653552854,1.39366666666667,0.0844028316813591,42.3987604550343,1.37520000000001,1.33054941738922,-2.59737274775432,-1.54812538941453
"9140803","2019-04-02",20.4583383020982,0.1,0.116666666666671,0.149801587301591,1.52158453994122,1.25108212672545,1.38633333333334,0.0699360610119953,40.3562309123456,1.36840000000001,1.31847616173733,-2.91217421023049,-1.82093515357772
"9140802","2019-04-03",21.6978553956119,0.1,0.129166666666671,0.122420634920639,1.52252854923131,1.23547145076869,1.379,0.120284603363689,40.3562309123456,1.36080000000001,1.30801267350568,-3.13124533774541,-2.08299719041126
"9140801","2019-04-04",22.8488355538746,0.200000000000001,0.133333333333338,0.126388888888893,1.52135243322725,1.22464756677276,1.373,0.20902623079633,43.5122445544509,1.35280000000001,1.30294431703826,-3.0871910681742,-2.28383596596385
"9140800","2019-04-05",23.6904404069724,0.300000000000001,0.200000000000005,0.154166666666671,1.51442021522342,1.21891311810992,1.36666666666667,0.308239236146316,46.5576427156434,1.34880000000001,1.30255174143316,-2.83436434703378,-2.39394164217784
"9140799","2019-04-08",24.988000285773,0.142857142857143,0.214285714285719,0.182539682539687,1.5028238200858,1.21084284658087,1.35683333333334,0.202606192824863,42.4499290348562,1.34360000000001,1.2955448425754,-2.91171793514489,-2.49749690077125
"9140798","2019-04-09",26.1928773160878,0.192307692307693,0.211721611721617,0.208669108669113,1.49173432281663,1.20426567718337,1.348,0.240261528340992,43.5231625578215,1.33800000000001,1.29080553023202,-2.87951412412427,-2.57390034544185
"9140797","2019-04-10",27.5142522305105,0.115384615384616,0.150183150183155,0.192063492063496,1.47437560321923,1.2009577301141,1.33766666666667,0.228132866775854,41.8424994602338,1.33160000000001,1.28403145953441,-2.94710763290884,-2.64854180293525
"9140796","2019-04-11",28.7412432224744,0.125000000000001,0.144230769230774,0.168711843711848,1.46965493331767,1.19267840001566,1.33116666666667,0.24305885838686,41.8424994602338,1.32600000000001,1.27816059826316,-2.96876515632831,-2.71258647361386
"9140795","2019-04-12",29.8805920007266,0.0454545454545457,0.095279720279725,0.129897879897884,1.46401710316919,1.18464956349748,1.32433333333334,0.245854510930525,41.8424994602338,1.31960000000001,1.27307251849474,-2.95373769212696,-2.76081671731648
"9140794","2019-04-15",30.9385587233894,0.142857142857144,0.104437229437234,0.114649239649244,1.45055595846511,1.18244404153489,1.3165,0.314132344791283,44.5183604938553,1.31320000000001,1.27132951602877,-2.78393438819473,-2.76544025149213
"9140793","2019-04-16",31.9209563944334,0.272727272727275,0.153679653679659,0.117798867798872,1.43165543524919,1.18434456475081,1.308,0.332868918175572,44.5183604938553,1.30640000000001,1.2698189138916,-2.61945919770705,-2.73624404073512
"9140792","2019-04-17",32.83318280326,0.300000000000003,0.238528138528145,0.165548340548345,1.40919199302289,1.18980800697711,1.2995,0.350338514104288,44.5183604938553,1.29920000000001,1.26850972537272,-2.4609793172198,-2.68119109603205
"9140791","2019-04-18",33.6802501828846,0.333333333333337,0.302020202020209,0.231409331409337,1.39034186538387,1.19499146794947,1.29266666666667,0.401032536471663,46.0679921007473,1.29600000000001,1.26870842865636,-2.24599539942544,-2.59415195671073
"9140790","2019-04-22",35.3472476934022,0,0.211111111111117,0.250553150553156,1.36444142506503,1.2008919082683,1.28266666666667,0.137214866204235,38.0553213626861,1.28960000000001,1.25954730483551,-2.49402262066838,-2.57412608950226
"9140789","2019-04-23",37.0921924839928,0,0.111111111111117,0.208080808080814,1.36744604365129,1.18988728968205,1.27866666666667,0.0757272922382453,36.1221589116206,1.28040000000001,1.24894099752411,-2.79155821719091,-2.61761251503999
"9140788","2019-04-24",39.0613910762384,0,4.32986979603811e-15,0.107407407407412,1.35258426465319,1.18108240201348,1.26683333333333,-0.122928122697837,32.5597135530802,1.27000000000001,1.23441553118756,-3.25642684513815,-2.74537538105962
"9140787","2019-04-25",40.8899326261807,0.105263157894737,0.0350877192982501,0.0487329434697897,1.32943511471274,1.18223155195393,1.25583333333333,-0.06044839169533,35.9604834321605,1.26000000000001,1.22449346036255,-3.46202931070827,-2.88870616698935
"9140786","2019-04-26",42.8290149098873,0,0.0350877192982501,0.0233918128655009,1.33459537133254,1.16440462866747,1.2495,-0.0650522769967558,33.2518536926009,1.24960000000001,1.21189433231421,-3.78624892398102,-3.06821471838769
"9140785","2019-04-29",44.6295913161863,0,0.0350877192982501,0.0350877192982495,1.34109812405538,1.14623520927795,1.24366666666667,-0.031997926773678,33.251853692601,1.23880000000001,1.20097508800565,-4.00483184538721,-3.25553814378759
"9140784","2019-04-30",45.4759590048535,0,4.32986979603811e-15,0.0233918128655009,1.34098979812575,1.13134353520758,1.23616666666667,0.0412908137351213,32.3109988662112,1.23520000000001,1.1901784096049,-4.20386375513885,-3.44520326605784
"9140783","2019-05-01",46.261871858616,0.0555555555555547,0.0185185185185226,0.0178687459389251,1.34049384095455,1.11950615904545,1.23,0.1229050750095,34.3125819907489,1.22560000000001,1.18215462165758,-4.25050407063806,-3.60626342697389
"9140782","2019-05-02",47.110886785504,0,0.0185185185185226,0.0123456790123492,1.34001661800312,1.10598338199688,1.223,0.102620544043074,33.253622915702,1.21560000000001,1.1738673387699,-4.3106559179098,-3.74714192516107
"9140781","2019-05-03",47.0372317627418,0.1875,0.0810185185185225,0.0393518518518553,1.33308997479296,1.09991002520704,1.2165,0.243402752082294,39.3053853791186,1.21160000000001,1.17068502693391,-4.10766175039065,-3.81924589020698
"9140780","2019-05-06",47.3915064943188,0,0.0625000000000043,0.0540123456790159,1.32188754175305,1.09277912491362,1.20733333333333,0.147910505517545,35.8089137693721,1.20720000000001,1.16392702334273,-4.10845246674272,-3.87708720551413
"9140779","2019-05-07",46.9275368855756,0,0.0625000000000043,0.0686728395061764,1.31558981999581,1.0854101800042,1.2005,0.20819892380961,35.8089137693721,1.20120000000001,1.15807008689703,-4.06535950818955,-3.91474166604921
"9140778","2019-05-08",46.4967079631712,0.062499999999999,0.0208333333333373,0.0486111111111147,1.30670051191063,1.08096615475604,1.19383333333333,0.261519096995652,37.9430231477034,1.19680000000001,1.15432740864409,-3.91850910107243,-3.91549515305386
"9140777","2019-05-09",46.0966525352243,0.133333333333333,0.0652777777777816,0.0495370370370405,1.29812228872569,1.07721104460765,1.18766666666667,0.284227068853047,40.0880850707501,1.19280000000001,1.15241708749155,-3.69071635772011,-3.87053939398711
"9140776","2019-05-10",47.2184767177055,0,0.0652777777777816,0.0504629629629663,1.29814087299963,1.05585912700038,1.177,-0.0379412006290348,27.7100352443962,1.18280000000001,1.13476147582601,-4.30972439711171,-3.95837639461203
"9140775","2019-05-13",48.4230515036135,0,0.0444444444444486,0.0583333333333367,1.29966945474186,1.03066387859148,1.16516666666667,-0.0520331664685812,26.254971881596,1.17080000000001,1.11679327904921,-4.90490601918671,-4.14768231952697
"9140774","2019-05-14",49.6965604203431,0,4.32061793749957e-15,0.0365740740740776,1.29651141113467,1.00682192219867,1.15166666666667,-0.0350556575915174,24.8497296927976,1.16000000000001,1.09855417517598,-5.47846388933213,-4.413838633488
"9140773","2019-05-15",50.505013534537,0.0909090909090914,0.0303030303030348,0.0249158249158286,1.28569848139788,0.99230151860212,1.139,0.0716838188466648,28.9453243438066,1.14960000000001,1.08541361848585,-5.73682558470392,-4.67843602373118
"9140772","2019-05-16",50.878346481133,0.300000000000002,0.130303030303035,0.0535353535353576,1.26780594970287,0.987860716963799,1.12783333333333,0.198155245677068,36.4096766989977,1.14160000000001,1.0793584693544,-5.58799948410047,-4.86034871580504
"9140771","2019-05-17",51.5280849445773,0.150000000000001,0.180303030303036,0.113636363636368,1.24539998291474,0.985266683751925,1.11533333333333,0.14633516625483,33.561984472948,1.13240000000001,1.07011067344048,-5.6348469922296,-5.01524837108995
"9140770","2019-05-20",52.1314135177756,0.200000000000001,0.216666666666672,0.17575757575758,1.23083499776967,0.980498335563665,1.10566666666667,0.197740370907396,35.3763758193413,1.12360000000001,1.06342925031508,-5.53871329948137,-5.11994135676824
"9140769","2019-05-21",52.7937963202592,0.157894736842106,0.16929824561404,0.188755980861249,1.21878786004064,0.973878806626026,1.09633333333333,0.174709180587961,34.3656721553234,1.11360000000001,1.05630535027307,-5.47994040401272,-5.19194116621713
"9140768","2019-05-22",52.9816932050481,0.157894736842106,0.171929824561409,0.185964912280706,1.21243401480089,0.966232651865774,1.08933333333333,0.218387694906444,34.3656721553234,1.10360000000001,1.05013130357,-5.3759497510077,-5.22874288317525
"9140767","2019-05-23",53.2783423804218,0.111111111111112,0.142300194931779,0.161176088369075,1.20255264425698,0.959780689076357,1.08116666666667,0.206857958063071,33.2635039873446,1.09320000000001,1.04344712976066,-5.31339549232869,-5.24567340500594
"9140766","2019-05-24",53.553802328983,0.166666666666668,0.145224171539966,0.153151397011051,1.19407564925474,0.954591017411927,1.07433333333333,0.259205147224154,35.491550773602,1.08280000000001,1.03898751245924,-5.13104855642826,-5.2227484352904
"9140765","2019-05-28",53.8095865669327,0.166666666666668,0.148148148148153,0.145224171539966,1.18657299673853,0.949427003261471,1.068,0.269480960377448,35.491550773602,1.07520000000001,1.03512251079801,-4.93199627204847,-5.16459800264202
"9140764","2019-05-29",54.4319750373417,0,0.111111111111116,0.134827810266411,1.17888308813152,0.94211691186848,1.0605,0.202237874037898,31.7979446893932,1.06720000000001,1.02777284269161,-4.95435053403274,-5.12254850892016
"9140763","2019-05-30",54.5086914168052,0.083333333333334,0.0833333333333381,0.114197530864202,1.16738818633593,0.938945146997406,1.05316666666667,0.267265105469544,34.2541102458835,1.06120000000001,1.02273646366606,-4.84209358271436,-5.066457523679
"9140762","2019-05-31",54.5799280548785,0.142857142857145,0.0753968253968305,0.0899470899470943,1.15740158537898,0.935931747954357,1.04666666666667,0.289286580920748,34.2541102458835,1.05440000000001,1.01837160184392,-4.7017032603841,-4.99350667102002
"9140761","2019-06-03",55.1764147702677,0,0.0753968253968305,0.0780423280423324,1.14062579836992,0.934040868296754,1.03733333333333,0.174064641068016,29.3506055243726,1.04720000000001,1.00925538826473,-4.85600457715255,-4.96600625224653
"9140760","2019-06-04",55.7302952917005,0,0.0476190476190525,0.0661375661375705,1.12816385131119,0.930836148688817,1.0295,0.198471125902337,29.3506055243726,1.04000000000001,1.00135466982943,-4.92847078409731,-4.95849915861668
"9140759","2019-06-05",56.2446129187453,0.200000000000002,0.0666666666666715,0.0632275132275175,1.11020178884555,0.933798211154448,1.022,0.280805655005614,34.7657373739117,1.03400000000001,0.997174047185508,-4.77428149721497,-4.92165562633634
"9140758","2019-06-06",56.7221935724298,0.400000000000004,0.200000000000006,0.104761904761909,1.084959410271,0.944707256395674,1.01483333333333,0.370471389103816,39.7398486112149,1.02840000000001,0.996217507560774,-4.44072137347373,-4.82546877576382
"9140757","2019-06-07",57.651020735862,0,0.200000000000006,0.155555555555561,1.05030156089888,0.962031772434452,1.00616666666667,0.05250827392752,34.1339974109969,1.02160000000001,0.990055173219337,-4.45072099068089,-4.75051921874723
"9140756","2019-06-10",58.5135031019062,0,0.133333333333339,0.177777777777783,1.04578736499646,0.95821263500354,1.002,0.0584723279216179,34.1339974109969,1.01360000000001,0.984714483456759,-4.41160176467019,-4.68273572793183
"9140755","2019-06-11",59.3143795846616,0,4.23735121065268e-15,0.111111111111116,1.04601749376716,0.952315839566178,0.999166666666668,0.0820066678581802,34.1339974109969,1.00680000000001,0.980085885662525,-4.33372303198819,-4.6129331887431
"9140754","2019-06-12",57.7995569491586,0.375000000000004,0.125000000000006,0.0861111111111155,1.04590889515267,0.952091104847329,0.999000000000001,0.439599231145553,41.821623764101,1.00120000000001,0.980074434240854,-3.98094146588113,-4.4865348441707
"9140753","2019-06-13",56.7959798093799,0.125000000000001,0.166666666666673,0.0972222222222269,1.04469812481756,0.949301875182446,0.997000000000001,0.251911980217328,38.5880881663399,0.994400000000007,0.977397843008741,-3.82222155391461,-4.35367218611948
"9140752","2019-06-14",55.8640867510141,0.428571428571434,0.309523809523817,0.200396825396831,1.03700356664788,0.95132976668546,0.994166666666668,0.412458651264544,43.3084949510543,0.988000000000007,0.977744797274242,-3.49195896119024,-4.18132954113364
"9140751","2019-06-17",55.3829561112724,0.142857142857145,0.232142857142864,0.236111111111117,1.03321984544599,0.950113487887342,0.991666666666668,0.279399147407032,39.9975998391427,0.985600000000007,0.975378824304343,-3.35667351830444,-4.0163983365678
"9140750","2019-06-18",55.1141247128871,0,0.190476190476197,0.244047619047626,1.02745724151768,0.949542758482324,0.988500000000001,0.219778242981765,38.4162009361368,0.983600000000007,0.971994981063764,-3.29532348949558,-3.87218336715336
"9140749","2019-06-19",54.8644955572436,0.142857142857145,0.0952380952381007,0.172619047619053,1.02365888808214,0.948674445251197,0.986166666666668,0.284399722711587,40.9312694645732,0.982800000000007,0.970395650255262,-3.12884037396018,-3.72351476851472
"9140748","2019-06-20",54.6326970555746,0.142857142857145,0.0952380952381007,0.126984126984132,1.01836536981246,0.948967963520873,0.983666666666668,0.303066607284366,40.9312694645732,0.981200000000007,0.969009563554561,-2.96324767122313,-3.5714613490564
"9140747","2019-06-21",53.7932791309461,0.142857142857145,0.142857142857149,0.111111111111116,1.01459340388,0.949073262786673,0.981833333333335,0.370268899636611,40.9312694645732,0.978000000000007,0.967808288413952,-2.80014512403878,-3.41719810405288
"9140746","2019-06-24",53.0138196295052,0.142857142857145,0.142857142857149,0.126984126984132,1.00841074818308,0.950922585150254,0.979666666666668,0.389832393327332,40.9312694645732,0.976000000000007,0.966767183292092,-2.64077594078188,-3.26191367139868
"9140745","2019-06-25",52.2900358067387,0.142857142857145,0.142857142857149,0.142857142857148,1.00198858179594,0.953344751537395,0.977666666666668,0.410917102738358,40.9312694645732,0.973600000000007,0.96586489218648,-2.48608628218555,-3.10674819355605
"9140744","2019-06-26",52.1314088184337,0,0.0952380952381007,0.126984126984132,1.00095689771754,0.951376435615797,0.976166666666668,0.173930698074307,36.600868155188,0.970800000000007,0.962416239894949,-2.50231526821658,-2.98586160848816
"9140743","2019-06-27",52.4097863939108,0,0.0476190476190524,0.0952380952381,1.0015290550431,0.944137611623567,0.972833333333335,-0.188255907962681,32.8572710337056,0.967200000000007,0.956760741242289,-2.6543829156997,-2.91956586993047
"9140742","2019-06-28",52.6682798568539,0,4.21884749357559e-15,0.0476190476190518,1.00154464272036,0.936788690612978,0.969166666666668,-0.15631032541266,29.5971596626157,0.963200000000007,0.949192642409984,-2.91410464513261,-2.9184736249709
"9140741","2019-07-01",53.2902049092303,0,4.21884749357559e-15,0.0158730158730197,1.00989335544166,0.921439977891676,0.965666666666668,-0.242387328619086,26.7399255680154,0.958000000000007,0.93996695675532,-3.25884244584295,-2.98654738914531
"9140740","2019-07-02",52.5330939476411,0.250000000000002,0.0833333333333383,0.0277777777777816,1.01080398150967,0.916196018490337,0.963500000000001,0.110674068462825,36.6232232966005,0.954000000000007,0.935971362521277,-3.24204561781251,-3.03764703487875
"9140739","2019-07-03",50.7000951485498,0.333333333333336,0.19444444444445,0.092592592592597,1.00877452499909,0.913892141667582,0.961333333333335,0.27516022907225,39.550672867722,0.951600000000007,0.93384184751844,-3.10811813189732,-3.05174125428246
"9140738","2019-07-05",48.9980248351079,0.583333333333337,0.388888888888896,0.222222222222228,1.00408574759818,0.914914252401818,0.959500000000001,0.505607172997351,47.4002913915509,0.950000000000007,0.935996267849315,-2.7120091681848,-2.98379483706293
"9140737","2019-07-08",48.4860180291796,0.250000000000002,0.388888888888896,0.32407407407408,1.00369665685491,0.911970009811762,0.957833333333335,0.232902043301795,39.951098422168,0.946800000000007,0.93253009880274,-2.71195685326756,-2.92942724030386
"9140736","2019-07-09",48.0105831379605,0.250000000000002,0.361111111111118,0.379629629629636,1.00463812731022,0.90636187268978,0.955500000000002,0.104855379528711,39.951098422168,0.945200000000007,0.929526085629041,-2.68237161754025,-2.88001611575113
"9140735","2019-07-10",47.001909410654,0.333333333333336,0.277777777777784,0.342592592592599,1.00448574360833,0.903180923058337,0.953833333333335,0.23183243878053,42.568023858552,0.944000000000007,0.928255940878502,-2.54365728041658,-2.81274434868422
"9140734","2019-07-11",46.0652838067265,0.333333333333336,0.305555555555562,0.314814814814821,0.999046655680674,0.901953344319329,0.950500000000001,0.254531666505471,42.568023858552,0.942000000000007,0.927155148761369,-2.40630553871705,-2.73145658669079
"9140733","2019-07-12",46.0823194094026,0.137931034482759,0.268199233716481,0.283844189016609,1.00493182197675,0.899068178023257,0.952000000000002,0.98490049479012,42.568023858552,0.939200000000007,0.92620112892652,-2.27152668845807,-2.63947060704424
"9140732","2019-07-15",46.6505619828718,0.457142857142858,0.309469074986322,0.294407954752788,1.04153319394652,0.874133472720149,0.957833333333335,1.36917707469323,65.2593385896407,0.942800000000007,0.941374311736317,-1.11512917971289,-2.33460232157797
"9140731","2019-07-16",47.1782158010932,0.457142857142858,0.350738916256163,0.309469074986321,1.06043285519009,0.865233811476583,0.962833333333335,1.0660888388479,65.2593385896407,0.946400000000007,0.954524403504808,-0.208094537911241,-1.90930076484463
"9140730","2019-07-17",47.6681800608702,0.62857142857143,0.51428571428572,0.391497901842734,1.08682845924213,0.853171540757876,0.970000000000002,1.09916907621734,71.7351228627234,0.952400000000007,0.973921149704167,0.987405814674402,-1.32995944894082
"9140729","2019-07-18",48.6926435251315,0.62857142857143,0.571428571428577,0.478817733990153,1.11497919045987,0.841354142873462,0.978166666666668,1.06707771468788,71.7351228627233,0.957200000000007,0.990731663076945,1.89214317225732,-0.685538924701193
"9140728","2019-07-19",49.6439310276598,0.742857142857145,0.666666666666673,0.584126984126989,1.14475245096129,0.83024754903871,0.987500000000002,1.03788244835785,75.2955893023585,0.964400000000007,1.01063410800002,2.87794507562469,0.0271578753639831
"9140727","2019-07-22",49.6087088582696,0.625000000000002,0.665476190476196,0.634523809523815,1.16630816040955,0.825358506257116,0.995833333333335,0.922838577223512,68.3422268664045,0.969600000000007,1.02388289360002,3.3638883751502,0.694503975321227
"9140726","2019-07-23",49.8620315216345,0.750000000000002,0.705952380952387,0.679365079365085,1.1933155388939,0.818684461106104,1.006,0.955559286950927,72.0486239353285,0.977200000000007,1.04069850778668,4.00080210268174,1.35576360079333
"9140725","2019-07-24",51.1393632769467,0.604166666666668,0.659722222222228,0.67705026455027,1.23793223720916,0.803067762790848,1.0205,1.05841152271212,75.8541051516126,0.987200000000007,1.06193870674846,4.81112861189916,2.0468366030145
"9140724","2019-07-25",52.3254570497366,0.833333333333335,0.729166666666672,0.698280423280428,1.29451605653814,0.784150610128526,1.03933333333333,1.08258907499528,81.7430960611677,1.00120000000001,1.09501354584866,6.16320408287736,2.87011009898707
"9140723","2019-07-26",53.1623133750619,0.812500000000002,0.750000000000006,0.712962962962968,1.33559986166242,0.78140013833758,1.0585,0.965836873966357,79.8367899342474,1.01480000000001,1.12234507306884,7.02575602009299,3.70123928320825
"9140722","2019-07-29",53.4075338645676,0.765957446808512,0.803930260047287,0.761032308904654,1.36695070543353,0.787715961233141,1.07733333333334,0.890169965221929,76.0184444703262,1.02760000000001,1.143365729993,7.445512447194,4.4500939160054
"9140721","2019-07-30",53.368374227049,0.744680851063831,0.774379432624119,0.77610323089047,1.38918639408585,0.804813605914156,1.097,0.835972751139891,74.1098966447443,1.04000000000001,1.16025029932726,7.59834839842184,5.07974481248869
"9140720","2019-07-31",52.7983629606995,0.70212765957447,0.737588652482275,0.771966115051227,1.40517196747796,0.82349469918871,1.11433333333333,0.773347453421427,70.307973544662,1.05160000000001,1.17221692608363,7.48188068489768,5.56017198697049
"9140719","2019-08-01",52.2690667848035,0.571428571428573,0.672745694022295,0.728237926376229,1.41765402838708,0.844012638279594,1.13083333333333,0.742602205954124,68.4180149994635,1.06360000000001,1.18125466927248,7.23039083973867,5.89421575752412
"9140718","2019-08-02",48.9815093353025,0.200000000000001,0.491185410334352,0.633839918946307,1.41731698804979,0.865016345283549,1.14116666666667,0.546170505745349,49.7102570463992,1.07120000000001,1.17175404670281,6.07637290015484,5.93064718605027
"9140717","2019-08-05",45.79828383738,0,0.257142857142862,0.473691320499836,1.40969999786352,0.889633335469813,1.14966666666667,0.410908857106748,44.6530186011667,1.07760000000001,1.15685350714244,4.76077789077831,5.69667332699588
"9140716","2019-08-06",43.067573400165,0.121212121212122,0.107070707070712,0.285132991515975,1.39843059420134,0.924236072465329,1.16133333333333,0.476099822301102,49.1131500639127,1.08640000000001,1.14927303952345,3.94821596410682,5.34698185441806
"9140715","2019-08-07",40.9162058985284,0.181818181818183,0.101010101010105,0.155074555074559,1.38490534157677,0.962427991756561,1.17366666666667,0.499211003066847,51.2293978908526,1.09480000000001,1.14536996758699,3.40525024054705,4.95863553164386
"9140714","2019-08-08",39.2852811656551,0.242424242424243,0.181818181818186,0.129966329966334,1.36548317677658,1.00885015655676,1.18716666666667,0.526638026939129,53.3200235176924,1.10360000000001,1.14465397190872,3.08063582006166,4.58303558932742
"9140713","2019-08-09",37.7708510565585,0.424242424242425,0.282828282828288,0.188552188552193,1.35542934923324,1.04057065076677,1.198,0.569872613039279,58.9984081721864,1.11360000000001,1.15203344232089,3.20765528647158,4.30795952875625
"9140712","2019-08-12",36.8536889173449,0.515151515151517,0.393939393939399,0.28619528619529,1.35840192935343,1.05259807064658,1.2055,0.656418344541512,61.5189601988788,1.12640000000001,1.16242898334477,3.47282671408622,4.14093296582225
"9140711","2019-08-13",36.6399380939594,0.696969696969699,0.545454545454551,0.407407407407412,1.36458840878873,1.07041159121127,1.2175,0.825767795445334,66.0183543016882,1.14160000000001,1.17943845223214,4.04049633696737,4.12084564005127
"9140710","2019-08-14",36.0498522910936,0.700000000000002,0.637373737373743,0.525589225589231,1.3690612412058,1.08460542546087,1.22683333333333,0.745497998170486,63.3589836783427,1.15560000000001,1.19151332526785,4.29166293998116,4.15500910003725
"9140709","2019-08-15",35.3040520655697,0.666666666666668,0.687878787878794,0.623569023569029,1.37262640314398,1.09670693018936,1.23466666666667,0.700541602739407,62.013873922296,1.16920000000001,1.20064488189881,4.36562882789575,4.19713304560895
"9140708","2019-08-16",34.6115232847261,0.666666666666668,0.677777777777784,0.667676767676773,1.37458579343092,1.10641420656908,1.2405,0.62243404947388,62.0138739222959,1.18280000000001,1.20855889764563,4.36900975993451,4.23150838847406
"9140707","2019-08-19",34.0981876876774,0.766666666666669,0.700000000000006,0.688552188552194,1.37617872607177,1.1204879405949,1.24833333333333,0.689030407346082,64.6267292292966,1.19280000000001,1.21941771129288,4.51368006138779,4.28794272305681
"9140706","2019-08-20",33.3883475207473,0.733333333333335,0.722222222222228,0.700000000000006,1.3779584380936,1.12937489523974,1.25366666666667,0.619342842756513,63.0694278270227,1.20240000000001,1.22749534978716,4.50464346079447,4.33128287060434
"9140705","2019-08-21",32.7292102228837,0.700000000000002,0.733333333333339,0.718518518518524,1.37926244092942,1.12973755907058,1.2545,0.602194217306251,61.4741450417782,1.20920000000001,1.23316263648221,4.37809489526004,4.34064527553548
"9140704","2019-08-22",32.9367395067918,0.766666666666669,0.733333333333339,0.729629629629636,1.3754079917282,1.13125867493847,1.25333333333333,0.745751250869459,63.4645781758915,1.21680000000001,1.24074095161791,4.35507222421523,4.34353066527143
"9140703","2019-08-23",33.1294452704207,0.769230769230772,0.745299145299152,0.737321937321943,1.3754079917282,1.13125867493847,1.25333333333333,0.759404098139984,64.4534665013416,1.22320000000001,1.24864215806886,4.34766159831494,4.34435685188013
"9140702","2019-08-26",32.5269642201746,0.625000000000002,0.720299145299152,0.732977207977214,1.37456205548334,1.13143794451667,1.253,0.679606483672249,59.2705082204606,1.22960000000001,1.25148987032634,4.09868472311052,4.29522242612621
"9140701","2019-08-27",31.9675175306604,0.636363636363639,0.676864801864808,0.71415436415437,1.37456205548334,1.13143794451667,1.253,0.665896065071314,60.4132413159393,1.23480000000001,1.2552912209495,3.91958941194075,4.22009582328912
"9140700","2019-08-28",30.6861337822341,0.312500000000002,0.524621212121218,0.640595053095059,1.37429251714968,1.13137414951699,1.25283333333333,0.570668458848785,55.3922363404756,1.23680000000001,1.2545857248229,3.54369773211647,4.08481620505459
"9140699","2019-08-29",29.6792276746969,0.153846153846155,0.367569930069936,0.523018648018654,1.37456205548334,1.13143794451667,1.253,0.583633553465701,55.3922363404756,1.23440000000001,1.25397429484651,3.20902837234656,3.90965863851298
"9140698","2019-08-30",28.7442434319838,0,0.155448717948723,0.349213286713292,1.37346610692781,1.14320055973886,1.25833333333333,0.565142181203906,55.3922363404756,1.23240000000001,1.25344438886698,2.91041692966341,3.70981029674307
"9140697","2019-09-03",27.8760437780358,0,0.0512820512820559,0.191433566433571,1.35675180157669,1.17558153175665,1.26616666666667,0.465962038513308,55.3922363404756,1.23120000000001,1.25298513701805,2.64341869227054,3.49653197584856
"9140696","2019-09-04",27.0698583850842,0,4.21884749357559e-15,0.0689102564102608,1.34505949972641,1.19794050027359,1.2715,0.399174590715649,53.4023142585995,1.23000000000001,1.25125378541564,2.34053067168025,3.2653317150149
"9140695","2019-09-05",26.3212576630577,0.083333333333334,0.0277777777777822,0.0263532763532806,1.33444220638171,1.21722446028496,1.27583333333334,0.364923752071911,55.1379207037192,1.23000000000001,1.25108661402689,2.14046966247596,3.04035930450711
"9140694","2019-09-06",25.6261284211759,0.166666666666668,0.0833333333333382,0.0370370370370413,1.32569423640191,1.23297243026477,1.27933333333334,0.363390639221005,56.8680198280809,1.23080000000001,1.25227506548997,2.02307780370483,2.83690300434666
"9140693","2019-09-09",24.2724213431245,0,0.0833333333333382,0.0648148148148193,1.32093736471839,1.24072930194828,1.28083333333334,0.115583118847913,52.5066716743712,1.23600000000001,1.25063839009131,1.78046167720585,2.6256147389185
"9140692","2019-09-10",23.0154076277911,0,0.0555555555555602,0.0740740740740786,1.32161096096069,1.23938903903932,1.2805,0.08851201063277,52.5066716743712,1.24320000000001,1.24921993807913,1.57017259301628,2.41452630973805
"9140691","2019-09-11",22.4466393532131,0.083333333333334,0.0277777777777822,0.05555555555556,1.3169499680443,1.23871669862237,1.27783333333334,0.272049238577058,54.5288879299439,1.24920000000001,1.24932394633525,1.4514936349475,2.22191977477994
"9140690","2019-09-12",21.9184973839621,0,0.0277777777777822,0.0370370370370413,1.31516912791207,1.23616420542127,1.27566666666667,0.217317192027685,49.9482115279393,1.25360000000001,1.24674742015722,1.2140739107972,2.02035060198339
"9140689","2019-09-13",21.4280798410862,0.41666666666667,0.166666666666672,0.0740740740740786,1.31445706866966,1.23620959799701,1.27533333333334,0.602239726488624,59.1802569131705,1.25920000000001,1.25118109746959,1.33396799549477,1.88307408068567
"9140688","2019-09-16",20.9726921227014,0.444444444444449,0.287037037037044,0.160493827160499,1.31483014171393,1.2365031916194,1.27566666666667,0.555323657158887,56.918998181137,1.26200000000001,1.25369028447364,1.34809263637026,1.77607779182259
"9140687","2019-09-17",20.081905399034,0.333333333333337,0.398148148148156,0.283950617283957,1.31246343269809,1.23653656730191,1.2745,0.484634336468636,54.66941268949,1.26320000000001,1.25453157987716,1.27984493920423,1.67683122129892
"9140686","2019-09-18",19.2547462984857,0.333333333333337,0.370370370370378,0.351851851851859,1.31162075040422,1.23604591626245,1.27383333333334,0.449277648083956,54.66941268949,1.26200000000001,1.2552607025602,1.21170352770854,1.58380568258084
"9140685","2019-09-19",18.4866699908338,0.333333333333337,0.333333333333341,0.367283950617291,1.31096584361244,1.2353674897209,1.27316666666667,0.414019291883957,54.66941268949,1.26160000000001,1.25589260888551,1.14443902737997,1.49593235154067
"9140684","2019-09-20",17.9216560426145,0,0.222222222222229,0.308641975308649,1.30450480735898,1.23516185930769,1.26983333333334,0.165911713913115,47.6177796955065,1.26040000000001,1.25244026103411,0.887841194832473,1.37431412019903
"9140683","2019-09-23",17.3970002335538,0.142857142857145,0.158730158730165,0.238095238095244,1.2945553342178,1.23877799911553,1.26666666666667,0.260954278133084,49.9358957339724,1.25960000000001,1.25078155956289,0.74032781826685,1.24751685981259
"9140682","2019-09-24",16.3441599512642,0.857142857142868,0.333333333333342,0.238095238095245,1.29370089867797,1.23929910132204,1.2665,0.993243507338034,59.5699705458469,1.25960000000001,1.25601068495451,0.934797641383733,1.18497301612682
"9140681","2019-09-25",17.060929325967,0.333333333333336,0.444444444444454,0.31216931216932,1.2945553342178,1.23877799911553,1.26666666666667,1.03785287420044,55.0099239212458,1.25920000000001,1.25787592696057,0.9486461896691,1.13770765083528
"9140680","2019-09-26",17.9887498737703,0.769230769230774,0.653235653235664,0.477004477004486,1.31261794593021,1.22771538740313,1.27016666666667,1.32251153021563,63.9304185936853,1.26160000000001,1.2674924700325,1.32704757248137,1.17557563516449
"9140679","2019-09-27",19.7338408608595,0.588235294117651,0.563599798893925,0.55375996552468,1.33001865360039,1.21831467973295,1.27416666666667,1.20871844506277,63.9304185936853,1.26320000000001,1.2758268073615,1.60474983172798,1.26141047447719
"9140678","2019-09-30",20.891966453398,0.529411764705886,0.628959276018108,0.615264909382565,1.33718323897627,1.2164834276904,1.27683333333334,0.912870018622517,61.5706780034737,1.26400000000001,1.28171656637996,1.73910948703848,1.35695027698945
"9140677","2019-10-01",20.7241487682564,0.352941176470591,0.49019607843138,0.560918384447804,1.33908741365532,1.21824591967802,1.27866666666667,0.648955457331393,55.0105995765461,1.26480000000001,1.28282102419597,1.63708527534032,1.41297727665962
"9140676","2019-10-02",19.542334764713,0.176470588235295,0.352941176470595,0.490698843640027,1.33925413738549,1.22007919594784,1.27966666666667,0.474826922809341,49.3483101501027,1.26400000000001,1.27977822096984,1.35191215753465,1.40076425283463
"9140675","2019-10-03",18.1581540838959,0.11764705882353,0.21568627450981,0.352941176470594,1.33925135165356,1.22108198167978,1.28016666666667,0.413965296853793,47.5898854557549,1.26400000000001,1.27580779150719,1.05053441007281,1.33071828428227
"9140674","2019-10-04",19.0660820626854,0.388888888888891,0.22766884531591,0.265432098765438,1.34725911904901,1.22007421428433,1.28366666666667,0.916716119716101,56.0269727275514,1.26600000000001,1.27903341930624,1.11474215251359,1.28752305792853
"9140673","2019-10-07",19.9091580429899,0.388888888888891,0.298474945533775,0.247276688453165,1.35295800010578,1.22270866656089,1.28783333333334,0.849330002401244,56.0269727275514,1.26800000000001,1.28182896339874,1.15182901228186,1.2603842487992
"9140672","2019-10-08",20.6920143104156,0.444444444444447,0.407407407407414,0.311183732752366,1.35789416174651,1.22677250492016,1.29233333333334,0.838108398005082,57.609830693036,1.27040000000001,1.28558510161224,1.22938601492122,1.2541846020236
"9140671","2019-10-09",21.4189522730251,0.611111111111115,0.481481481481489,0.395787944807559,1.36519430335441,1.22847236331226,1.29683333333334,0.88886711708651,62.0260195855918,1.27440000000001,1.29284042139727,1.4606494743707,1.29547757649302
"9140670","2019-10-10",22.0939660954482,0.588235294117651,0.547930283224409,0.47893972403777,1.37008814280423,1.23291185719577,1.3015,0.829260020901745,62.0260195855918,1.27800000000001,1.29912836521097,1.62306605130369,1.36099527145515
"9140669","2019-10-11",22.7207646448411,0.562500000000004,0.587282135076261,0.538897966594052,1.37435237836157,1.2343142883051,1.30433333333334,0.754692610076873,62.0260195855918,1.28120000000001,1.30457791651618,1.73015490756925,1.43482719867797
"9140668","2019-10-14",24.2638161626124,0.562500000000004,0.571078431372557,0.568763616557742,1.38078362214004,1.23554971119329,1.30816666666667,0.833944047115694,62.0260195855918,1.28520000000001,1.30930086098069,1.79303553137429,1.50646886521724
"9140667","2019-10-15",26.0042701807896,0.750000000000005,0.625000000000009,0.594453522149609,1.39138124416379,1.23595208916955,1.31366666666667,0.948221356342371,66.6931956957199,1.29040000000001,1.31739407951659,2.00238347789694,1.60565178775318
"9140666","2019-10-16",26.4411946202407,0.562500000000004,0.625000000000009,0.607026143790858,1.39566863796776,1.24066469536557,1.31816666666667,0.769885608269305,58.8975834959302,1.29400000000001,1.32040820224771,1.96040772108552,1.67660297441965
"9140665","2019-10-17",26.8469101711596,0.687500000000005,0.666666666666676,0.638888888888897,1.39962943901737,1.24670389431596,1.32316666666667,0.784452150129225,62.0798204059184,1.29920000000001,1.32568710861469,2.02490139144322,1.74626265782436
"9140664","2019-10-18",27.6071016932148,0.750000000000005,0.666666666666676,0.652777777777786,1.4015573414013,1.25810932526537,1.32983333333333,0.849720184482221,63.5974025694508,1.30280000000001,1.33159549413273,2.11089760212788,1.81918964668507
"9140663","2019-10-21",27.5422017587306,0.625000000000004,0.687500000000009,0.67361111111112,1.39833333333333,1.27166666666667,1.335,0.671052631578936,58.5504765222145,1.30600000000001,1.33404942824836,2.03349222101965,1.86205016155198
"9140662","2019-10-22",27.8899991709265,0.625000000000004,0.666666666666676,0.67361111111112,1.39994464536837,1.27705535463163,1.3385,0.702078905203644,58.5504765222146,1.30960000000001,1.33617617114858,1.94932040411755,1.8795042100651
"9140661","2019-10-23",28.2129539108226,0.454545454545459,0.568181818181827,0.640782828282837,1.40063935337652,1.28269397995682,1.34166666666667,0.655439190209649,58.5504765222145,1.31320000000001,1.33801934832877,1.86087915907218,1.87577919986651
"9140660","2019-10-24",28.1038806093773,0.363636363636367,0.481060606060614,0.571969696969705,1.40100659096896,1.28299340903104,1.342,0.539543605129808,55.7858548429869,1.31640000000001,1.33828343521827,1.71066665473145,1.8427566908395
"9140659","2019-10-25",27.2316487776078,0.100000000000001,0.306060606060613,0.451767676767685,1.39982014918607,1.2818465174806,1.34083333333333,0.408171570403283,50.6361683615687,1.32000000000001,1.33584564385583,1.45428920563186,1.76506319379797
"9140658","2019-10-28",26.4217192195362,0,0.15454545454546,0.313888888888896,1.39984442766029,1.28215557233972,1.341,0.406533205968921,50.6361683615687,1.32320000000001,1.33373289134172,1.23686307224671,1.65942316948772
"9140657","2019-10-29",25.0390573961097,0,0.0333333333333379,0.16464646464647,1.40057771183643,1.28075562149691,1.34066666666667,0.077150869901368,39.9449353470925,1.32240000000001,1.32523517249616,0.752167073239129,1.477971950238
"9140656","2019-10-30",23.860812624253,0,4.17258820088288e-15,0.0626262626262673,1.39715231434653,1.28684768565348,1.342,0.149455629153438,39.9449353470925,1.32240000000001,1.31787048283,0.362098169784386,1.25479719414728
"9140655","2019-10-31",22.3629479788303,0,4.17258820088288e-15,0.0111111111111152,1.4001513200003,1.28251534666637,1.34133333333333,-0.219734484844393,34.8279364811729,1.31880000000001,1.307487751786,-0.132086826430333,0.977420390031757
"9140654","2019-11-01",20.9720736652234,0.11764705882353,0.0392156862745142,0.0130718954248407,1.40454655847183,1.27145344152817,1.338,-0.0109204860593098,40.316993184031,1.31600000000001,1.30115605154787,-0.397877483447862,0.702360815335833
"9140653","2019-11-04",21.0735838489701,0.125000000000001,0.0808823529411812,0.0400326797385663,1.40510383612795,1.26722949720539,1.33616666666667,0.213507239210139,40.316993184031,1.31360000000001,1.29566857800815,-0.602790456765823,0.441330560915502
"9140652","2019-11-05",21.5118306226699,0.687500000000005,0.310049019607849,0.143382352941181,1.40744839367547,1.26755160632454,1.3375,0.684659946968825,58.5407982579539,1.31600000000001,1.30291276760707,-0.202865328243584,0.312491383083685
"9140651","2019-11-06",22.0868868021555,0.812500000000006,0.541666666666675,0.310866013071902,1.41120649401389,1.26679350598611,1.339,0.783907981961513,61.3640653085008,1.32040000000001,1.31185773192612,0.232935204698026,0.296580147406553
"9140650","2019-11-07",21.7455650337546,0.588235294117651,0.696078431372558,0.515931372549027,1.41275566644649,1.26691100022017,1.33983333333333,0.661130335500453,55.2827615664211,1.32400000000001,1.31561003433597,0.387562043718503,0.314776526668943
"9140649","2019-11-08",20.8958182270378,0.470588235294121,0.62377450980393,0.620506535947721,1.4124771653784,1.2665228346216,1.3395,0.457749340943208,51.6106542808937,1.32480000000001,1.31619536309118,0.382719949128174,0.328365211160789
"9140648","2019-11-11",19.8470091818856,0.411764705882356,0.49019607843138,0.603349673202622,1.41068859319073,1.26497807347594,1.33783333333333,0.400487624171661,49.8284491486911,1.32520000000001,1.31536931467902,0.313929866273677,0.325478142183367
"9140647","2019-11-12",19.5203970445154,0.529411764705886,0.470588235294125,0.528186274509811,1.40597142273815,1.26602857726186,1.336,0.576221593396659,53.3016845485506,1.32600000000001,1.31732007272182,0.377683845420251,0.335919282830744
"9140646","2019-11-13",18.4410894207802,0.352941176470591,0.431372549019615,0.464052287581706,1.40338027990741,1.26428638675926,1.33383333333333,0.376582168504098,47.940561759728,1.32440000000001,1.31501072969224,0.241478463344391,0.317031118933473
"9140645","2019-11-14",17.8879175305542,0.0588235294117651,0.313725490196085,0.405228758169941,1.40081283857899,1.25852049475435,1.32966666666667,0.174379294852055,40.6093710696078,1.32080000000001,1.30634263239994,-0.172832674578238,0.219058360231131
"9140644","2019-11-15",17.3742579182015,0.0588235294117651,0.156862745098044,0.300653594771248,1.3952821383621,1.2537178616379,1.3245,0.162108729404048,40.6093710696078,1.31720000000001,1.29883028141328,-0.497746818702394,0.075697324444426
"9140643","2019-11-18",17.4807706345197,0,0.0392156862745143,0.169934640522881,1.39778982037708,1.23887684628959,1.31833333333334,-0.0348839544919808,36.7036496363716,1.31240000000001,1.28831957722485,-0.934260787406727,-0.126294297925804
"9140642","2019-11-19",16.6509469284753,0.263157894736844,0.107327141382874,0.101135190918477,1.39219180625863,1.23747486040804,1.31483333333334,0.361036553676773,46.0217472748068,1.30840000000001,1.2858769669282,-0.957694840975476,-0.292574406535739
"9140641","2019-11-20",15.9715693720409,0,0.0877192982456187,0.078087375301002,1.38754568545918,1.23245431454083,1.31,0.199102107420041,39.7239872924864,1.30360000000001,1.27709337133777,-1.27750345890782,-0.489560217010156
"9140640","2019-11-21",15.3407187839233,0.210526315789475,0.15789473684211,0.117647058823534,1.38382030583338,1.22817969416663,1.306,0.247281041161971,46.0808222089745,1.29960000000001,1.2748142551594,-1.26494074491591,-0.644636322591307
"9140639","2019-11-22",15.4334867222467,0,0.0701754385964958,0.105263157894741,1.38292244755001,1.22074421911666,1.30183333333333,0.159839257096447,41.3809936533056,1.29360000000001,1.26750568780482,-1.49265403140982,-0.81423986435501
"9140638","2019-11-25",15.5196283792612,0.0526315789473687,0.0877192982456187,0.105263157894741,1.38132190114231,1.21367809885769,1.2975,0.176894308477291,42.9476018431807,1.28880000000001,1.26250492943084,-1.59279656848049,-0.969951205180107
"9140637","2019-11-26",15.7711438299776,0,0.0175438596491271,0.058479532163747,1.3827341612905,1.20693250537617,1.29483333333334,0.169134705448895,41.7461051328476,1.28360000000001,1.25683760550673,-1.71777571884061,-1.11951610791221
"9140636","2019-11-27",16.3425320787452,0,0.0175438596491271,0.0409356725146241,1.38577751997903,1.19422248002097,1.29,0.0649640262580344,39.3736190065692,1.27760000000001,1.24925925810583,-1.92539866203355,-1.28069261873648
"9140635","2019-11-29",16.8731068811724,0.0555555555555559,0.0185185185185228,0.0178687459389254,1.38837133057263,1.18729533609404,1.28783333333333,0.129493315732761,41.1737880537882,1.27240000000001,1.24402469035839,-2.00427484704121,-1.42540906439742
"9140634","2019-12-02",16.5501703916432,0.0555555555555559,0.0370370370370415,0.0243664717348969,1.38968519835157,1.18131480164843,1.2855,0.201653077163179,41.1737880537882,1.26800000000001,1.23948806497727,-2.04455128367093,-1.54923750825212
"9140633","2019-12-03",15.8160305908195,0.400000000000002,0.170370370370376,0.075308641975313,1.38862119007302,1.18037880992698,1.2845,0.462383577599135,49.8148351428249,1.26560000000001,1.24222298964697,-1.7313187566385,-1.5856537579294
"9140632","2019-12-04",14.7079965315621,0.266666666666668,0.240740740740746,0.149382716049388,1.37734733912538,1.18098599420796,1.27916666666667,0.385415329532072,46.8503260880605,1.26440000000001,1.24192659102737,-1.59465504906422,-1.58745401615636
"9140631","2019-12-05",14.0443688006607,0.133333333333334,0.266666666666672,0.225925925925931,1.36010095219564,1.18389904780437,1.272,0.299472466229001,44.0286073886279,1.26240000000001,1.23900304555706,-1.59819103997718,-1.58960142092053
"9140630","2019-12-06",13.428143050538,0.200000000000001,0.200000000000005,0.235802469135808,1.34419065019411,1.18780934980589,1.266,0.355055133763451,45.786777955346,1.26200000000001,1.23780263948278,-1.51868899587266,-1.57541893591095
"9140629","2019-12-09",12.5492149882654,0.333333333333335,0.222222222222228,0.229629629629635,1.33432927289375,1.19067072710625,1.2625,0.505800791931755,49.2222248522782,1.26160000000001,1.23942895421841,-1.31024971194448,-1.52238509111766
"9140628","2019-12-10",13.0959383230514,0,0.177777777777783,0.200000000000005,1.3270368304111,1.1859631695889,1.2565,0.123128326316879,38.6670823972423,1.25800000000001,1.23017176032262,-1.64894881379207,-1.54769783565254
"9140627","2019-12-11",13.7609584170165,0,0.111111111111116,0.170370370370375,1.31228697184988,1.18471302815012,1.2485,0.0153137737996535,37.5822070599406,1.25040000000001,1.22081552561294,-1.96457098281005,-1.63107246508404
"9140626","2019-12-12",14.3784770756984,0.133333333333334,0.0444444444444489,0.111111111111116,1.30193717504877,1.18306282495123,1.2425,0.114438831457504,41.139171182386,1.24280000000001,1.21537345553121,-2.06165817501985,-1.71718960707121
"9140625","2019-12-13",14.1856883527283,0.133333333333334,0.0888888888888936,0.0814814814814859,1.29695331465172,1.18038001868162,1.23866666666667,0.225494593476978,41.139171182386,1.23640000000001,1.21065699479372,-2.11576210208602,-1.79690410607417
"9140624","2019-12-16",14.0066702528275,0.133333333333334,0.133333333333338,0.0888888888888933,1.29295331465172,1.17638001868162,1.23466666666667,0.174024829753917,41.139171182386,1.23080000000001,1.20656939548789,-2.13526757196538,-1.86457679925241
"9140623","2019-12-17",13.5790484279607,0.200000000000001,0.155555555555561,0.125925925925931,1.29288723049101,1.17377943617566,1.23333333333333,0.276113168580165,43.1618866015114,1.22600000000001,1.20436014275617,-2.06082232805388,-1.90382590501271
"9140622","2019-12-18",13.1819710191559,0.200000000000001,0.177777777777783,0.15555555555556,1.28292276544966,1.17474390121701,1.22883333333333,0.264279277834158,43.1618866015114,1.22040000000001,1.20244545705535,-1.97938196323625,-1.91893711665741
"9140621","2019-12-19",12.2682444576822,0.200000000000001,0.200000000000005,0.177777777777783,1.27841713184269,1.17391620149064,1.22616666666667,0.345296433130265,43.1618866015114,1.21600000000001,1.2007860627813,-1.89331645994791,-1.91381298531551
"9140620","2019-12-20",11.6804884764384,0.133333333333334,0.177777777777783,0.18518518518519,1.27337144545446,1.17129522121221,1.22233333333334,0.183243247158138,41.3856051842529,1.21320000000001,1.19801458774379,-1.87117032335485,-1.90528445292338
"9140619","2019-12-23",11.3442316400993,0.153846153846155,0.162393162393168,0.180056980056985,1.27064034403956,1.16935965596045,1.22,0.302528987714025,41.3856051842529,1.21040000000001,1.19561264271129,-1.83302214297355,-1.89083199093342
"9140618","2019-12-24",10.7522869960577,0.0769230769230775,0.121367521367526,0.153846153846159,1.26885021161427,1.16514978838573,1.217,0.175346873054962,39.5003022703143,1.20840000000001,1.19219762368312,-1.84960856067263,-1.88258730488126
"9140617","2019-12-26",10.5444227844146,0,0.0769230769230817,0.120227920227925,1.27073267126852,1.15493399539815,1.21283333333333,-0.0138228011052855,34.4326356819612,1.20320000000001,1.18523794052537,-2.04407844993508,-1.91488553389202
"9140616","2019-12-27",10.0187162504046,0,0.02564102564103,0.0746438746438791,1.27244044751259,1.14889288582075,1.21066666666667,0.116881687625732,34.4326356819612,1.20000000000001,1.17920621512199,-2.17562523789475,-1.96703347469257
"9140615","2019-12-30",9.53056018310965,0.153846153846155,0.0512820512820558,0.0512820512820556,1.27233398949792,1.14533267716875,1.20883333333333,0.246721777304986,40.3496016451994,1.19600000000001,1.17664538643905,-2.11993387040683,-1.99761355383542
"9140614","2019-12-31",10.0352500217491,0,0.0512820512820558,0.042735042735047,1.2735889527872,1.1364110472128,1.205,0.0747614523703372,31.2411542562182,1.19120000000001,1.16642600158051,-2.46221683844567,-2.09053421075747
"9140613","2020-01-02",10.5038905862,0.25,0.134615384615389,0.0790598290598334,1.26137926217556,1.13795407115777,1.19966666666667,0.259638478806223,40.8306415381546,1.18760000000001,1.16290253470311,-2.43194135805289,-2.15881564021656
"9140612","2020-01-03",10.9390568246187,0.562500000000003,0.270833333333339,0.152243589743594,1.25297221532947,1.14102778467053,1.197,0.556575689349185,50.1833251372354,1.18640000000001,1.16651553007603,-2.03802269049309,-2.13465705027186
"9140611","2020-01-06",10.7275806669182,0.533333333333336,0.448611111111117,0.284686609686615,1.24839095400286,1.14227571266381,1.19533333333333,0.575389735716078,48.5310817118693,1.18560000000001,1.16831345939923,-1.77451228795822,-2.06262809780914
"9140610","2020-01-07",11.798227868237,0.133333333333334,0.409722222222229,0.376388888888894,1.24128442051981,1.14138224614686,1.19133333333333,0.219725820025982,40.0176911110047,1.18200000000001,1.16187166481266,-1.95857210770083,-2.04181689978747
"9140609","2020-01-08",12.9698380710617,0.0666666666666672,0.24444444444445,0.367592592592598,1.22698761528724,1.14401238471276,1.1855,0.0319888469791574,38.7961593715396,1.17800000000001,1.15495544283764,-2.15182616873609,-2.0638187535772
"9140608","2020-01-09",14.0577618308275,0.400000000000001,0.200000000000005,0.284722222222228,1.2249661106553,1.1430338893447,1.184,0.369811089019158,47.4358307004975,1.17400000000001,1.15562805045929,-1.93476679972079,-2.03800836280592
"9140607","2020-01-10",15.7567411897853,0.133333333333334,0.200000000000005,0.21481481481482,1.22642904812498,1.13723761854169,1.18183333333333,0.0683441763420935,42.2923719720012,1.16920000000001,1.15087764373138,-2.01943706857683,-2.0342941039601
"9140606","2020-01-13",17.334364880246,0.133333333333334,0.222222222222228,0.207407407407413,1.22620683862403,1.13212649470931,1.17916666666667,0.119119873054265,42.2923719720012,1.16520000000001,1.1467606245672,-2.06414336923493,-2.04026395701506
"9140605","2020-01-14",19.1200810895267,0,0.0888888888888938,0.170370370370375,1.22721928580005,1.12211404753329,1.17466666666667,-0.0518278722969009,39.7904868040219,1.16000000000001,1.14052587462491,-2.21665316700373,-2.0755417990128
"9140604","2020-01-15",20.7782461410016,0.133333333333334,0.0888888888888938,0.133333333333338,1.22628381609332,1.11638285057335,1.17133333333334,0.12390381979107,43.396546733489,1.15480000000001,1.13778909134159,-2.17255232472073,-2.09494390415439
"9140603","2020-01-16",20.0124218132945,0.133333333333334,0.0888888888888938,0.0888888888888936,1.22164045473419,1.11569287859915,1.16866666666667,0.355274335735703,43.396546733489,1.15280000000001,1.13541721249604,-2.11383966966625,-2.09872305725676
"9140602","2020-01-17",19.3012992232807,0.400000000000001,0.222222222222228,0.133333333333338,1.21835382100798,1.11664617899203,1.1675,0.622901286002069,50.3007981923082,1.15280000000001,1.13869491749657,-1.76311568333133,-2.03160158247167
"9140601","2020-01-21",19.0899935162759,0.266666666666667,0.266666666666672,0.192592592592598,1.21214065474045,1.11819267859289,1.16516666666667,0.480485653778689,47.200690956253,1.15120000000001,1.13886892849703,-1.60827713550166,-1.94693669307767
"9140600","2020-01-22",18.8937810740571,0.333333333333334,0.333333333333339,0.274074074074079,1.20981629852596,1.11851703480738,1.16416666666667,0.563892446617227,48.8966142383428,1.15000000000001,1.14035307136409,-1.39860527883272,-1.83727041022868
"9140599","2020-01-23",18.7115838062825,0.333333333333334,0.311111111111116,0.303703703703709,1.20492180334316,1.11974486332351,1.16233333333333,0.511740266787791,48.8966142383428,1.14880000000001,1.14163932851554,-1.21834825382894,-1.71348597894873
"9140598","2020-01-24",18.1948563752205,0.533333333333336,0.400000000000006,0.348148148148153,1.20544052734759,1.11955947265241,1.1625,0.781396947818607,54.0336076028579,1.14840000000001,1.14675408471347,-0.854228182313144,-1.54163441962161
"9140597","2020-01-27",18.4676827278308,0.333333333333334,0.400000000000006,0.370370370370376,1.20647156682686,1.12052843317314,1.1635,0.614416741806871,48.7556163664611,1.14680000000001,1.14718687341834,-0.768015553906554,-1.3869106464786
"9140596","2020-01-28",18.9492878372176,0.333333333333335,0.400000000000006,0.400000000000005,1.20647156682686,1.12052843317314,1.1635,0.498060733189696,47.1039384957574,1.14480000000001,1.14622862362923,-0.761225799253573,-1.2617736770336
"9140595","2020-01-29",19.3964925816481,0.333333333333335,0.333333333333339,0.377777777777783,1.2050780536051,1.11958861306157,1.16233333333333,0.394723840245278,47.1039384957574,1.14320000000001,1.14539814047867,-0.747324017265483,-1.15888374507997
"9140594","2020-01-30",19.8117541300479,0.416666666666669,0.361111111111117,0.36481481481482,1.20501968046472,1.12031365286862,1.16266666666667,0.389815003746385,49.1036028559508,1.14200000000001,1.14601172174818,-0.65836346622552,-1.05877968930908
"9140593","2020-01-31",19.366878497727,0.333333333333335,0.361111111111117,0.351851851851857,1.20423223269012,1.11943443397655,1.16183333333333,0.39976154889689,47.182717679806,1.14080000000001,1.14521015884842,-0.650743109746932,-0.977172373396653
"9140592","2020-02-03",18.2162244283136,0.166666666666668,0.305555555555561,0.342592592592598,1.19730288645926,1.12069711354074,1.159,0.339002559944769,43.5162007312416,1.14000000000001,1.1418488043353,-0.776969131650806,-0.937131725047484
"9140591","2020-02-04",17.0265635971474,0,0.166666666666672,0.277777777777783,1.18891826509293,1.12374840157373,1.15633333333333,0.40281806664412,43.5162007312416,1.13920000000001,1.13893563042392,-0.867623562929498,-0.923230092623887
"9140590","2020-02-05",16.3614424416327,0,0.0555555555555602,0.175925925925931,1.18872695777478,1.12093970889189,1.15483333333333,0.18283120565721,39.9185813814787,1.13680000000001,1.13374421303407,-1.06987926574158,-0.952559927247425
"9140589","2020-02-06",15.7438299400834,0.416666666666669,0.138888888888894,0.120370370370375,1.18988394925206,1.12178271741461,1.15583333333333,0.659076907143035,50.8569187509961,1.13880000000001,1.13591165129619,-0.86515901941413,-0.935079745680766
"9140588","2020-02-07",14.7833418315381,0.500000000000003,0.305555555555561,0.166666666666672,1.19042221504914,1.12157778495087,1.156,0.800193735893598,52.7112349291648,1.13960000000001,1.13912343112337,-0.624910451798166,-0.873045886904246
"9140587","2020-02-10",13.9387770628992,0.666666666666671,0.527777777777785,0.32407407407408,1.19600407385279,1.12099592614721,1.1585,0.964393994503884,56.26557898597,1.13920000000001,1.14457364030692,-0.29035175662665,-0.756507060848727
"9140586","2020-02-11",13.1545383491631,0.833333333333339,0.666666666666675,0.500000000000007,1.20305184178295,1.11994815821705,1.1615,1.00338723313216,59.5405408586471,1.14000000000001,1.15196382159933,0.112552602771454,-0.582695128124691
"9140585","2020-02-12",13.6918110730841,0.416666666666669,0.638888888888897,0.611111111111119,1.20036826270269,1.12796507063064,1.16416666666667,0.580567350228525,49.5507232934632,1.14120000000001,1.15170197871942,0.0800190853697869,-0.450152285425795
"9140584","2020-02-13",14.1907071738679,0.416666666666669,0.555555555555563,0.620370370370378,1.19840128985918,1.13293204347416,1.16566666666667,0.413445365884572,49.5507232934632,1.14280000000001,1.1514750482235,0.0536125129688481,-0.349399325746867
"9140583","2020-02-14",15.4344034769099,0.166666666666668,0.333333333333339,0.509259259259266,1.19956884190246,1.13009782476421,1.16483333333333,0.0945551421736406,44.3703799325263,1.14120000000001,1.14727837512703,-0.175816465957301,-0.314682753788954
"9140582","2020-02-18",17.0289211717017,0,0.19444444444445,0.361111111111117,1.20037823457233,1.12362176542767,1.162,-0.00375775615464039,41.2725121605046,1.14040000000001,1.14097459177676,-0.494019271111978,-0.350550057253559
"9140581","2020-02-19",17.2606700269763,0.500000000000003,0.222222222222228,0.250000000000005,1.20119395588748,1.12380604411252,1.1625,0.639987409982515,52.0813751839898,1.14200000000001,1.14351131287319,-0.319253153243892,-0.344290676451625
"9140580","2020-02-20",17.1015077141538,0.500000000000003,0.333333333333339,0.250000000000005,1.20189311657219,1.12377355009448,1.16283333333333,0.677078982347879,52.0813751839898,1.14440000000001,1.1457098044901,-0.178892187654112,-0.311210978692123
"9140579","2020-02-21",17.4744592658609,0.333333333333335,0.444444444444451,0.333333333333339,1.20161012885775,1.12305653780892,1.16233333333333,0.385428535095142,48.6218374737463,1.14520000000001,1.14494849722475,-0.206191353236229,-0.290207053600944
"9140578","2020-02-24",18.4961829645671,0.0833333333333341,0.305555555555561,0.361111111111117,1.19896132842636,1.12070533824031,1.15983333333333,0.20396302427982,43.9101498724465,1.14480000000001,1.14028869759479,-0.434798013274795,-0.319125245535714
"9140577","2020-02-25",19.4449263990801,0.166666666666668,0.19444444444445,0.31481481481482,1.19757616707403,1.11909049959264,1.15833333333333,0.308882303210872,45.795717650097,1.14320000000001,1.13758353791548,-0.539719054789001,-0.363244007386372
"9140576","2020-02-26",20.3259024454136,0.25,0.166666666666672,0.222222222222227,1.19698980177773,1.11801019822227,1.1575,0.362833784348798,47.6895057161327,1.14280000000001,1.13657239952675,-0.545870159032746,-0.399769237715647
"9140575","2020-02-27",21.1439516312947,0.416666666666669,0.277777777777783,0.212962962962968,1.19728935667297,1.1183773099937,1.15783333333333,0.527456728824578,51.3504356042909,1.14280000000001,1.13836274625652,-0.404170008997284,-0.400649391971974
"9140574","2020-02-28",21.90356873247,0.416666666666669,0.361111111111117,0.268518518518524,1.19728935667297,1.1183773099937,1.15783333333333,0.442974486287355,51.3504356042909,1.14280000000001,1.13991438008898,-0.288631063133771,-0.378245726204333
"9140573","2020-03-02",23.3393765732133,0.181818181818184,0.338383838383844,0.325757575757581,1.19768400992232,1.11598265674435,1.15683333333333,0.21236706509852,45.7771423879455,1.14040000000001,1.13725912941045,-0.404964286646825,-0.383589438292832
"9140572","2020-03-03",23.6870841260363,0.454545454545457,0.351010101010107,0.350168350168356,1.19809967159145,1.11690032840855,1.1575,0.53078842638379,51.4516352004582,1.14040000000001,1.13895791215572,-0.281299271357116,-0.363131404905689
"9140571","2020-03-04",23.1424944167978,0.727272727272733,0.454545454545462,0.381313131313137,1.20168634713138,1.11698031953529,1.15933333333333,0.822684631885517,56.3689193144111,1.14200000000001,1.14443019053496,0.0281237992906025,-0.28488036406643
"9140570","2020-03-05",24.0416951622299,0.181818181818184,0.454545454545462,0.420033670033677,1.20146691818829,1.11753308181172,1.1595,0.227960327812341,46.2740083101906,1.14120000000001,1.14117283179697,-0.148676000470305,-0.257639491347205
"9140569","2020-03-06",23.4805158278696,0.0909090909090918,0.33333333333334,0.414141414141421,1.20073354297642,1.11593312369025,1.15833333333333,0.323114082144086,44.8329114829574,1.13960000000001,1.13701645422404,-0.356093196837814,-0.277330232445327
"9140568","2020-03-09",23.3902388012621,0,0.0909090909090958,0.292929292929299,1.20094269144432,1.10939064188901,1.15516666666667,0.0430650265446848,42.014709684008,1.13760000000001,1.13074759366083,-0.656339298292352,-0.353132045614732
"9140567","2020-03-10",24.0519908288868,0,0.0303030303030346,0.151515151515156,1.20393385067721,1.09439948265613,1.14916666666667,-0.192324561718742,37.0046172329304,1.13480000000001,1.11998124783939,-1.17050376458253,-0.516606389408292
"9140566","2020-03-11",24.6664748545383,0,3.95979545449639e-15,0.0404040404040444,1.20156211419627,1.08343788580373,1.1425,-0.113760622918738,37.0046172329304,1.13200000000001,1.11065041479414,-1.56531421924581,-0.726347955375795
"9140565","2020-03-12",26.2667706745042,0,3.95979545449639e-15,0.0101010101010138,1.21318780808626,1.05681219191374,1.135,-0.235408772894193,29.7938909220679,1.12720000000001,1.09323035948825,-2.37114827501228,-1.05530801930309
"9140564","2020-03-13",27.7527596501868,0.0869565217391308,0.0289855072463809,0.00966183574879593,1.21752110443491,1.03981222889842,1.12866666666667,-0.0364579177350011,33.7651333594059,1.12120000000001,1.08079964488982,-2.84192446832032,-1.41263130910654
"9140563","2020-03-16",29.1326065561779,0.0869565217391308,0.0579710144927579,0.0289855072463806,1.22389468211255,1.02143865122079,1.12266666666667,-0.0235704737127543,33.7651333594059,1.11480000000001,1.07002635890451,-3.18670427942628,-1.76744590317049
"9140562","2020-03-17",30.4138929688838,0.0869565217391308,0.0869565217391348,0.0579710144927575,1.2286007789068,1.00606588775987,1.11733333333333,0.0476364800690933,33.7651333594059,1.10760000000001,1.06068951105057,-3.4272400803587,-2.09940473860813
"9140561","2020-03-18",33.2621426609702,0,0.0579710144927579,0.0676328502415498,1.2531989836466,0.95146768302007,1.10233333333333,-0.258953411609913,20.2045507259003,1.09200000000001,1.0272642429105,-5.04643234472579,-2.68881025983166
"9140560","2020-03-19",36.1824439182898,0,0.0289855072463809,0.0579710144927575,1.28547641372524,0.879190252941432,1.08233333333333,-0.252343289461244,17.7765948623667,1.07600000000001,0.990295677189098,-6.80349054394132,-3.51174631665359
"9140559","2020-03-20",38.894152228658,0.108695652173913,0.0362318840579751,0.0410628019323709,1.29850427956138,0.831162387105288,1.06483333333334,-0.0595475265992095,25.780684969804,1.06200000000001,0.964922920230552,-7.76693489706635,-4.36278403273614
"9140558","2020-03-23",41.6180330733748,0,0.0362318840579751,0.0338164251207767,1.30981005807988,0.783523275253461,1.04666666666667,-0.0193619567365969,23.3344469779606,1.04720000000001,0.936266530866478,-8.90515740372848,-5.27125870693461
"9140557","2020-03-24",42.5550635004769,0.0869565217391307,0.065217391304352,0.045893719806767,1.3072772871221,0.753722712877907,1.0305,0.119730357594076,29.1281064006365,1.03480000000001,0.916764326750948,-9.40446284592208,-6.0978995347321
"9140556","2020-03-25",43.4251631827859,0.195652173913044,0.0942028985507288,0.0652173913043516,1.29747830291186,0.734188363754809,1.01583333333333,0.211516239322189,35.6721532512761,1.02200000000001,0.906529083184155,-9.27747847938232,-6.73381532366215
"9140555","2020-03-26",44.5199633115913,0.121951219512196,0.134853305054794,0.0980911983032912,1.28414522336485,0.714188109968488,0.999166666666668,0.197345649443555,33.0435012671279,1.00760000000001,0.892325205426268,-9.44218166157152,-7.27548859124402
"9140554","2020-03-27",45.6708996687159,0.0810810810810813,0.132894824835444,0.120650342813655,1.26959798563778,0.693735347695556,0.981666666666668,0.190319667255046,31.7824134565379,0.993200000000007,0.877348511369432,-9.666694501358,-7.75372977326682
"9140553","2020-03-30",46.4646786335417,0.0833333333333336,0.0954552113088741,0.121067780399704,1.2540577309477,0.67660893571897,0.965333333333335,0.225228162258404,31.7824134565379,0.980000000000008,0.864368709853508,-9.7561482267071,-8.15421346395487
"9140552","2020-03-31",47.2017591008799,0.085714285714286,0.0833762333762376,0.103908756506852,1.23009432388503,0.664572342781636,0.947333333333335,0.239473728243293,31.7824134565379,0.966400000000008,0.853119548539707,-9.73464474955376,-8.47029972107465
"9140551","2020-04-01",47.8861909634082,0.085714285714286,0.0849206349206392,0.0879173598685832,1.19510297639675,0.660897023603257,0.928000000000002,0.260392037320701,31.7824134565379,0.952400000000008,0.843370275401079,-9.62302117725129,-8.70084401230998
"9140550","2020-04-02",48.5217348357559,0.1,0.0904761904761947,0.0862576862576901,1.16568385665587,0.656649476677466,0.911166666666668,0.28161265517786,31.7824134565379,0.937600000000008,0.834920905347602,-9.43921124425967,-8.84851745869992
"9140549","2020-04-03",49.3832224377074,0.000333333333333298,0.0620158730158772,0.07913756613757,1.12989263884683,0.656114027819839,0.893003333333335,0.261625653758705,29.3562272993946,0.921604000000008,0.823611451301255,-9.48774971091876,-8.97636390914369
"9140548","2020-04-06",50.183175210948,0.216000000000001,0.105444444444449,0.0859788359788399,1.09426004079461,0.662013292538731,0.878136666666668,0.356247231662491,38.4741723796611,0.908964000000008,0.820996591127754,-8.90873511626182,-8.96283815056731
"9140547","2020-04-07",50.9259885003857,0.461538461538465,0.22595726495727,0.131139194139198,1.06326575762218,0.667674242377819,0.865470000000002,0.385058202090321,39.4116467532765,0.895364000000008,0.819530378977387,-8.29744621997382,-8.82975976444862
"9140546","2020-04-08",51.8083595550777,0.30769230769231,0.328410256410263,0.219937321937327,1.02767373993351,0.676932926733159,0.852303333333335,0.369884926563709,37.3677349886084,0.879764000000008,0.815592995113736,-7.9203277058568,-8.64787335273025
"9140545","2020-04-09",51.1299045351288,0.30769230769231,0.358974358974366,0.304447293447299,1.00022434579772,0.684382320868946,0.842303333333335,0.429384529058905,37.3677349886084,0.866564000000008,0.812180595765237,-7.53836085446268,-8.42597085307674
"9140544","2020-04-13",50.1601910442573,0.371694067190853,0.329026227525162,0.338803614303263,0.963570892474999,0.700842440858337,0.832206666666668,0.496929656222216,39.5667991489121,0.854248000000008,0.810836516329873,-7.03719469456379,-8.14821562137415
"9140543","2020-04-14",47.6758082752314,0.672012415933785,0.450466263605653,0.37948895003506,0.932581585323381,0.720278414676622,0.826430000000001,0.851871020605846,51.3980409171378,0.845848000000008,0.820058314152556,-5.80369976482837,-7.67931245006499
"9140542","2020-04-15",44.4527404950237,0.630252100840338,0.557986194654996,0.44582622859527,0.902992505690978,0.742040827642358,0.822516666666668,1.21998835140026,54.7761854814358,0.840152000000007,0.831730538932215,-4.5079330698698,-7.04503657402596
"9140541","2020-04-16",42.3564691707612,0.566522174058021,0.622928896944052,0.543793785068234,0.926237433982118,0.727795899351218,0.827016666666668,1.1869361644487,56.2475625865405,0.834952000000007,0.84349980040792,-3.32921629214443,-6.30187251764965
"9140540","2020-04-17",40.4099315125175,0.699899966655554,0.632224747184642,0.60437994626123,0.951931249106094,0.721785417560576,0.836858333333335,1.09371775603783,60.6905654126748,0.834152000000008,0.859033160353531,-2.00258026357674,-5.44201406683507
"9140539","2020-04-20",39.2425343751442,0.899966655551853,0.722129598755147,0.659094414294613,0.988465926094293,0.70758407390571,0.848025000000002,1.13600287905651,66.2301742496979,0.834952000000007,0.880495405639727,-0.41021522006488,-4.43565429748103
"9140538","2020-04-21",36.8536099851022,0.699899966655554,0.766588862954324,0.70698106963137,1.00700577909177,0.710377554241571,0.858691666666668,0.931432309129144,57.5032819197578,0.833352000000008,0.891096018221096,0.283837292335232,-3.49175597951778
"9140537","2020-04-22",34.6353230514917,0.76658886295432,0.788818495053913,0.759178985587794,1.02624795342654,0.708802046573459,0.867525000000002,0.906814716708356,59.4226186114031,0.832552000000008,0.902949882458284,0.993803351603884,-2.59464411329345
"9140536","2020-04-23",32.5754851845676,0.76658886295432,0.744359230854735,0.766588862954324,1.04286647106178,0.706516862271559,0.874691666666668,0.862643501916704,59.4226186114031,0.839352000000008,0.913223231463846,1.53034063020772,-1.76964716459321
"9140535","2020-04-24",31.0084694152835,0.500000000000002,0.677725908636218,0.736967878181622,1.05194323676203,0.710773429904638,0.881358333333335,0.730505938937137,51.353012754587,0.846152000000008,0.914126800602,1.40898488764831,-1.13392075414491
"9140534","2020-04-27",29.1359759456885,0.679259259259261,0.648616040737865,0.690233726742939,1.06568862725771,0.716921372742293,0.891305000000002,0.818153912760064,56.9556371792464,0.853088000000008,0.922029893855066,1.75895476739076,-0.555345649837775
"9140533","2020-04-28",27.397232009636,0.925925925925929,0.701728395061735,0.676023448145272,1.08490557922152,0.721371087445145,0.903138333333335,0.885644287327312,62.7220443371743,0.864688000000008,0.937759241341058,2.57448211879348,0.0706199038884754
"9140532","2020-04-29",26.5249039599615,0.77777777777778,0.794320987654328,0.714888474484642,1.09623489657505,0.732041770091618,0.914138333333335,0.790674532188023,57.7206544379501,0.873088000000008,0.94605800916225,2.83441261807369,0.623378446725518
"9140531","2020-04-30",25.7148850566924,0.84490112446685,0.849534942723524,0.781861441813195,1.10649582330203,0.744780843364637,0.925638333333335,0.78851906184457,59.4612410714952,0.880288000000008,0.95591694127395,3.16695688339641,1.1320941340597
"9140530","2020-05-01",25.3216307615806,0.667222222222225,0.763300374822289,0.802385435066713,1.11180999349658,0.761140006503425,0.936475000000002,0.728871407050011,56.9490003157831,0.888292000000008,0.961808015770757,3.22109087339855,1.54989348192747
"9140529","2020-05-04",23.7702180929533,0.480249480249482,0.66412427564619,0.758986531064001,1.11371206726436,0.784564599402309,0.949138333333335,0.75579719797597,56.9359822724796,0.897092000000008,0.966900280334656,3.22337734358007,1.88459025425799
"9140528","2020-05-05",22.7163832345876,0.333333333333335,0.493601678601685,0.640342109690054,1.11384086761471,0.804169132385292,0.959005000000002,0.675438463226496,54.2642784101506,0.905092000000008,0.968646909623368,3.02287040076019,2.11224628355843
"9140527","2020-05-06",21.7378222946767,0.38888888888889,0.400823900823907,0.51951661835726,1.10985628092478,0.826153719075225,0.968005000000002,0.612776563565067,55.3914101588322,0.913492000000008,0.971493988340253,2.91283084446978,2.2723631957407
"9140526","2020-05-07",21.2266240488706,0.277777777777779,0.333333333333339,0.409252970919643,1.09808937512743,0.855920624872572,0.977005000000002,0.539896422046598,52.5994145135135,0.921092000000007,0.971294789894886,2.62934188267185,2.34375893312693
"9140525","2020-05-08",20.7519399634792,0.444444444444446,0.370370370370376,0.368175868175874,1.08410760429535,0.888569062371317,0.986338333333335,0.603960749289156,56.1683300862487,0.929892000000007,0.975122151242234,2.62246011442415,2.39949916938637
"9140524","2020-05-11",20.0370270224044,0.555555555555558,0.425925925925932,0.376543209876549,1.06796884595299,0.926234487380344,0.997101666666668,0.849703491088176,58.4161950469164,0.940688000000007,0.981105864409936,2.74815577821104,2.46923049115131
"9140523","2020-05-12",19.3731792914063,0.611111111111114,0.537037037037044,0.44444444444445,1.06455249358832,0.94487083974502,1.00471166666667,0.906258311990967,59.5336522463555,0.949728000000007,0.987625082488612,2.89306576801753,2.55399754652455
"9140522","2020-05-13",18.8359210744653,0.166666666666667,0.444444444444451,0.469135802469142,1.05942743334049,0.955155899992851,1.00729166666667,0.33416694747339,48.341754123072,0.955328000000008,0.982608404823463,2.32659357393521,2.50851675200668
"9140521","2020-05-14",18.1234726664658,0,0.259259259259265,0.413580246913586,1.05738835551135,0.960194977821988,1.00879166666667,0.34095281282701,48.341754123072,0.961728000000007,0.978260617513668,1.85562985337275,2.3779393722799
"9140520","2020-05-15",17.5000892867854,0.200000000000001,0.122222222222227,0.275308641975314,1.06026662440661,0.964300042260064,1.01228333333333,0.823550128654003,53.4196452465319,0.969728000000007,0.979825868511846,1.79120071720102,2.26059164126412
"9140519","2020-05-18",17.6607523788824,0.440000000000002,0.213333333333339,0.198271604938276,1.07935997630749,0.953206690359181,1.01628333333333,1.21645643356739,60.7000915129913,0.980044000000007,0.990515752710266,2.28537988139725,2.26554928929075
"9140518","2020-05-19",17.8099395358297,0.440000000000002,0.360000000000006,0.231851851851857,1.09410738057401,0.950125952759325,1.02211666666667,1.06407738066883,60.7000915129913,0.987244000000007,0.999780319015564,2.63897244446194,2.34023392032499
"9140517","2020-05-20",18.0964798327705,0.600000000000003,0.49333333333334,0.355555555555561,1.11462481543604,0.943275184563958,1.02895,1.10918329851119,64.3887907696171,0.994940000000007,1.01314294314682,3.19458872708476,2.51110488167694
"9140516","2020-05-21",19.044178375745,0.833333333333336,0.624444444444451,0.492592592592599,1.15697666647678,0.922923333523225,1.03995,1.25502734542018,71.5724514604886,1.00614000000001,1.03805721739391,4.35083463743291,2.87905083282814
"9140515","2020-05-22",21.7715868702021,0.452830188679246,0.628721174004199,0.582166317260663,1.20965722869294,0.902909437973734,1.05628333333333,1.25105132067349,70.0506570437849,1.01534000000001,1.05831625507472,5.09660697316532,3.32256206089557
"9140514","2020-05-26",24.4083156699549,0.77618181818182,0.687448446731471,0.64687135506004,1.29471396953175,0.859419363801586,1.07706666666667,1.28307119403627,79.0264962859557,1.02961600000001,1.10079408773143,6.95293041810727,4.04863573233791
"9140513","2020-05-27",25.454804909166,0.636363636363637,0.621791881074905,0.645987167270192,1.34397413265495,0.842492534011715,1.09323333333333,1.04525098044097,69.7622523425834,1.04321600000001,1.1273548760339,7.70218628603905,4.77934584307814
"9140512","2020-05-28",26.4265449170048,0.70909090909091,0.707212121212127,0.672150816339501,1.38944642617936,0.833353573820647,1.1114,0.989007064521522,71.6255532359275,1.05761600000001,1.15570755922938,8.43595468741818,5.51066761194615
"9140511","2020-05-29",27.3288749242837,0.745454545454547,0.696969696969703,0.675324566418911,1.43050153152764,0.8286318018057,1.12956666666667,0.938245443558901,72.5368068683887,1.07281600000001,1.18294655133213,9.0059769310405,6.20972947576502
"9140510","2020-06-01",25.9889287583873,0.491272727272728,0.648606060606066,0.684262626262631,1.44676495360385,0.839375046396151,1.14307,0.736635476313323,58.4147946367539,1.08482400000001,1.18791367782118,8.39666459910908,6.64711650043383
"9140509","2020-06-02",24.9580923691807,0.799636363636365,0.678787878787884,0.674787878787884,1.4815924717663,0.841867528233705,1.16173,0.882669670470432,66.8473586229798,1.10148000000001,1.21483185411169,8.92962626602247,7.10361845355156
"9140508","2020-06-03",24.3176260635248,0.836363636363638,0.709090909090914,0.678828282828288,1.51507699347044,0.850049673196224,1.18256333333333,0.872069927239435,67.6877813318351,1.11628000000001,1.24085427356347,9.33782253874671,7.55045927059059
"9140507","2020-06-04",23.0388762611264,0.725490196078433,0.787163398692816,0.725014062190538,1.53627621423216,0.868500452434504,1.20238833333333,0.790683905843056,63.403331705389,1.13068000000001,1.25674037042167,9.20776287984442,7.88191999244136
"9140506","2020-06-05",21.85740391633,0.772727272727274,0.778193701723119,0.758149336502283,1.55593013858809,0.892513194745246,1.22422166666667,0.800130511459825,65.2958531313272,1.14588000000001,1.27584165436545,9.23438180613159,8.1524123551794
"9140505","2020-06-08",21.1228695589526,0.81818181818182,0.772133095662513,0.779163398692816,1.57565273736955,0.916790595963789,1.24622166666667,0.804229044899025,66.2360255491888,1.16267600000001,1.29506276711672,9.25342147024068,8.37261417819166
"9140504","2020-06-09",20.1418533292158,0.750000000000001,0.780303030303036,0.776876609229556,1.59072791201314,0.940048754653525,1.26538833333333,0.752984385322317,64.3583703029536,1.17867600000001,1.30905439816783,9.02522953327221,8.50313724920777
"9140503","2020-06-10",19.2309096873173,0.806451612903228,0.791544477028354,0.781326867664634,1.60525868434379,0.965517982322873,1.28538833333333,0.762520423461359,66.4093202493397,1.19707600000001,1.32651381174545,8.97114166973201,8.59673813331262
"9140502","2020-06-11",21.1825687843233,0,0.51881720430108,0.696888237210823,1.59079147426776,0.995385192398909,1.29308833333333,0.249602350742121,38.6358312432519,1.19651600000001,1.27977863684606,6.01511319963119,8.08041314657634
"9140501","2020-06-12",22.9948236601145,0.427480916030535,0.411310842977925,0.573890841435786,1.57117121006763,1.04033878993237,1.305755,0.388687406623965,49.5952514625945,1.20571600000001,1.26914148526658,4.99509959287097,7.46335043583526
"9140500","2020-06-15",24.1770492777128,0.580152671755726,0.335877862595424,0.422001969958143,1.55580356703575,1.08270643296425,1.319255,0.487483190575041,52.8350552302334,1.21691600000001,1.27058928723104,4.64166322011408,6.89901299269103
"9140499","2020-06-16",25.4863149160077,0.503816793893131,0.503816793893135,0.417001833155494,1.54464267528208,1.11220065805125,1.32842166666667,0.411151865138585,51.0676040614392,1.22571600000001,1.26651071560023,4.06055788111719,6.33132197037626
"9140498","2020-06-17",26.7020615801387,0.541984732824428,0.541984732824432,0.460559796437664,1.52897574535875,1.14653425464125,1.337755,0.375131226189901,51.9334152846225,1.23491600000001,1.26564262018687,3.68554119249931,5.80216581480087
"9140497","2020-06-18",27.1561630801466,0.561068702290077,0.535623409669216,0.527141645462261,1.51409600948529,1.17941399051471,1.346755,0.400139043114816,52.3870502332607,1.24771600000001,1.26622360416195,3.412915099825,5.32431567180569
"9140496","2020-06-19",27.5778287587254,0.637404580152673,0.58015267175573,0.552586938083126,1.50926306195067,1.19624693804933,1.352755,0.448602221723234,54.2471081393763,1.26211600000001,1.27206045694036,3.41151428523256,4.94175539449107
"9140495","2020-06-22",27.8254421210856,0.637404580152673,0.611959287531812,0.575911789652252,1.50912701288324,1.2017163204501,1.35542166666667,0.449833668618988,54.2471081393763,1.27491600000001,1.27711906268164,3.36931166981598,4.62726664955605
"9140494","2020-06-23",28.0553688147058,0.637404580152673,0.637404580152677,0.609838846480073,1.50233832154763,1.19971167845237,1.351025,0.430524953834347,54.2471081393763,1.28491600000001,1.28150318765743,3.29610437145309,4.36103419393546
"9140493","2020-06-24",28.738434723124,0.52290076335878,0.599236641221379,0.616200169635289,1.50102943772843,1.19202056227157,1.346525,0.273927744858295,50.5475742938734,1.29251600000001,1.27730276263644,2.82662044475224,4.05415144409881
"9140492","2020-06-25",29.207337026893,0.541984732824428,0.567430025445298,0.601357082273118,1.49733166848711,1.18605166484623,1.34169166666667,0.32322989155615,51.1455832378317,1.29891600000001,1.27499572761824,2.48930035367056,3.74118122601316
"9140491","2020-06-26",29.8809741681363,0.494163424124514,0.519682973435912,0.562116546700863,1.49265547206115,1.17739452793885,1.335025,0.262022535938058,49.2225357816163,1.30011600000001,1.26899629726914,2.00842932287546,3.39463084538562
"9140490","2020-06-29",29.9856456190447,0.623015873015874,0.553054676654943,0.54672255851205,1.49271647709717,1.17965352290283,1.336185,0.416358675949422,53.0266056850068,1.30411600000001,1.27179679096659,1.98621550365141,3.11294777703878
"9140489","2020-06-30",30.0828405377455,0.642857142857144,0.586678813332515,0.553138821141123,1.48501406754505,1.17836926578829,1.33169166666667,0.451001941288675,53.6498552837287,1.30104000000001,1.27555721883771,2.00814133281879,2.89198648819478
"9140488","2020-07-01",29.8631966457794,0.450000000000003,0.571957671957678,0.570563720648378,1.47258601684351,1.17935731648982,1.32597166666667,0.464629428653617,52.8940643351687,1.30064000000001,1.27748292299268,1.93911041562178,2.70141127368018
"9140487","2020-07-02",29.0633904508876,0.647058823529416,0.579971988795525,0.579536158028572,1.46808825728978,1.18020507604356,1.32414666666667,0.624541257249302,56.2153746715013,1.30064000000001,1.28581853326033,2.17345983009154,2.59582098496245
"9140486","2020-07-06",27.8115064948611,0.550000000000003,0.549019607843145,0.566983089532116,1.45984055699994,1.18311944300006,1.32148,0.675338987685706,56.2153746715013,1.29984000000001,1.29304272882562,2.32909699993014,2.54247618795599
"9140485","2020-07-07",26.4808589188514,0.761904761904765,0.652987861811399,0.593993152816689,1.45155822328706,1.18740177671294,1.31948,0.830056933296161,59.5250790072712,1.30663200000001,1.3059703649822,2.72758987535879,2.57949892543655
"9140484","2020-07-08",25.2452575982709,0.809523809523813,0.707142857142864,0.636383442265802,1.44810953719117,1.18918379614216,1.31864666666667,0.865690434188018,60.1734960557097,1.30704000000001,1.31850764965124,3.06222870940034,2.67604488222931
"9140483","2020-07-09",23.6366950534335,0.615769230769233,0.729065934065941,0.696398884340068,1.44091682646547,1.19338317353453,1.31715,0.929234565651741,59.1629911731625,1.30624400000001,1.32805329636441,3.22382604991853,2.78560111576715
"9140482","2020-07-10",21.9729778087031,0.576923076923079,0.667405372405379,0.701204721204728,1.43078949539639,1.22944383793694,1.33011666666667,0.863636681269928,58.0911898078273,1.30704400000001,1.33497952351582,3.24958388494749,2.87839766960322
"9140481","2020-07-13",20.4280975100248,0.653846153846156,0.615512820512826,0.670661375661382,1.43837346314913,1.2388598701842,1.33861666666667,0.89120141560338,59.6500269225438,1.30704400000001,1.34364892038038,3.34885056883405,2.97248824944939
"9140480","2020-07-14",20.1113593652752,0.620689655172415,0.617152961980554,0.633357051632919,1.45473995386301,1.23582671280366,1.34528333333333,0.963121064960361,60.4423111389787,1.30664400000001,1.35249573099633,3.4438844003287,3.06676747962525
"9140479","2020-07-15",20.7891199916284,0.864864864864867,0.71313355796115,0.64859978015151,1.50196684692557,1.21626648640777,1.35911666666667,1.22646040636364,69.4780352227913,1.31264400000001,1.37882963353015,4.28711983111716,3.31083794992363
"9140478","2020-07-16",21.4184691446707,0.884594594594596,0.790049704877297,0.706778741606333,1.53957334762458,1.20681331904209,1.37319333333333,1.09604514654268,69.8645703311872,1.31733600000001,1.4026256823928,4.91635109723192,3.63194057938529
"9140477","2020-07-17",22.0028647867814,0.870967741935486,0.87347573379832,0.792219665545589,1.57139827159243,1.20098839507424,1.38619333333333,1.00522410946245,70.0158199275516,1.34069600000001,1.42360892474042,5.34875312207728,3.97530308792369
"9140476","2020-07-20",20.983432270791,0.35483870967742,0.703467015402505,0.788997484692707,1.57960636789457,1.2057802987721,1.39269333333333,0.697881687349895,53.0302118127828,1.34869600000001,1.42046106810837,4.72601160298325,4.1254447909356
"9140475","2020-07-21",20.0368163630857,0.419354838709678,0.548387096774199,0.708443281991674,1.58707645067024,1.21108021599643,1.39907833333333,0.682506260271984,54.5156070272577,1.35429600000001,1.42039959236059,4.29672921632542,4.15970167601356
"9140474","2020-07-22",19.1578158773593,0.53846153846154,0.437551695616217,0.563135269264306,1.59867819328436,1.21714514004898,1.40791166666667,0.758837338370979,58.732014955398,1.36389600000001,1.42834631337917,4.24617200485438,4.17699574178173
"9140473","2020-07-23",18.8854551254884,0.384615384615385,0.447477253928872,0.477805348773095,1.5998294500042,1.23499388332914,1.41741166666667,0.635006025999291,55.0670845942742,1.37109600000001,1.42990013826195,3.93359532480178,4.12831565838574
"9140472","2020-07-24",19.4463643251562,0,0.307692307692312,0.397573752412467,1.59605889498846,1.2513677716782,1.42371333333333,0.468048688844763,49.2725495575614,1.37509600000001,1.42191345316036,3.25345044506462,3.95334261572151
"9140471","2020-07-27",20.367465967984,0,0.128205128205132,0.294458229942105,1.58688191627969,1.27088141705364,1.42888166666667,0.292674378171992,46.2759514539617,1.37589600000001,1.40965832607231,2.45736494609452,3.65414708179612
"9140470","2020-07-28",21.2227746363242,0.0370370370370372,0.0123456790123497,0.149414371636598,1.58339493366772,1.27903506633228,1.431215,0.255065166817232,47.1414442358985,1.37709600000001,1.40037054926267,1.86018687088061,3.29535503961301
"9140469","2020-07-29",21.2467660444565,0.0370370370370372,0.0246913580246955,0.0550807217473922,1.57967425522239,1.28808907811095,1.43388166666667,0.280915932354639,47.1414442358985,1.37829600000001,1.39232114269431,1.36975048377055,2.91023412844452
"9140468","2020-07-30",21.2690437805793,0.0370370370370372,0.0370370370370412,0.0246913580246951,1.5756598578246,1.29687680884207,1.43626833333333,0.238380793716874,47.1414442358985,1.38189600000001,1.38534499033507,0.968817195506189,2.52195074185685
"9140467","2020-07-31",21.3551402986407,0.0185185185185182,0.0308641975308682,0.0308641975308679,1.57608429099595,1.29578570900405,1.435935,0.205308296318615,46.6719024195401,1.38489600000001,1.37863232495706,0.613818190525306,2.14032423159055
"9140466","2020-08-03",20.6356235264443,0,0.0185185185185225,0.0288065843621436,1.57640683304126,1.29479650029207,1.43560166666667,0.243374709912729,46.1765914485996,1.38889600000001,1.37214801496279,0.298683581753401,1.77199610162312
"9140465","2020-08-04",19.594705027816,0.148148148148149,0.0555555555555597,0.0349794238683164,1.57638448543023,1.2938188479031,1.43510166666667,0.363978506599864,50.6855030550405,1.39209600000001,1.37186161296775,0.281055289553844,1.47380793920926
"9140464","2020-08-05",18.6281378505183,0.296296296296297,0.148148148148152,0.0740740740740778,1.57664336810438,1.29455996522896,1.43560166666667,0.456508134798868,54.7663201272631,1.39649600000001,1.37694673123872,0.496582674167234,1.27836288620086
"9140463","2020-08-06",17.7713760975373,0.25925925925926,0.234567901234572,0.146090534979428,1.57703458759982,1.29516207906685,1.43609833333333,0.490190600657043,53.5727682496663,1.40089600000001,1.38002050040689,0.601020500118854,1.14289440898446
"9140462","2020-08-07",16.9758116126264,0.514800514800517,0.356785356785362,0.246500468722695,1.57967097564565,1.29852569102102,1.43909833333333,0.586200983354054,58.4487947066521,1.40529600000001,1.38935110035264,0.963448988399107,1.10700532486739
"9140461","2020-08-10",17.3223411694651,0.478260869565219,0.417440214541669,0.336264490853867,1.58352543320367,1.30100456679633,1.442265,0.633565355649136,57.1558829597896,1.40929600000001,1.39610428697228,1.17649774690862,1.12090380927563
"9140460","2020-08-11",17.7804980725055,0.833333333333336,0.608798239233028,0.461007936853352,1.59508533347561,1.29911133319105,1.44709833333333,0.825146803122826,64.7198687799244,1.41489600000001,1.41395704870931,1.83758416577915,1.26423988057634
"9140459","2020-08-12",18.4781737497578,0.765000000000002,0.692198067632856,0.572812173802517,1.59157440658993,1.30088226007674,1.44622833333333,0.854458607049632,64.5698229384033,1.42005200000001,1.42928277554807,2.3187528901131,1.47514248248369
"9140458","2020-08-13",19.8454527911955,0.625000000000002,0.741111111111117,0.680702472659,1.59123465667201,1.30106867666133,1.44615166666667,0.926818930767748,64.6580621010758,1.42564800000001,1.44271173880833,2.66799541010134,1.71371306800722
"9140457","2020-08-14",19.4793617966063,0.375000000000001,0.588333333333339,0.673880837359104,1.58034534036317,1.3062913263035,1.44331833333333,0.767641886527376,54.1044113699488,1.42844800000001,1.44368350696722,2.46652295811944,1.86427504602966
"9140456","2020-08-17",19.2728779523401,0.848484848484851,0.616161616161622,0.648535353535359,1.60985758395881,1.29277908270785,1.45131833333333,1.05301236962309,66.0424109758889,1.43684800000001,1.46585903937159,3.15454957047865,2.12232995091946
"9140455","2020-08-18",19.4749898500214,0.77777777777778,0.667087542087548,0.623860830527503,1.63771701304952,1.28181632028381,1.45976666666667,0.997048765556782,66.0424109758889,1.44484800000001,1.48507783412204,3.64308871944878,2.42648170462533
"9140454","2020-08-19",23.5654739969546,0.253259259259259,0.626507295173968,0.636585484474379,1.78284184532759,1.18681815467241,1.48483,1.37765527031033,69.5913445222568,1.44972400000001,1.5099874562391,4.29892705349411,2.80097077439908
"9140453","2020-08-20",27.3637807048211,0.533333333333333,0.521456790123461,0.605017209128325,1.95481812141777,1.08884187858223,1.52183,1.29082615987737,81.9798705488392,1.46943200000001,1.58198912874056,6.66360925597214,3.57349847071369
"9140452","2020-08-21",31.051115424608,0.717557251908397,0.501383281500334,0.549782455599254,2.15324435410594,0.9914789792274,1.57236166666667,1.23248151913258,86.1564536907948,1.49943200000001,1.67905724490848,9.53877716142411,4.76655420885578
"9140451","2020-08-24",34.3756770900668,0.70328125,0.651390611747248,0.558076894457014,2.28950153580712,0.95556513085955,1.62253333333333,1.05794763821287,85.353442353415,1.53544000000001,1.76187627892069,11.4329437731213,6.09983212170888
"9140450","2020-08-25",36.6493519134623,0.640625000000001,0.687154500636137,0.613309464627906,2.38694154964657,0.9527151170201,1.66982833333333,0.94117045881982,78.8745090747665,1.56744000000001,1.82295944173126,12.3041552766523,7.34069675269756
"9140449","2020-08-26",35.607565883572,0.290322580645162,0.544742943548391,0.627762685310592,2.41321269255718,0.985443974109486,1.69932833333333,0.682572753765101,55.2305026920041,1.58024000000001,1.81989818283376,11.0039939318902,8.07335618853609
"9140448","2020-08-27",34.7878119390493,0.370967741935484,0.433971774193552,0.55528973945936,2.44427699448316,1.02204633885018,1.73316166666667,0.715744423816241,58.426021505595,1.59864000000001,1.83057842512259,10.2919749731024,8.51707994544935
"9140447","2020-08-28",34.0266118477068,0.504065040650407,0.388451787743688,0.45572216849521,2.48022080185312,1.06343586481355,1.77182833333333,0.750453208568677,63.2308349852228,1.62664000000001,1.86250130177291,10.3330882595833,8.88028160827614
"9140446","2020-08-31",32.8681897181112,0.447317073170732,0.440783285252211,0.42106894906315,2.49762826374768,1.11404173625232,1.805835,0.671750491887803,60.1566515016821,1.65344800000001,1.88086112820319,9.93464510183797,9.09115430698851
"9140445","2020-09-01",32.2596113056934,0.51219512195122,0.48785907859079,0.439031383862229,2.52172534762268,1.16361131904399,1.84266833333333,0.714021057056741,62.4069522104146,1.68304800000001,1.9074129777761,9.82987947164644,9.23889933992009
"9140444","2020-09-02",31.897071263278,0.552845528455285,0.504119241192416,0.477587201678472,2.54653963370267,1.21479703296399,1.88066833333333,0.72726989422139,63.7870211275339,1.71464800000001,1.93709124740595,9.82247860843932,9.35561519362394
"9140443","2020-09-03",31.3455814014015,0.457943925233645,0.507661525213387,0.499879948332197,2.55935652262543,1.27398014404124,1.91666833333333,0.684121167887556,62.3090022916972,1.74504800000001,1.95881241441849,9.5654907772386,9.39759031034687
"9140442","2020-09-04",29.8912682552908,0.327102803738318,0.445964085809086,0.485914950738296,2.55538171166812,1.33591495499854,1.94564833333333,0.579776672441395,55.8099404268335,1.77004800000001,1.95897075916269,8.68472257136659,9.25501676255082
"9140441","2020-09-08",28.1142354950003,0.216744370598155,0.333930366523376,0.429185325848616,2.54001931780209,1.39763401553125,1.96882666666667,0.477888370981499,52.858200208919,1.79246400000001,1.94982799127433,7.61555752076888,8.92712491419443
"9140440","2020-09-09",26.4616362468118,0.105882352941176,0.216576509092553,0.332156987141672,2.52591681034927,1.45140318965074,1.98866,0.454714394436091,52.8409031509569,1.81326400000001,1.94185092577109,6.69108955058553,8.47991784147265
"9140439","2020-09-10",24.9270798020654,0.117647058823529,0.146757927454291,0.232421601023407,2.50717327932019,1.50921672067982,2.008195,0.431631960587253,53.2527545885887,1.83286400000001,1.93627080233494,5.93279404421017,7.97049308202015
"9140438","2020-09-11",23.9892882793011,0.249285714285714,0.15760504201681,0.173646492854551,2.48723637989968,1.57378695343366,2.03051166666667,0.484478250330521,56.3137378234054,1.85584400000001,1.94136802869029,5.57772515342561,7.49193949630124
"9140437","2020-09-14",23.9151054164924,0.434326793470121,0.267086522193125,0.190483163888075,2.45479380258827,1.66889619741173,2.061845,0.60368823215211,60.619021955959,1.88144400000001,1.96118562486491,5.70445086512363,7.13444177006572
"9140436","2020-09-15",24.3042566824924,0.816181818181818,0.499931441979222,0.308207668729719,2.44389342932825,1.74538990400509,2.09464166666667,0.769087164945048,65.6364540061288,1.91380000000001,1.99954754154959,6.3630603293322,6.98016548191902
"9140435","2020-09-16",25.0806302649047,0.642857142857143,0.631121918169698,0.466046627447348,2.42064097098471,1.83664236234862,2.12864166666667,0.82196138350248,65.6690627547707,1.94260000000001,2.03294120267631,6.78382878968786,6.94089814347279
"9140434","2020-09-17",24.4106047351977,0.303571428571429,0.5875367965368,0.572863385561907,2.42315076794094,1.84933923205907,2.136245,0.541398610021826,55.8165935139356,1.96384400000001,2.03654904231947,6.28199085409398,6.80911668559703
"9140433","2020-09-18",23.7215034037978,0.285714285714286,0.41071428571429,0.543124333473596,2.4163928971152,1.8455971028848,2.130995,0.44861851886474,55.3459401992762,1.98464400000001,2.03834250334354,5.77795621413466,6.60288459130455
"9140432","2020-09-21",23.5018540793122,0.285714285714286,0.29166666666667,0.429972582972587,2.36831915263259,1.86433751403408,2.11632833333333,0.527127311035941,55.3459401992762,2.00864400000001,2.03989683623107,5.31720462405183,6.34574859785401
"9140431","2020-09-22",23.2978939922899,0.464285714285714,0.345238095238099,0.349206349206353,2.33575489789897,1.87988843543436,2.10782166666667,0.69489259973121,59.3237838308705,2.03024400000001,2.05457725806693,5.28340713058166,6.13328030439954
"9140430","2020-09-23",23.2081413222608,0.569642857142857,0.439880952380956,0.358928571428575,2.32378678425907,1.88583321574093,2.10481,0.814013501017137,61.5027626899495,2.05420400000001,2.07516695699134,5.41789861625999,5.99020396677163
"9140429","2020-09-24",22.414745937794,0.410714285714286,0.481547619047623,0.422222222222226,2.32599505136927,1.9051316152974,2.11556333333334,0.641383946034149,56.5790698525293,2.07212800000001,2.08114469605916,5.11479816812814,5.81512280704293
"9140428","2020-09-25",22.0549441197839,0.571428571428572,0.517261904761909,0.479563492063496,2.3423877085591,1.91040562477424,2.12639666666667,0.801563432581792,60.0610785084294,2.07852800000001,2.09832540325127,5.15946268613736,5.68399078286182
"9140427","2020-09-28",21.173523949699,0.446428571428572,0.47619047619048,0.491666666666671,2.35002113363036,1.91143886636964,2.13073,0.688341708043172,56.2807396196073,2.07172800000001,2.1038820161511,4.86613419214574,5.5204194647186
"9140426","2020-09-29",23.7247142905461,0.27103768714507,0.429631610000742,0.47436133031771,2.48946207399441,1.83730459267226,2.16338333333334,1.31751726426433,62.7699311830876,2.07252000000001,2.13269774733096,5.25376744513328,5.46708906080154
"9140425","2020-09-30",26.0936767499042,0.627415090502339,0.448293783025331,0.451371956405517,2.6964555395615,1.71731112710517,2.20688333333334,1.31341423171888,75.4266729877945,2.09972000000001,2.23500471435349,7.57087389133388,5.88784602690801
"9140424","2020-10-01",29.0772749640911,0.56369785794814,0.48738354519852,0.455102979408197,2.94825377427523,1.57797955905811,2.26311666666667,1.26253593750049,77.552124829396,2.14972000000001,2.3436707524397,9.67119045182889,6.64451491189219
"9140423","2020-10-02",31.0951528554559,0.479143179255919,0.556752042568803,0.497476456930884,3.08382917292303,1.53707082707697,2.31045,1.01045465642412,70.9438688022947,2.18972000000001,2.41784798544774,10.5854722687871,7.43270638327116
"9140422","2020-10-05",33.3318932764323,0.727170236753101,0.590003757985723,0.544713115251015,3.30090698377273,1.46503301622727,2.38297,1.10481457494485,77.1063353752103,2.24052000000001,2.54080158738804,12.4781574435815,8.44179659533322
"9140421","2020-10-06",34.1686847461527,0.569334836527622,0.591882750845551,0.579546183800026,3.40378880904344,1.48679452428989,2.44529166666667,0.888477075417609,67.3213605756208,2.28291200000001,2.61002804240297,12.8390371880428,9.32124471387514
"9140420","2020-10-07",34.9457053966074,0.591882750845547,0.629462608042093,0.603783038957789,3.48472627557313,1.52852372442688,2.506625,0.837409674821203,67.9471425427188,2.32371200000001,2.67535763674924,13.0400630401136,10.0650083791228
"9140419","2020-10-08",35.4432479302092,0.563754227733935,0.574990605035705,0.598778654641116,3.54116935005205,1.58942398328129,2.56529666666667,0.78082727525066,66.2429296495118,2.36051600000001,2.72532328518267,12.8625255633715,10.6245118159726
"9140418","2020-10-09",36.0182392945677,0.570774647887324,0.575470542155606,0.593307918411135,3.59728881875811,1.64784451457522,2.62256666666667,0.776574542555427,67.0020534904856,2.40022000000001,2.77429351382498,12.6694682165004,11.0335030960781
"9140417","2020-10-12",36.2009257482457,0.528169014084507,0.554232629901926,0.568231259031079,3.63977299544596,1.70069033788738,2.67023166666667,0.719898654141711,64.340326451476,2.44262000000001,2.80705437864832,12.1477857237082,11.2563596216041
"9140416","2020-10-13",35.3344457542444,0.393192488262911,0.497378716744918,0.542360629600817,3.65931882670343,1.74371783996324,2.70151833333333,0.607963506717513,56.660806800589,2.47860400000001,2.80478046149521,10.9512988982535,11.195347476934
"9140415","2020-10-14",34.5298571883861,0.421615201900238,0.447658901415889,0.499756749354244,3.67793265167858,1.78643734832142,2.732185,0.604581280032206,58.0669054999082,2.51700400000001,2.81080973329585,10.0594295842123,10.9681638983897
"9140414","2020-10-15",33.2548535329933,0.350356294536817,0.388387994899992,0.4444752043536,3.67330170233096,1.85573496433571,2.76451833333333,0.523189428180129,54.2742491996398,2.55020400000001,2.80003510218974,8.90957609977483,10.5564463386667
"9140413","2020-10-16",32.4853126979657,0.332446808510638,0.368139434982568,0.40139544376615,3.66292093576321,1.94728239757012,2.80510166666667,0.563085355252427,56.565615010075,2.58402400000001,2.80269708856444,8.1636859769888,10.0778942663311
"9140412","2020-10-19",31.454584339628,0.0182815356489945,0.233694879565487,0.330074103149349,3.64005506016323,2.0401482731701,2.84010166666667,0.493686090496777,54.2870066166883,2.61042400000001,2.79567081008918,7.28870026057122,9.52005546517914
"9140411","2020-10-20",30.0115032792504,0,0.116909448053215,0.239581254200423,3.61270692605537,2.11916307394463,2.865935,0.39782578767205,50.8224168226143,2.62606800000001,2.77491470207729,6.2076551796711,8.85757540807753
"9140410","2020-10-21",28.6714994374711,0.00862068965517223,0.00896740843472599,0.119857245351143,3.58398708242185,2.19564958424482,2.88981833333333,0.377682239688609,51.1277753363771,2.64206800000001,2.75825940846698,5.31911848506939,8.1498840234759
"9140409","2020-10-22",26.7634336693675,0,0.00287356321839447,0.0429168065687784,3.53898773005525,2.28380893661142,2.91139833333333,0.25722051052936,46.4669487026289,2.65966800000001,2.72382482067139,4.12526590539948,7.34496039986062
"9140408","2020-10-23",24.9916583132712,0.105263157894737,0.0379612825166401,0.0166007513899202,3.49802359570336,2.36210640429664,2.930065,0.235839018662619,49.7553819205097,2.68166800000001,2.70731484458187,3.43416653758628,6.56280162740575
"9140407","2020-10-26",23.7487148186895,0,0.0350877192982494,0.0253075216777613,3.44993447111731,2.43920886221602,2.94457166666667,0.0635759140608864,44.9930751128392,2.69726800000001,2.67167286530429,2.37618923426963,5.72547914877853
"9140406","2020-10-27",22.5945530022922,0,0.0350877192982494,0.0360455737043796,3.46873304503412,2.39842362163254,2.93357833333333,0.0731032011149224,44.9930751128392,2.70886800000001,2.64078314993038,1.51369521398903,4.88312236182063
"9140405","2020-10-28",21.6973322448655,0,3.72849899103282e-15,0.0233918128655008,3.47853105097382,2.33429228235951,2.90641166666667,0.109861438965857,43.7781647580403,2.71650800000001,2.60867872993966,0.692668035344735,4.04503149652545
"9140404","2020-10-29",20.7538869601846,0.117660901282504,0.0392203004275051,0.0247693399085861,3.43061914382963,2.30473752283704,2.86767833333333,0.203037163263007,47.5883908174842,2.73170800000001,2.59418823261437,0.345158854764827,3.30505696817333
"9140403","2020-10-30",19.5956681880059,0.147651006711409,0.0884373026646415,0.0425525343640501,3.40840357980781,2.27261975352552,2.84051166666667,0.250088887135242,47.9681425275197,2.74370800000001,2.58296313493246,0.0989287029949049,2.66383131513764
"9140402","2020-11-02",18.9705339125048,0.285714285714286,0.183675397902737,0.103777666998295,3.28546695088795,2.31522304911205,2.800345,0.386270864678429,51.3823756460601,2.76210800000001,2.58523471694146,0.183834390617243,2.16783193023356
"9140401","2020-11-03",18.8967102837316,0.514285714285714,0.315883668903807,0.195998789823729,3.23433363517067,2.331023031496,2.78267833333333,0.559767186517802,56.808439416002,2.77970800000001,2.6085367546826,0.740892903987911,1.88244412498443
"9140400","2020-11-04",18.3200491424284,0.385857142857143,0.395285714285718,0.298281593697421,3.17634894423058,2.34334772243609,2.75984833333333,0.440238182893146,53.2146954467658,2.77051200000001,2.61674518739159,0.889966948735887,1.68394868973472
"9140399","2020-11-05",18.6237505984341,0.416666666666667,0.438936507936512,0.383368630375346,3.12628251048713,2.35874082284621,2.74251166666667,0.531470603341742,52.4162934209454,2.75451200000001,2.62117916240604,0.93456281717974,1.53407151522373
"9140398","2020-11-06",18.9057590932965,0.500000000000001,0.434174603174607,0.422798941798946,3.05680648551481,2.39037684781853,2.72359166666667,0.589644372469959,54.254918115666,2.74651200000001,2.63168860741857,1.11041259348819,1.44933973087662
"9140397","2020-11-09",19.1043839434528,0.483333333333334,0.466666666666671,0.446592592592597,2.99340880757883,2.41977785908784,2.70659333333333,0.587291896410151,53.8071128575877,2.72051200000001,2.63946345976276,1.20408140369919,1.40028806544113
"9140396","2020-11-10",19.654819050768,0.6,0.527777777777782,0.476206349206354,2.98083553873965,2.42485112792702,2.70284333333333,0.734700825171111,56.5128977599143,2.70851200000001,2.65553499846106,1.47360782635173,1.41495201762325
"9140395","2020-11-11",20.7479036633374,0.702702702702703,0.595345345345349,0.529929929929934,2.99548610079821,2.4165338992018,2.70601,0.996281614511632,61.9929968869996,2.70131200000001,2.69079699866625,2.14095960667773,1.56015353543415
"9140394","2020-11-12",23.9720744137676,0.369230769230769,0.557311157311161,0.560144760144764,3.20296930216916,2.28138403116418,2.74217666666667,1.35485668892496,67.5053225966,2.70410800000001,2.74802406551075,3.20990250295576,1.89010332893847
"9140393","2020-11-13",26.9659472534528,0.569230769230769,0.547054747054751,0.566570416570421,3.43282700283431,2.1391929971657,2.78601,1.27610050106953,75.0917024525538,2.72080400000001,2.84962085677599,5.07785620628411,2.5276539044076
"9140392","2020-11-16",29.7459720331604,0.666666666666667,0.535042735042739,0.546469546469551,3.64348335128105,2.03386998205228,2.83867666666667,1.14901092811325,77.8097565642375,2.74800400000001,2.96300474253919,6.91377470122441,3.40487806377096
"9140391","2020-11-17",32.3274236143175,0.702702702702703,0.64620004620005,0.57609917609918,3.81778758180549,1.97623241819452,2.89701,1.03378254391931,79.1022957391043,2.78840400000001,3.07460411020063,8.43790305482635,4.41148306198204
"9140390","2020-11-18",33.6950515850432,0.603260869565218,0.6575434129782,0.612928731406996,3.93107712890866,1.96327620442468,2.94717666666667,0.89442844904151,71.0768857623134,2.81920400000001,3.14732356217388,9.00537386935969,5.33026122345757
"9140389","2020-11-19",35.0866803666788,0.6,0.635321190755977,0.646354883311409,4.03751744354221,1.97283588979113,3.00517666666667,0.868817166316293,71.5941580812119,2.85600400000001,3.21434708721736,9.38315403410377,6.14083978558681
"9140388","2020-11-20",36.4146490818434,0.629411764705883,0.610890878090371,0.634585160608183,4.13994518488278,1.98940814845056,3.06467666666667,0.851225447661402,72.8158223014477,2.89200400000001,3.28176747558838,9.70799327168061,6.85427048280557
"9140387","2020-11-23",38.0044938339764,0.672352941176471,0.633921568627455,0.626711212491268,4.24340765412147,2.02946567921186,3.13643666666667,0.862353670101382,74.0683403842042,2.93372400000001,3.3499318121766,9.99166934568223,7.4817502553809
"9140386","2020-11-24",39.4807782466713,0.688235294117647,0.663333333333338,0.636048593350388,4.32110379330029,2.09543620669971,3.20827,0.816787348469331,74.5356724738248,2.98092400000001,3.41260757055305,10.1312800252934,8.01165620936341
"9140385","2020-11-25",40.2751411731985,0.626506024096386,0.662364753130172,0.653206551696988,4.36736438412728,2.18750894920606,3.27743666666667,0.759602842280739,70.0067132765174,3.02412400000001,3.45492656114598,9.89593175816898,8.38851131912452
"9140384","2020-11-27",41.6896218627161,0.689265536723164,0.66800228497907,0.66456679048086,4.44447566931482,2.26639766401851,3.35543666666667,0.838783397505674,73.477750486617,3.08052400000001,3.51560301965985,9.98879885635002,8.70856882656962
"9140383","2020-11-30",43.9096928506278,0.596899224806202,0.637556928541921,0.655974655550388,4.62104528746357,2.29882804586976,3.45993666666667,1.01103315346393,79.116832055001,3.14852400000001,3.6201892837052,10.7732490438401,9.12150487002372
"9140382","2020-12-01",46.2387697326677,0.756183745583039,0.680782835704139,0.662114016408377,4.94339117124211,2.23648216209123,3.58993666666667,1.12804598439998,85.5599941567396,3.25332400000001,3.81216404587784,12.7773546622026,9.85267482845948
"9140381","2020-12-02",48.1777151583108,0.718631178707224,0.690571383032159,0.66963704909274,5.1732604907358,2.2382795092642,3.70577,0.993210464555557,83.7296900440434,3.35612400000001,3.97187550642746,13.9356564910998,10.6692711609875
"9140380","2020-12-03",50.0137493634173,0.758928571428571,0.744581165239615,0.705311794658638,5.38411341052713,2.28674992280621,3.83543166666667,0.973908967789057,85.102500457309,3.46852400000001,4.13695877223713,14.9457151827518,11.5245599653404
"9140379","2020-12-04",50.9646196074963,0.671361502347418,0.716307084161075,0.71715321081095,5.52603688242481,2.38482645090853,3.95543166666667,0.885594988431046,79.3354135190016,3.57052400000001,4.25869760260552,15.1669587288252,12.2530397180374
"9140378","2020-12-07",52.4237124841707,0.65587044534413,0.69538683970671,0.7187583630358,5.70755549177524,2.4773078415581,4.09243166666667,0.942969648649224,80.983440879011,3.67972400000001,4.38953792225811,15.44115447127,12.8906626686839
"9140377","2020-12-08",53.7785844410826,0.720647773279352,0.68262657365697,0.698106832508252,5.85420323402835,2.61466009930498,4.23443166666667,0.920502195324626,82.2660497773268,3.79172400000001,4.52426619929036,15.6869885076313,13.4499278364734
"9140376","2020-12-09",53.851318302465,0.598360655737705,0.6582929581204,0.678768790494694,5.91070168807105,2.80749497859562,4.35909833333334,0.811796288136052,72.6955846925638,3.88572400000001,4.60236403938498,15.1517063368798,13.7902835365547
"9140375","2020-12-10",54.0630415243291,0.588607594936709,0.635872007984593,0.658930513253988,5.95576564718762,3.00043101947905,4.47809833333334,0.80292170355481,72.7544371866795,3.98352000000001,4.67071550080032,14.5446763485365,13.941162098951
"9140374","2020-12-11",54.2596416589171,0.610169491525424,0.599045914066616,0.631070293390536,6.02655166263711,3.11197833736289,4.569265,0.769016506304422,73.4327895098956,4.08432000000001,4.73728676736028,13.9755013542337,13.9480299500076
"9140373","2020-12-14",53.931146530049,0.559322033898305,0.586033040120149,0.60698365405712,6.07442910807266,3.20410089192734,4.639265,0.691871785568691,69.3743268446776,4.17832000000001,4.77898186504557,13.1584401520098,13.790111990408
"9140372","2020-12-15",53.6261153389571,0.593220338983051,0.58757062146893,0.590883191885232,6.11334377081585,3.29451956251749,4.70393166666667,0.667706449592816,70.5431563415463,4.27592000000001,4.8257842830395,12.4909020888784,13.5302700101021
"9140371","2020-12-16",53.57983686783,0.568807339449541,0.573783237443636,0.582462299677572,6.14697063826852,3.39722602839815,4.77209833333333,0.671374097182871,70.8427528378289,4.37152000000001,4.8690130453009,11.8487964187531,13.1939752918323
"9140370","2020-12-17",53.0285012804149,0.41340782122905,0.525145166553884,0.56216634182215,6.13835557993641,3.54784108673026,4.84309833333334,0.61589782677819,66.8175441403422,4.45632000000001,4.89181130592744,11.0269817008418,12.7605765736342
"9140369","2020-12-18",51.4898729868563,0,0.327405053559534,0.475444485852351,6.09891555725189,3.70394777608145,4.90143166666667,0.513320290534795,58.9477488114642,4.52352000000001,4.87956979847045,9.86966575902524,12.1823944107124
"9140368","2020-12-21",51.2051831425144,0.155038759689922,0.189482193639661,0.347344137917693,6.07504019288161,3.87548980711839,4.975265,0.646121529539385,62.872172622079,4.58312000000001,4.89562715867439,9.1761405961565,11.5811436478012
"9140367","2020-12-22",51.3761757581505,0.558620689655172,0.237886483115035,0.251591243438077,6.11969952791464,4.01929713875203,5.06949833333334,0.858900277341875,71.7443272022324,4.65952000000001,4.99087687085114,9.49886835893237,11.1646885900274
"9140366","2020-12-23",50.1966743179058,0.282758620689655,0.332139356678254,0.25316934447765,6.06106555825915,4.22959777507419,5.14533166666667,0.655431799536373,61.38550790844,4.71592000000001,5.02009328807099,8.98937168977236,10.7296252099764
"9140365","2020-12-24",49.1014229805356,0.593103448275862,0.478160919540233,0.349395586444507,5.96466465974878,4.51213534025123,5.2384,0.821026222149717,67.1345949583881,4.79752,5.10541418299486,9.18312540704256,10.4203252493897
"9140364","2020-12-28",47.2167037777485,0.400068965517241,0.42531034482759,0.411870207015359,5.81820377681766,4.79960288984901,5.30890333333334,0.690944921759772,61.0464620440977,4.866724,5.14203895859554,8.77948208360861,10.0921566162334
"9140363","2020-12-29",45.1444401682073,0.324137931034482,0.439103448275865,0.447524904214563,5.75375389494886,4.93605277171781,5.34490333333334,0.526615266525909,58.7880864078124,4.92872400000001,5.1591004307828,8.18939211306693,9.71160371560015
"9140362","2020-12-30",43.3030211927331,0.36551724137931,0.363241379310348,0.409218390804601,5.76068906286712,4.94211760379955,5.35140333333334,0.583800462264838,59.663833919092,4.990204,5.18188704001176,7.72397375438905,9.31407772335793
"9140361","2020-12-31",41.4022536372765,0.324137931034482,0.337931034482762,0.380091954022992,5.76064462899953,4.96249537100047,5.36157,0.493856621071567,58.3290056741843,5.04820400000001,5.19363543467686,7.17742164022861,8.88674650673206
"9140360","2021-01-04",38.4830446027216,0.0482758620689657,0.245977011494256,0.315716475095789,5.77019423671471,4.92744909661863,5.34882166666667,0.143441036872573,50.2566355541325,5.093804,5.15048404338661,6.053487071833,8.32009461975225
"9140359","2021-01-05",35.8376983873569,0.198620689655172,0.19034482758621,0.258084291187743,5.76917903555183,4.93199429778151,5.35058666666667,0.322476457949027,53.9935758375371,5.14092400000001,5.14215283760173,5.44203599774917,7.74448289535164
"9140358","2021-01-06",34.3058954907639,0.393103448275862,0.213333333333337,0.216551724137935,5.76830519369943,4.93220147296724,5.35025333333333,0.699034317402152,58.3522085689249,5.18372400000001,5.17253245925484,5.33694358873142,7.26297503402759
"9140357","2021-01-07",34.0298506363272,0.472515337423313,0.354746491784786,0.252808217568111,5.82506587196113,4.90145412803887,5.36326,1.03435873162906,61.1651040226168,5.204132,5.22555479802086,5.49521040301415,6.9094221078249
"9140356","2021-01-08",34.1406183218062,0.685333333333333,0.516984039677506,0.361687954931876,6.02139574692111,4.80062425307889,5.41101,1.21320199649025,67.2840936865023,5.24713200000001,5.34014749161808,6.31710749383474,6.79095918502687
"9140355","2021-01-11",34.1346305724982,0.653739612188365,0.603862760981674,0.491864430814655,6.14794558212116,4.75507441787884,5.45151,1.02540633485755,66.5167275365143,5.28073200000001,5.43479449273567,6.80508468206313,6.79378428443412
"9140354","2021-01-12",34.1290705195692,0.692520775623268,0.677197907048326,0.599348235902502,6.26377831906111,4.72524168093889,5.49451,0.967212359798368,67.3195020483215,5.32353200000001,5.52615522703758,7.18702438104828,6.87243230375696
"9140353","2021-01-13",34.35653142815,0.764542936288088,0.703601108033244,0.661553925354415,6.39199621037661,4.71267378962339,5.552335,0.972907995621113,68.8148541107108,5.36393200000001,5.62266786343257,7.56604699130803,7.01115524126717
"9140352","2021-01-14",34.9438273949059,0.617801047120418,0.691621586343929,0.690806867141833,6.48802733932994,4.72830932733673,5.60816833333334,0.889360679001018,63.9656243818153,5.38993200000001,5.67964548164156,7.47696220585654,7.10431663418505
"9140351","2021-01-15",32.5000209979099,0.0104712041884814,0.464271729199,0.619831474525391,6.48750745200777,4.73049588132557,5.60900166666667,0.301366324223373,44.4158665507183,5.381132,5.57435941742268,5.68806654081364,6.82106661551077
"9140350","2021-01-19",30.2307722006994,0.11,0.246090750436304,0.467328021993077,6.48394890670632,4.74139442662702,5.61267166666667,0.272782809456082,47.2605823173328,5.379736,5.50845816176633,4.48474173496358,6.35380163940133
"9140349","2021-01-20",28.292523416902,0.225130890052356,0.115200698080283,0.275187725905195,6.45674742783707,4.8159292388296,5.63633833333334,0.360026133178353,50.4214728595267,5.38493600000001,5.48066374019748,3.80770034358131,5.84458138023733
"9140348","2021-01-21",26.4927209748044,0.225130890052356,0.186753926701574,0.182681791739387,6.45450341133971,4.82917325532696,5.64183833333334,0.355308371781159,50.4214728595267,5.394936,5.45657524150449,3.23392678479166,5.32245046114819
"9140347","2021-01-22",25.0041518032236,0.303664921465968,0.251308900523564,0.184421175101807,6.43687530531862,4.81780136134805,5.62733833333334,0.44193903227825,52.665792121994,5.407736,5.45569854263722,2.96742729728898,4.85144582837635
"9140346","2021-01-25",23.7533710704554,0.0846560846560847,0.204483965391473,0.214182264205537,6.44244549736069,4.78956450263932,5.616005,0.250331894440935,46.6068823556304,5.403736,5.40160540361893,2.13637913225151,4.30843248915138
"9140345","2021-01-26",22.5919318185993,0.105820105820106,0.164713703980723,0.206835523298587,6.43531598345636,4.74655734987698,5.59093666666667,0.270480324644264,47.2602960541947,5.40573600000001,5.36005801646974,1.51717347496625,3.75018068631436
"9140344","2021-01-27",21.9686829737678,0,0.0634920634920673,0.144229910954755,6.44746806447008,4.68505860219659,5.56626333333333,0.184335557707263,44.2687830787288,5.409132,5.29670361427377,0.703559477494076,3.1408564445503
"9140343","2021-01-28",21.3899519035671,0.0396285156456123,0.0484828738219099,0.0922295470982333,6.45705596721734,4.64280403278266,5.54993,0.218930987300342,45.6259860669738,5.407532,5.25180979903727,0.166559640858055,2.54599708381185
"9140342","2021-01-29",21.189020358846,0,0.0132095052152079,0.0417281475097282,6.46913262563075,4.58416070770259,5.52664666666667,0.196380976347709,43.3765557428991,5.375592,5.1931018258323,-0.487990353746393,1.9391995963002
"9140341","2021-02-01",20.0222289546692,0.127203454406909,0.0556106566841775,0.0391010119070982,6.4689512604886,4.57180207284474,5.52037666666667,0.3476081892331,48.0293218381607,5.369668,5.17560824905466,-0.612339933331008,1.42889169037396
"9140340","2021-02-02",19.4747946683248,0.380238760477521,0.16914740496148,0.079322522286955,6.48207269974767,4.627513966919,5.55479333333334,0.598068252093547,55.8082999123745,5.365668,5.22686048251404,0.0644406491465244,1.15600148212847
"9140339","2021-02-03",19.8914697508166,0.588519177038354,0.365320463974265,0.196692841873307,6.55425319139774,4.65313680860227,5.603695,0.803140304936291,60.9849449437313,5.389264,5.32594575151217,1.20615460497899,1.16603210669858
"9140338","2021-02-04",20.3603358433308,0.761544737557791,0.576767558357892,0.370411809097879,6.65008240092351,4.64141426574316,5.64574833333334,0.85445626260013,63.684530502383,5.426928,5.44403298464388,2.42124412937745,1.41707451123435
"9140337","2021-02-05",20.8130345656811,0.805247497971327,0.718437137522494,0.553508386618217,6.73055375370333,4.61726291296334,5.67390833333334,0.853047319509231,64.6483907709446,5.465728,5.55816192002469,3.44411383021057,1.8224823750296
"9140336","2021-02-08",22.1148361582897,0.739507959479015,0.768766731669382,0.687990475849923,6.83961205774464,4.56103794225536,5.700325,0.98700412791344,67.7743136830686,5.518928,5.6970736640214,4.59875678687161,2.377737257398
"9140335","2021-02-09",23.4317011463613,0.883930358214928,0.809561938555094,0.765588602582323,7.02910290293545,4.46488043039789,5.74699166666667,1.03414827093554,71.5651323151724,5.604928,5.87346384215188,5.98112735240783,3.09841527639997
"9140334","2021-02-10",24.2524322174168,0.820799684853259,0.814746000849071,0.797691557024515,7.17835027803494,4.3989730552984,5.78866166666667,0.95264516682913,68.9669496524809,5.677212,6.00968199653163,6.77577413701551,3.83388704852308
"9140333","2021-02-11",24.3481953353985,0.736064605081741,0.81359821604998,0.812635385151382,7.26401426484664,4.3656590684867,5.81483666666667,0.864055908212533,64.6161232481905,5.729612,6.09905773032741,7.00974266719778,4.46905817225802
"9140332","2021-02-12",23.9663204077208,0.673035257041559,0.74329984899219,0.790548021963747,7.32774561971284,4.34626104695383,5.83700333333333,0.801750121920235,61.5078067442799,5.767604,6.15518336628376,6.8929003375674,4.95382660531989
"9140331","2021-02-16",23.6117222605915,0.76363994484932,0.724246602324211,0.760381555788793,7.45059787031995,4.38574212968005,5.91817,0.814913136215612,64.1756207413596,5.794204,6.23449225077926,7.00755860992495,5.3645730062409
"9140330","2021-02-17",22.1843082587054,0.610005909001379,0.68222703696409,0.716591162760163,7.51172720019758,4.46293946646909,5.98733333333333,0.700954189066292,56.9658872749257,5.806604,6.25122661734202,6.5147761191642,5.59461362882556
"9140329","2021-02-18",20.716414276745,0.588339570612566,0.653995141487759,0.686822926925353,7.55150999012203,4.52682334321131,6.03916666666667,0.633622657103824,56.0102363103291,5.814004,6.25839640169642,5.98432240701749,5.67255538446395
"9140328","2021-02-19",20.0669274050948,0.667846685022507,0.622064054878821,0.65276207777689,7.61743389596827,4.59356610403174,6.1055,0.707625920355221,59.7758690411317,5.827604,6.30261021480356,5.85969079046125,5.70998246566341
"9140327","2021-02-22",18.998528499334,0.480446927374301,0.578877727669796,0.618312308012125,7.65823869590109,4.65637797076558,6.15730833333333,0.637312055557827,56.6601873504965,5.842404,6.31826218616309,5.47803713124744,5.66359339878021
"9140326","2021-02-23",19.361524543652,0,0.382764537465607,0.527902106671408,7.63567627146432,4.72394039520235,6.17980833333333,0.319188613812089,42.1768058299882,5.862004,6.19316056134134,3.79647957110021,5.29017063324421
"9140325","2021-02-24",19.3792028037529,0.31979695431472,0.266747960563011,0.409463408566138,7.61158695954327,4.83936304045673,6.225475,0.460750525026424,50.4410959059175,5.8992,6.1687391531625,3.23909314889845,4.87995513637506
"9140324","2021-02-25",19.8531327259861,0.172588832487309,0.164128595600681,0.271213697876433,7.5501664792458,4.99079018742087,6.27047833333333,0.359153835844787,47.1037509560358,5.916,6.10890726607417,2.38808704234512,4.38158151756907
"9140323","2021-02-26",20.4004432582407,0.137055837563452,0.209813874788498,0.213563476984063,7.48010703491405,5.13751629841928,6.30881166666667,0.285645442809459,46.3073149070642,5.93,6.04771963059761,1.59844097716384,3.82495340948803
"9140322","2021-03-01",19.988700356989,0.269035532994924,0.192893401015232,0.188945290468137,7.3663977960068,5.36578887065987,6.36609333333333,0.366977167153986,49.7086447350855,5.9484,6.0293570131846,1.3034388517988,3.32065049795018
"9140321","2021-03-02",19.5814488314166,0.304568527918782,0.236886632825723,0.213197969543151,7.2745502964182,5.5495097035818,6.41203,0.348102125197438,50.6156962137416,5.9856,6.02277607809332,1.1503074869446,2.88658189574907
"9140320","2021-03-03",19.4142840376645,0.262032085561497,0.278545382158405,0.236108471999787,7.25291891515857,5.59847441817476,6.42569666666667,0.248739430410318,49.116544015659,6.0168,6.00240593434754,0.870959118558567,2.48345734031097
"9140319","2021-03-04",20.3489939096602,0,0.188866871160097,0.234766295381408,7.30621764840979,5.47817568492354,6.39219666666667,0.0174089630939147,41.1265016744087,6.029404,5.89541847643454,-0.260700491643984,1.93462577391998
"9140318","2021-03-05",21.5246109384779,0,0.087344028520503,0.184918760613001,7.39047103651771,5.27548229681562,6.33297666666667,-0.0482976393986248,38.7934852545966,6.029804,5.77202934624326,-1.47948051178299,1.25180451677938
"9140317","2021-03-08",21.9623922318034,0.139810426540284,0.0466034755134321,0.107604791731344,7.40844298686195,5.16051034647138,6.28447666666666,0.128780395073726,43.2409261973999,6.047944,5.70442543341083,-2.02494002631535,0.596455608160436
"9140316","2021-03-09",21.926099244326,0.273170731707317,0.137660386082538,0.0905359633721574,7.35404129399505,5.10224537267161,6.22814333333333,0.258055339366723,46.9687304938106,6.066668,5.68116870895605,-2.06163635197792,0.0648372161327642
"9140315","2021-03-10",21.5341849025386,0.385365853658536,0.266115670635383,0.150126510743784,7.22398276648621,5.10897056684711,6.16647666666666,0.366126855730834,50.0359315470907,6.074668,5.69167954776191,-1.74324125227113,-0.296778477548015
"9140314","2021-03-11",21.9209985073954,0.508250825082508,0.388929136816124,0.264235064511348,7.21543317326802,5.11351349339864,6.16447333333333,0.900678171197136,58.4708578401043,6.096268,5.80078894139366,-0.430933278375267,-0.323609437713466
"9140313","2021-03-12",23.0283470500889,0.716535433070866,0.536717370603974,0.397254059351827,7.53141598159324,4.91653068507342,6.22397333333333,1.20214424667509,67.7685260624528,6.155804,6.05401708254117,2.16950898244737,0.175014246318701
"9140312","2021-03-15",24.5800271152411,0.717098214285714,0.647294824146367,0.524313777188821,7.97746781795409,4.65731884871257,6.31739333333333,1.18902731610141,70.6393815001127,6.231108,6.33782813820235,4.6907714516313,1.07816568738122
"9140311","2021-03-16",26.0503631111561,0.898230088495575,0.777287911950722,0.653766702233687,8.5015990008514,4.36318766581526,6.43239333333333,1.16473334265019,74.8717145874782,6.328308,6.69678438644203,7.49896222078605,2.36232499406219
"9140310","2021-03-17",25.1115986933633,0.584070796460177,0.733133033080493,0.71923858972586,8.72175113236288,4.30370220097045,6.51272666666666,0.883413589642188,59.415617905261,6.351908,6.81854646824976,7.83386658851333,3.45663331295242
"9140309","2021-03-18",23.8394820485078,0.515486725663717,0.665929203539827,0.72545004952368,8.83986092003689,4.30859241329644,6.57422666666667,0.742560480587655,56.6654547572118,6.368104,6.88274027248313,7.63211692767656,4.29173003589724
"9140308","2021-03-19",22.4775240296691,0.484513274336283,0.528023598820063,0.642361945146794,8.89555263110443,4.3149007022289,6.60522666666667,0.663318819740647,55.4179019286152,6.387304,6.91970823615205,7.22118423939775,4.87762087659735
"9140307","2021-03-22",21.2128487264617,0.486725663716814,0.495575221238942,0.563176007866277,8.95841227247681,4.33109106085652,6.64475166666667,0.654570711783997,55.4932761504309,6.413304,6.95308047133177,6.82578649848584,5.26725400097505
"9140306","2021-03-23",19.937569454294,0.471238938053097,0.480825958702069,0.501474926253691,9.00554010975777,4.4432965569089,6.72441833333333,0.614471822313655,54.7949066676042,6.427304,6.97266974182087,6.35687031107361,5.48517726299476
"9140305","2021-03-24",18.6514502678591,0.413716814159292,0.457227138643072,0.477876106194694,9.03707195433469,4.50287137899864,6.76997166666667,0.556848315901324,52.1687806303005,6.446504,6.95498044291142,5.62124631906373,5.51239107420855
"9140304","2021-03-25",18.0048351087827,0.27810650887574,0.387687420362714,0.441913505902618,9.03948050064398,4.57112949935602,6.805305,0.457783456743,48.3310627484895,6.451904,6.88631638385657,4.52257582187441,5.31442802374173
"9140303","2021-03-26",17.2588644783105,0.287878787878788,0.32656737030461,0.390493976436798,9.04180110240488,4.66814223092845,6.85497166666667,0.487431194731447,50.5821817595211,6.455104,6.85747419934236,3.87524958168997,5.02659233533137
"9140302","2021-03-29",17.0049747694992,0.158176943699732,0.241387413484757,0.318547401384027,9.0423959338233,4.7148840661767,6.87864,0.429449837226513,47.4825521133197,6.452304,6.78981097276338,2.949899569226,4.6112537821103
"9140301","2021-03-30",16.8775681662499,0,0.148685243859511,0.238880009216292,9.04085999598728,4.74342000401272,6.89214,0.39013459155178,46.7118893528369,6.487904,6.72050284306159,2.093168043102,4.10763663430864
"9140300","2021-03-31",16.606362582577,0.00621118012422374,0.0547960412746559,0.148289566206307,9.0351794174963,4.7941005825037,6.91464,0.392800860892086,46.943731140869,6.499104,6.66310246398671,1.41817172438343,3.5697436523236
"9140299","2021-04-01",16.3545288263094,0.0217391304347827,0.00931677018633951,0.0709326851068349,8.99546847425276,4.92681152574724,6.96114,0.371913506939575,47.5580095547727,6.523904,6.62002213545515,0.930819258839266,3.04195877362673
"9140298","2021-04-05",15.5355186477454,0.0993788819875776,0.0424430641821987,0.0355186252143976,8.90556014314198,5.16971985685802,7.03764,0.410513661974773,50.6355084441174,6.561504,6.61601918406113,0.839784436104174,2.60152390612222
"9140297","2021-04-06",14.8651822503572,0.086261980830671,0.0691266644176811,0.040295499595406,8.82992394648359,5.36368938684975,7.09680666666667,0.366289102667567,50.0034842781853,6.586704,6.60588329285298,0.698431595299032,2.22090544395758
"9140296","2021-04-07",14.1768429499771,0.0511627906976745,0.0789345511719784,0.063501426590619,8.76814742148376,5.52379924518291,7.14597333333333,0.352264109577425,47.94132046103,6.602704,6.57576552047258,0.385505283126664,1.8538254117914
"9140295","2021-04-08",13.5376707424813,0.26530612244898,0.134243631325779,0.0941016156384791,8.71768558053313,5.67026108613353,7.19397333333333,0.384938904755676,51.695645822161,6.634304,6.58699678440957,0.475928485623567,1.57824602655783
"9140294","2021-04-09",12.9441536926638,0.387755102040816,0.234741338395827,0.149306506964528,8.71657009931246,5.6663765673542,7.19147333333333,0.423019092327588,53.992666875634,6.699904,6.6207305464883,0.758604263611673,1.4143176739686
"9140293","2021-04-12",12.1383920133394,0.362204724409449,0.338421982966419,0.235802317562675,8.60908366444106,5.65552966889227,7.13230666666667,0.413446647535387,52.3542094342607,6.770304,6.63529980695652,0.837524559388036,1.29895905105249
"9140292","2021-04-13",11.3661792664289,0.39710554182845,0.382355122759575,0.318506148040607,8.36082448964903,5.7289488436843,7.04488666666667,0.428484463052582,52.1991294870301,6.828504,6.64659316602899,0.877388594831818,1.21464495980835
"9140291","2021-04-14",10.796524982596,0.597938144329895,0.452416136855935,0.391064414193976,7.81089733590368,6.05687599742965,6.93388666666667,0.516788089187264,54.1024906066626,6.881304,6.67371407722512,1.05394122067337,1.18250421198136
"9140290","2021-04-15",10.0522530716982,0.515463917525772,0.503502534561376,0.446091264725629,7.5210165981877,6.2124234018123,6.86672,0.497411979004593,52.7115066037366,6.921704,6.68655220026177,1.08374951760697,1.16275327310648
"9140289","2021-04-16",9.49809331371851,0.577319587628865,0.563573883161515,0.506497518192942,7.37022952004766,6.287877146619,6.82905333333333,0.584026855670458,53.6735178447461,6.934504,6.7056785735602,1.16580203274501,1.16336302503419
"9140288","2021-04-19",9.60457329683995,0.206185567010309,0.432989690721652,0.500022036148181,7.28321169064944,6.30380497601723,6.79350833333333,0.345748453892588,47.4378166661451,6.885304,6.67425476375218,0.787532663250889,1.08819695267753
"9140287","2021-04-20",10.4834545582316,0,0.261168384879728,0.419243986254298,7.20854711862948,6.26813621470385,6.73834166666667,-0.0121963154503042,42.1626323837821,6.8024,6.59902079525189,0.0472417113587698,0.880005904413776
"9140286","2021-04-21",11.0814596718368,0.15929203539823,0.121825867469517,0.271994647690299,7.12628833306219,6.26572833360447,6.69600833333333,0.156028244956934,45.4301674166989,6.6928,6.55781802255164,-0.319917864562835,0.640021150618453
"9140285","2021-04-22",11.97334006812,0.0176991150442474,0.0589970501474961,0.14733043416558,7.09498083353663,6.22392916646336,6.659455,0.0835053797069239,43.0993176132567,6.6336,6.50077561954475,-0.802427296352348,0.351531461224293
"9140284","2021-04-23",12.8647910967803,0,0.0589970501474961,0.0799399892548359,7.1098739228322,6.1740360771678,6.641955,0.0989814527463402,42.657390958677,6.5856,6.44733887027212,-1.2126621430114,0.0386927403771544
"9140283","2021-04-26",13.4409926436193,0.114035087719299,0.0439114009211858,0.0539685004053923,7.09643099625255,6.14514567041411,6.62078833333333,0.243377028914538,45.2759640631774,6.5484,6.41836035423584,-1.3618069030744,-0.241407188313157
"9140282","2021-04-27",13.8281782048723,0.288288288288288,0.134107792002533,0.0790054143570711,7.09536645835292,6.14054354164707,6.617955,0.393919247683354,48.9455399496381,6.5184,6.41857897367106,-1.22715344167625,-0.438556438985776
"9140281","2021-04-28",14.1877076546073,0.302752293577981,0.235025223195193,0.137681472039637,7.09399524588596,6.14924808744737,6.62162166666667,0.364208818002312,49.138850256265,6.4916,6.42010177718158,-1.09519067848202,-0.569883286885025
"9140280","2021-04-29",14.1585430196686,0.275229357798165,0.288756646554815,0.219296553917513,7.0935671471383,6.15400951952837,6.62378833333333,0.371796049055113,48.5450070007879,6.474,6.41742154022404,-1.01663432163921,-0.659233493835861
"9140279","2021-04-30",14.6242530991432,0.119266055045872,0.232415902140677,0.252065923963561,7.09946827489489,6.13644172510511,6.617955,0.194066932286572,45.2107369325889,6.4656,6.3924320015275,-1.15562905157707,-0.758512605384103
"9140278","2021-05-03",14.7948736412232,0.137706422018348,0.177400611620799,0.23285772010543,7.09338688710156,6.10792311289844,6.600655,0.253089181930181,45.6857459394338,6.448804,6.37345440132383,-1.22713810375324,-0.852237705057931
"9140277","2021-05-04",15.335200775238,0.0200000000000004,0.0923241590214107,0.167380224260962,7.09642632539887,6.06721700793446,6.58182166666666,0.184073011696922,43.0821720993319,6.439604,6.33966048114732,-1.43358358598631,-0.968506881243607
"9140276","2021-05-05",15.6993056351281,0.17,0.10923547400612,0.126320081549443,7.08810523133074,6.04553810200259,6.56682166666667,0.308017158445249,46.8435243231109,6.439604,6.33037241699435,-1.39113209868071,-1.05303192473103
"9140275","2021-05-06",17.7609600767416,0,0.0633333333333371,0.0882976554536222,7.10762407627456,5.92701925705877,6.51732166666666,-0.0624137073863381,34.3094219759104,6.408004,6.21965609472843,-2.32404147722651,-1.30723383523013
"9140274","2021-05-07",18.7575647644221,0.737596899224805,0.302532299741605,0.158367035693687,7.05336217299428,5.94204782700571,6.497705,0.559954533632936,51.5584449731312,6.412464,6.25056861543131,-1.81617102144465,-1.40902127247303
"9140273","2021-05-10",20.0079229839919,0.604651162790697,0.447416020671838,0.27109388458226,7.00312712977252,5.94628287022747,6.474705,0.445083362274859,49.0580330318051,6.400064,6.25449280004047,-1.61694347962057,-1.45060571390254
"9140272","2021-05-11",21.6310008948691,0.395348837209302,0.579198966408272,0.443049095607238,6.95526302528784,5.92348030804549,6.43937166666666,0.219542049085615,45.3307768881796,6.378864,6.22189376003507,-1.78806187051113,-1.51809694522426
"9140271","2021-05-12",23.15463626298,0.387596899224806,0.462532299741605,0.496382428940571,6.8719712664585,5.92110540020816,6.39653833333333,0.195149781945849,45.1938215094502,6.363664,6.19230792536373,-1.91656638756639,-1.59779083369268
"9140270","2021-05-13",24.9539052180153,0.201550387596899,0.328165374677006,0.45663221360896,6.81514181113076,5.88526818886923,6.350205,0.0552746917074914,41.9203626493989,6.327664,6.13466686864857,-2.30900235457344,-1.74003313786883
"9140269","2021-05-14",26.6246549619766,0.333333333333333,0.307493540051683,0.366063738156764,6.70988415720125,5.90219250946542,6.30603833333333,0.166491949716474,44.9613721854068,6.291264,6.10737795282876,-2.37281086988869,-1.8665886842728
"9140268","2021-05-17",27.2904498814964,0.471317829457363,0.335400516795869,0.323686477174852,6.65932132422073,5.9107120091126,6.28501666666666,0.415821690440009,48.0297207953186,6.266384,6.10746089245159,-2.16391302954717,-1.92605355332768
"9140267","2021-05-18",26.4594478920421,0.70159725332139,0.502082805370699,0.38165895407275,6.69525570442654,5.90643762890679,6.30084666666666,0.845352126750529,53.2632903603607,6.255184,6.15179944012471,-1.54298639559233,-1.84944012178061
"9140266","2021-05-19",25.8801853678388,0.6418868487834,0.604933977187388,0.480805766451318,6.70762349825355,5.90406983507977,6.30584666666666,0.741618378748336,51.9068393207678,6.235584,6.17955951477475,-1.14403475742543,-1.70835904890957
"9140265","2021-05-20",25.1543387716511,0.76877145842663,0.70408518684381,0.603700656467299,6.74850861864543,5.8966147146879,6.32256166666666,0.862022780732772,54.5553545144868,6.225984,6.22628491280478,-0.601005299073298,-1.48688829894232
"9140264","2021-05-21",24.4803383609053,0.76877145842663,0.726476588545557,0.678498584192252,6.78204679172738,5.89707654160595,6.33956166666666,0.801823705331732,54.5553545144868,6.213984,6.26678025776414,-0.171197910213139,-1.22375022119648
"9140263","2021-05-24",24.1342980286335,0.694133452754141,0.743892123202471,0.724817966197279,6.79431778307781,5.89780555025552,6.34606166666667,0.679144237100263,52.5799336873226,6.212384,6.28854289006226,0.0390386082120608,-0.971192455314773
"9140262","2021-05-25",23.5236882492574,0.679205851619644,0.714036920933475,0.728135210893834,6.79431778307781,5.89780555025552,6.34606166666667,0.690298574580432,52.1730380331183,6.224384,6.30473717138729,0.177500316408152,-0.741453900970188
"9140261","2021-05-26",22.9566934541225,0.601963326541951,0.658434210305249,0.705454418147065,6.79035500357397,5.89810166309269,6.34422833333333,0.626016152848121,52.1730380331183,6.229184,6.31877221520232,0.283647527845399,-0.536433615207071
"9140260","2021-05-27",22.5946781378726,0.555658455269494,0.612275877810367,0.661582336349697,6.78319653780475,5.89859346219525,6.340895,0.608265129646628,51.0281004936588,6.238384,6.32426925317534,0.300392584545572,-0.369068375256542
"9140259","2021-05-28",22.8194763923539,0.388960918688645,0.515527566833367,0.595412551649661,6.7813922342889,5.89406443237776,6.33772833333333,0.412401783009706,47.0270792338748,6.241584,6.30503335275196,0.0829896209605607,-0.278656776013121
"9140258","2021-06-01",22.4736735116876,0.463048712724578,0.469222695560909,0.532342046734881,6.78106569397428,5.89382430602572,6.337445,0.51602908392219,48.9431759157718,6.242784,6.29902890571837,0.012553725428277,-0.220414675724842
"9140257","2021-06-02",22.3171841679779,0.41674384145212,0.422917824288451,0.469222695560909,6.78142253154709,5.8954674684529,6.338445,0.430269224809696,47.7799243179242,6.234384,6.28715838495592,-0.106213063484351,-0.197574353276744
"9140256","2021-06-03",21.8467018580775,0.296768520553968,0.392187024910226,0.428109181586528,6.77792315056758,5.89146684943242,6.334695,0.451460288253091,47.5365783761031,6.225184,6.2755372669618,-0.21097253136716,-0.200253988894827
"9140255","2021-06-04",21.7705601127351,0.310344827586207,0.341285729864102,0.385463526354259,6.78958222917773,5.96480777082226,6.377195,0.895427295340386,53.8629303395482,6.227184,6.29879896470023,0.0265421821705747,-0.154894754681746
"9140254","2021-06-07",21.6998570634886,0.262135922330097,0.289749756823428,0.341074170532584,6.81293520070425,5.95519146596241,6.38406333333333,0.870316510399539,53.8629303395482,6.235984,6.3189591027402,0.211640004847835,-0.0815878027758302
"9140253","2021-06-08",22.9603480578231,0.512195121951219,0.361558623955845,0.330864703547791,7.00987599730538,5.84525066936128,6.42756333333333,1.23766499209656,65.0174800388984,6.26678,6.41243122237484,1.06586555488435,0.147902868756206
"9140252","2021-06-09",24.1308039811337,0.530487804878048,0.434939616386458,0.36208266572191,7.13732008576895,5.82280658089771,6.48006333333333,1.04768297472698,65.4903843146515,6.30398,6.49744039272486,1.74799692487557,0.467921679980079
"9140251","2021-06-10",24.6767781366352,0.451219512195121,0.4979674796748,0.431488573339034,7.19761968426881,5.85284031573119,6.52523,0.860482924814027,61.6040665112564,6.32998,6.55378167369488,2.09523503551958,0.79338435108798
"9140250","2021-06-11",25.5301832244391,0.518292682926829,0.500000000000003,0.477635698687087,7.25168102601417,5.91911230731916,6.58539666666667,0.916191169395349,63.5738051136024,6.39118,6.61727745053556,2.47096256456008,1.1288999937824
"9140249","2021-06-14",26.5362892069411,0.628048780487804,0.532520325203255,0.510162601626019,7.33324623227295,5.96354710106039,6.64839666666667,0.973293722122831,66.5938557255086,6.42152,6.69630712379749,2.94505765164681,1.49213152535528
"9140248","2021-06-15",27.8034270872926,0.695121951219512,0.613821138211386,0.548780487804881,7.44389183236138,5.97373483430528,6.70881333333333,0.9907775162476,68.322313348703,6.46312,6.77946617395782,3.40288702374991,1.87428262503421
