"","Date","ADX","STOCHFK","STOCHFD","STOCHSD","BBandsUp","BbandsDn","BbandsMiddle","PercentB","RSI","SMA","EMA","MACD","Signal"
"13020450","2020-05-05",NA,NA,NA,NA,NA,NA,NA,NA,NA,NA,NA,NA,NA
"13020449","2020-05-08",NA,NA,NA,NA,NA,NA,NA,NA,NA,NA,NA,NA,NA
"13020448","2020-05-11",NA,NA,NA,NA,NA,NA,NA,NA,NA,NA,NA,NA,NA
"13020447","2020-05-12",NA,NA,NA,NA,NA,NA,NA,NA,NA,NA,NA,NA,NA
"13020446","2020-05-13",NA,NA,NA,NA,NA,NA,NA,NA,NA,NA,NA,NA,NA
"13020445","2020-05-14",NA,NA,NA,NA,NA,NA,NA,NA,NA,NA,NA,NA,NA
"13020444","2020-05-15",NA,NA,NA,NA,NA,NA,NA,NA,NA,NA,NA,NA,NA
"13020443","2020-05-18",NA,NA,NA,NA,NA,NA,NA,NA,NA,NA,NA,NA,NA
"13020442","2020-05-19",NA,NA,NA,NA,NA,NA,NA,NA,NA,NA,NA,NA,NA
"13020441","2020-05-20",NA,NA,NA,NA,NA,NA,NA,NA,NA,NA,NA,NA,NA
"13020440","2020-05-21",NA,NA,NA,NA,NA,NA,NA,NA,NA,NA,NA,NA,NA
"13020439","2020-05-22",NA,NA,NA,NA,NA,NA,NA,NA,NA,NA,NA,NA,NA
"13020438","2020-05-26",NA,NA,NA,NA,NA,NA,NA,NA,NA,NA,NA,NA,NA
"13020437","2020-05-27",NA,0.857142857142857,NA,NA,NA,NA,NA,NA,NA,NA,25.0602928571429,NA,NA
"13020436","2020-05-28",NA,0.875502008032128,NA,NA,NA,NA,NA,NA,71.3114754098361,NA,25.1309204761905,NA,NA
"13020435","2020-05-29",NA,0.872093023255815,0.868245962810266,NA,NA,NA,NA,NA,71.7955782078656,NA,25.1967977460317,NA,NA
"13020434","2020-06-01",NA,0.853798449612405,0.867131160300116,NA,NA,NA,NA,NA,70.9264847969066,NA,25.2507447132275,NA,NA
"13020433","2020-06-02",NA,0.907692307692307,0.877861260186842,0.871079461099075,NA,NA,NA,NA,72.1362565743714,NA,25.3079787514638,NA,NA
"13020432","2020-06-03",NA,0.853846153846153,0.871778970383622,0.872257130290193,NA,NA,NA,NA,69.3678840580094,NA,25.3482482512687,NA,NA
"13020431","2020-06-04",NA,0.710283018867926,0.823940493468795,0.85786024134642,25.9219773617043,24.6740826382957,25.29803,0.898460428864108,70.7972262239955,NA,25.3942018177662,NA,NA
"13020430","2020-06-05",NA,0.509090909090909,0.691073360601662,0.79559760815136,25.9595094319056,24.7496172347611,25.3545633333333,0.901223074098966,69.4129406193432,NA,25.4296415753974,NA,NA
"13020429","2020-06-08",NA,0.802752293577982,0.674042073845605,0.729685309305354,26.0760762850821,24.7360503815846,25.4060633333333,1.0153656593733,75.2052401945547,NA,25.5090226986777,NA,NA
"13020428","2020-06-09",NA,0.655660377358492,0.655834526675794,0.673649987041021,26.1420682635574,24.747725069776,25.4448966666667,0.85029874197761,69.3896837505703,NA,25.5578196721873,NA,NA
"13020427","2020-06-10",NA,0.757373737373739,0.738595469436737,0.689490689986046,26.2156135914772,24.7558330751895,25.4857233333333,0.863623157096145,71.3731496995065,NA,25.6167503825624,NA,NA
"13020426","2020-06-11",NA,0.252525252525253,0.555186455752494,0.649872150621675,26.2183703003337,24.8174096996663,25.51789,0.60143754216378,55.7837052188342,25.348128,25.6011836648874,NA,NA
"13020425","2020-06-12",NA,0.365523174534896,0.458474054811296,0.584085326666843,26.1584009764142,24.9727123569192,25.5655566666667,0.574030116527592,58.6993358439078,25.387968,25.6076925095691,1.12315764012305,NA
"13020424","2020-06-15",NA,0.0111111111111129,0.209719846057087,0.407793452206959,26.1237050438755,25.0540749561245,25.58889,0.379500397870246,51.3993434595345,25.401968,25.5733335082932,0.947327754987315,NA
"13020423","2020-06-16",28.3080024620601,0.393258426966291,0.2566309042041,0.308274935024161,26.1148715746195,25.1279084253806,25.62139,0.647195634182176,57.9670084672745,25.426368,25.5902223738541,0.907943984638382,NA
"13020422","2020-06-17",26.9299795532614,0.247977528089885,0.217449022055763,0.227933257438984,26.1042490524289,25.1790776142378,25.6416633333333,0.511316821475228,55.0095276493413,25.443996,25.5876193906736,0.826396222676595,NA
"13020421","2020-06-18",25.3142766591528,0.314382022471909,0.318539325842695,0.26420641736752,26.0962231928797,25.2310901404537,25.6636566666667,0.564972665004949,56.1117344982067,25.471188,25.5932434719171,0.771515824185243,NA
"13020420","2020-06-19",24.2669997329566,0.168539325842696,0.243632958801497,0.259873768899985,26.0819047524625,25.2700752475375,25.67599,0.365337077957699,53.0384332387436,25.511188,25.5808110089948,0.679254675680707,NA
"13020419","2020-06-22",22.6942550525653,0.426966292134832,0.303295880149812,0.288489388264668,26.0706587635484,25.3316545697849,25.7011566666667,0.633752060093121,57.4822814842767,25.542788,25.6007028744622,0.670949097115359,NA
"13020418","2020-06-23",21.2338492779163,0.54494382022472,0.380149812734083,0.309026217228464,26.0624007175725,25.3922392824275,25.72732,0.697982147348253,59.3723788732844,25.572188,25.6319424912005,0.689408794328883,NA
"13020417","2020-06-24",20.0904891023851,0.387640449438202,0.453183520599251,0.378876404494382,26.0397475318094,25.4518924681906,25.74582,0.501440264308413,55.8099262426459,25.593988,25.6403501590405,0.652349260782636,0.807589250502019
"13020416","2020-06-25",18.8634377910967,0.370786516853932,0.434456928838951,0.422596754057429,26.0412538109109,25.4612195224225,25.7512366666667,0.497867942135103,55.4261945961506,25.613988,25.6456368045017,0.611195498346095,0.768310500070834
"13020415","2020-06-26",17.7240330020432,0.522857142857143,0.427094703049759,0.438245050829321,26.0442252118586,25.4676481214747,25.7559366666667,0.531328565832002,56.2044850978375,25.632628,25.6550185639015,0.58317065040292,0.731282530137252
"13020414","2020-06-29",16.7360773579427,0.499999999999997,0.464547886570357,0.442033172819689,26.0452219776829,25.4795580223172,25.76239,0.50166765678521,55.7386623159882,25.650628,25.6610160887146,0.549573610351994,0.6949407461802
"13020413","2020-06-30",15.8650560917343,0.53968253968254,0.52084656084656,0.470829716822226,26.0452219776829,25.4795580223172,25.76239,0.425061514706893,55.4294512478919,25.665824,25.6648806102194,0.513868922253491,0.658726381394858
"13020412","2020-07-01",15.4751850930851,0.423728813559322,0.487803784413953,0.491066077276957,26.046262059262,25.4745179407381,25.76039,0.277773548428071,52.6011793188485,25.676224,25.6562298621901,0.452056802634448,0.617392465642776
"13020411","2020-07-02",14.9727431477111,0.634920634920634,0.532777329387499,0.513809224882671,26.0489237914442,25.4749962085559,25.76196,0.612743608420086,56.57789792236,25.682624,25.6687325472314,0.445117134177431,0.582937399349707
"13020410","2020-07-06",14.307964555636,0.437500000000001,0.498716482826652,0.506432532209368,26.0430402772054,25.4735463894614,25.7582933333334,0.514703113612832,55.246776467747,25.686024,25.6742348742672,0.422152875489723,0.55078049457771
"13020409","2020-07-07",14.1250026639936,0.687499999999996,0.58664021164021,0.539378007951454,25.9937821013227,25.5011378986774,25.74746,0.769037977689172,58.4082125023509,25.695168,25.6950035576983,0.436605345621688,0.527945464786506
"13020408","2020-07-08",13.998567072284,0.840408163265308,0.655136054421768,0.580164249629544,25.9946998902443,25.500673443089,25.7476866666667,0.884959147622704,60.4587477393406,25.70444,25.7239097500052,0.468262316221923,0.51600883507359
"13020407","2020-07-09",13.0214688085626,0.51061224489796,0.679506802721088,0.640427689594356,25.9562540138286,25.5203126528381,25.7382833333334,0.706870330285734,54.7192663345223,25.710048,25.7274151166711,0.437552013779596,0.500317470814791
"13020406","2020-07-10",12.1141632779642,0.505128205128207,0.618716204430492,0.651119687191116,25.9675461789642,25.5278204877025,25.7476833333334,0.728134649987842,56.0213665652473,25.714212,25.736693101115,0.423006190424435,0.48485521473672
"13020405","2020-07-13",11.4321781675343,0.743589743589747,0.586443397871971,0.62822213500785,25.9885837600699,25.5334495732634,25.7610166666667,0.849310902019566,58.5708863233869,25.723412,25.7571340209663,0.435577676897325,0.474999707168841
"13020404","2020-07-14",10.7400942287627,0.717948717948717,0.655555555555557,0.620238385952674,25.9740764465375,25.5932902201292,25.7836833333334,0.840479752177246,58.1803202691694,25.717612,25.7735161515042,0.437313677362283,0.467462501207529
"13020403","2020-07-15",10.1495662317429,0.589743589743586,0.683760683760684,0.641919879062738,25.9831436119599,25.5948897213734,25.7890166666667,0.717168890540348,56.163704622579,25.715812,25.7810473313036,0.418185734724985,0.457607147911021
"13020402","2020-07-16",10.5649272488486,0.128461538461532,0.478717948717945,0.606011396011395,25.9787232340103,25.6081034326564,25.7934133333333,0.356060937726989,49.5137499326849,25.701824,25.7635876871298,0.342751953590015,0.434636109046819
"13020401","2020-07-17",10.9511166708642,0.128205128205122,0.282136752136747,0.481538461538459,25.979021255367,25.6069220779664,25.7929716666667,0.279794371205698,49.5102407054005,25.707824,25.7484426621792,0.279707330801493,0.403650353397754
"13020400","2020-07-20",10.8433482672951,0.730769230769237,0.329145299145297,0.36333333333333,25.967912115489,25.6503645511777,25.8091383333333,0.754644266732278,57.1890381165477,25.717224,25.7666503072219,0.299921233872302,0.382904529492664
"13020399","2020-07-21",10.1056060602552,0.565326633165824,0.474766997380061,0.362016349554035,25.9751523556186,25.6513909777147,25.8132716666667,0.714339957561544,54.8935284379243,25.736224,25.774430266259,0.293733373908789,0.365070298375889
"13020398","2020-07-22",9.40771120855277,0.642857142857144,0.646317668930735,0.483409988485365,25.9830620127974,25.6491479872026,25.816105,0.80116035553626,56.4618661434394,25.743224,25.7878395640911,0.300994854714931,0.352255209643697
"13020397","2020-07-23",8.84730711560036,0.675675675675674,0.627953150566214,0.58301260562567,25.997837131308,25.6537062020254,25.8257716666667,0.831932772132567,57.2620125926882,25.756396,25.802794288879,0.31095778499084,0.343995724713126
"13020396","2020-07-24",8.91713384998479,0.760869565217393,0.693134127916737,0.655801649137896,26.0312379836934,25.6489720163066,25.840105,1.01420132430395,60.3972450418726,25.771204,25.8290883836951,0.346077548153567,0.344412089401214
"13020395","2020-07-27",8.98197296048462,0.771739130434782,0.736094790442617,0.685727356308523,26.0598665096146,25.646610157052,25.8532383333333,0.943860892145753,60.5530651956577,25.791404,25.8525432658691,0.371115456955318,0.349752762912035
"13020394","2020-07-28",9.67088531909861,0.773818181818186,0.768808959156787,0.73267929250538,26.1027620691048,25.6390879308952,25.870925,1.03085054003028,62.7799345691811,25.805228,25.8822841637532,0.4081964623736,0.361441502804348
"13020393","2020-07-29",11.7040864083963,0.647058823529411,0.730872045260794,0.745258598286732,26.1874138286719,25.6124361713282,25.899925,1.19580964562742,66.3812667963423,25.819828,25.9246462752528,0.470775670006685,0.383308336244815
"13020392","2020-07-30",13.5920588484584,0.764705882352942,0.728527629233514,0.742736211217031,26.2631301516369,25.6100531816964,25.9365916666667,1.15853646629,68.9796160571934,25.844028,25.9746934385524,0.544959737519846,0.415638616499821
"13020391","2020-07-31",13.9113346546213,0,0.470588235294118,0.643329303262808,26.2629474879813,25.6115925120187,25.93727,0.35102337397012,42.6872090564488,25.839228,25.9194009800788,0.369402926698825,0.406391478539622
"13020390","2020-08-03",14.2078050460584,0.659574468085107,0.474760116812683,0.557958660446772,26.2900809919899,25.6257923413434,25.9579366666667,0.834287411228852,57.3539353605566,25.857788,25.9541475160683,0.418302765240353,0.408773735879768
"13020389","2020-08-04",13.7694297499306,0.73404255319149,0.464539007092199,0.469962453066334,26.3349689213493,25.620404411984,25.9776866666667,0.916076266644458,58.6408342726464,25.879788,25.9935945139258,0.473198259436813,0.421658640591177
"13020388","2020-08-05",13.5624406781886,0.680851063829787,0.691489361702128,0.543596161869004,26.3675066530681,25.6182466802653,25.9928766666667,0.832047632371629,57.3105133569539,25.900188,26.0211152454024,0.495334702946382,0.436393853062218
"13020387","2020-08-06",13.5330809384818,0.638297872340426,0.684397163120568,0.613475177304965,26.3873821483179,25.6347911850155,26.0110866666667,0.74127316012834,56.2118644210897,25.922588,26.0396332126821,0.494698886203593,0.448054859690493
"13020386","2020-08-07",13.5058183230399,0.638297872340426,0.652482269503547,0.676122931442081,26.4005053841102,25.6528679492232,26.0266866666667,0.678312811949391,56.2118644210897,25.938988,26.0556821176578,0.488517884532635,0.456147464658922
"13020385","2020-08-10",14.8997690991304,0.212765957446811,0.496453900709221,0.611111111111112,26.4008443769981,25.6499956230019,26.02542,0.325859292384227,45.9875483831905,25.940988,26.0162578353034,0.355582587361591,0.436034489199456
"13020384","2020-08-11",16.0728175555121,0.648936170212768,0.500000000000002,0.549645390070923,26.415625222795,25.6613814438717,26.0385033333333,0.680971551215875,55.0187639610792,25.954588,26.0367567905963,0.373033486654051,0.423434288690375
"13020383","2020-08-12",17.6664610693166,0.46276595744681,0.44148936170213,0.479314420803785,26.4172138718366,25.6782927948301,26.0477533333333,0.51431817325182,51.0919219027036,25.957916,26.0311892185168,0.328809633189286,0.404509357590157
"13020382","2020-08-13",19.6074682259919,0.26595744680851,0.45921985815603,0.466903073286054,26.4056309176356,25.7035357490311,26.0545833333333,0.24659180888497,47.2524188888391,25.960308,26.0016973227146,0.233688049081504,0.370345095888426
"13020381","2020-08-14",20.1857057773872,0.361702127659574,0.363475177304965,0.421394799054375,26.3843852993103,25.754678034023,26.0695316666667,0.405461362845304,49.2504862388151,25.964428,25.9881376796859,0.184088560700002,0.333093788850742
"13020380","2020-08-17",19.6094150533534,0.415425531914896,0.347695035460994,0.390130023640663,26.3857254343952,25.7767045656048,26.081215,0.569704781629218,50.3861353979457,25.966848,25.9831193223945,0.158632546945836,0.29820154046976
"13020379","2020-08-18",19.0742879524649,0.425531914893619,0.400886524822696,0.370685579196218,26.3808790538891,25.7989509461109,26.089915,0.442865221856569,50.6100424959081,25.970048,25.9800367460752,0.13979848161243,0.266520928698294
"13020378","2020-08-19",18.5773842159255,0.686263736263737,0.509073727690751,0.419218429324814,26.3881740573557,25.8206226093109,26.1043983333333,0.679604862873954,55.6982320854072,25.984228,26.0072985132652,0.192354135004824,0.2516875699596
"13020377","2020-08-20",18.2885110049886,0.535211267605634,0.54900230625433,0.486320852922593,26.3882172422454,25.8405794244213,26.1143983333333,0.546749267186106,54.4997069441746,26.003824,26.0249920448298,0.217628684615034,0.244875792890687
"13020376","2020-08-21",18.4364968459026,0.380281690140846,0.533918898003406,0.530664977316163,26.3883226620519,25.8434740046147,26.1158983333333,0.409641574784757,51.5469604846703,26.019024,26.0256597721859,0.201212457664002,0.23614312584535
"13020375","2020-08-24",17.6517604008453,0.338028169014084,0.417840375586855,0.500253859948197,26.3894493066904,25.8493473599762,26.1193983333333,0.476427289803114,50.7395546300285,26.023624,26.0222384692277,0.176861817080209,0.224286864092322
"13020374","2020-08-25",16.7785807115701,0.71830985915493,0.47887323943662,0.476877504342294,26.4092439806148,25.8475093527185,26.1283766666667,0.799530522618467,57.2323460653757,26.041424,26.0552733399974,0.238484537319761,0.22712639873781
"13020373","2020-08-26",15.7595449079188,0.91549295774648,0.657276995305165,0.517996870109546,26.4365749619515,25.8331783713818,26.1348766666667,0.989103415474556,60.1642835486818,26.062824,26.1025702279977,0.326732596383228,0.247047638266893
"13020372","2020-08-27",14.7641843610287,0.901408450704225,0.845070422535212,0.660406885758999,26.4436646543487,25.829422012318,26.1365433333333,0.928913020098478,59.8486737652714,26.082824,26.1422275309314,0.388894660055294,0.275417042624574
"13020371","2020-08-28",14.9448025083714,0.409090909090908,0.741997439180538,0.748114952340305,26.4262772470483,25.874786086285,26.1505316666667,0.444637976383133,50.6857826384197,26.086024,26.1339305268072,0.335454747282382,0.287424583556135
"13020370","2020-08-31",14.1725739133467,0.484848484848485,0.598449281547873,0.728505714421207,26.429679855247,25.8753834780864,26.1525316666667,0.62171887840751,51.9243172990741,26.091024,26.1334064565662,0.305026103506623,0.290944887546233
"13020369","2020-09-01",13.2078913401803,0.607462686567163,0.500467360168852,0.613638026965754,26.4340714772208,25.8739585227792,26.154015,0.768966581601107,54.0851593979529,26.09668,26.1445522623574,0.304256598201103,0.293607229677207
"13020368","2020-09-02",12.3990986742619,0.755833333333335,0.616048168249661,0.571654936655462,26.4603256014172,25.8637710652495,26.1620483333333,0.902787985728203,57.3260092669099,26.10282,26.1724119607097,0.341777338265503,0.303241251394866
"13020367","2020-09-03",11.5136890330733,0.68152866242038,0.681608227440293,0.599374585286269,26.4825496261427,25.8592803738573,26.170915,0.819420538186324,56.4304055334387,26.10382,26.1927570326151,0.358522973750253,0.314297595865943
"13020366","2020-09-04",10.8854687188882,0.759259259259261,0.732207085004325,0.676621160231426,26.5125252251316,25.8546381082018,26.1835816666667,0.849226578168692,57.557897390281,26.13622,26.2163894282664,0.381199673701649,0.327678011433084
"13020365","2020-09-08",10.5471562769926,0.672727272727274,0.704505064802305,0.706106792415641,26.5278197028036,25.8928769638631,26.2103483333333,0.845939331526446,57.557897390281,26.14382,26.2368708378309,0.394560962031965,0.34105460155286
"13020364","2020-09-09",11.7950678532948,0.53684210526316,0.656276212416565,0.697662787407732,26.605993441686,25.8628698916473,26.2344316666667,1.06818950224088,61.1823622061311,26.15422,26.2732880594535,0.442988867456284,0.361441454733545
"13020363","2020-09-10",13.3689644382783,1,0.736523125996811,0.69910146773856,26.8033273829413,25.7687026170587,26.286015,1.27707882752458,71.8917643051424,26.18982,26.3821829848597,0.651262291461663,0.419405622079169
"13020362","2020-09-11",12.635162200587,0.559633027522935,0.698825044262032,0.697208127558469,26.8446677597071,25.8126955736263,26.3286816666667,0.888884835023931,57.7033181526736,26.20782,26.4125585868784,0.661333524868812,0.467791202637098
"13020361","2020-09-15",12.1681466306842,0.336633663366339,0.632088896963092,0.689145689073978,26.8719341721066,25.8487624945601,26.3603483333333,0.776576263993716,53.225442568661,26.21822,26.4135507752946,0.604269153651149,0.495086792839908
"13020360","2020-09-16",11.7344893157745,0.370297029702972,0.422187906864082,0.584367282696402,26.8841148826578,25.8761417840089,26.3801283333333,0.63803774477694,53.9146408896498,26.24598,26.4189440052553,0.562938523536838,0.508657138979294
"13020359","2020-09-17",11.591495489629,0.297029702970297,0.334653465346536,0.462976756391237,26.8848446774623,25.9184119892044,26.4016283333333,0.587991987819262,52.1148041215975,26.25438,26.4137514712213,0.501801477491859,0.507286006681807
"13020358","2020-09-18",11.0406397577935,0.431089108910892,0.366138613861387,0.374326662024002,26.9044681158504,25.9391818841496,26.421825,0.695218434157741,55.0703076078011,26.275196,26.4273046083918,0.489060259780394,0.503640857301524
"13020357","2020-09-21",10.9066606268885,0.250000000000002,0.326039603960397,0.342277227722774,26.9148580657757,25.974458600891,26.4446583333333,0.661642300968287,51.4014094163019,26.297596,26.4196639939395,0.429605073097261,0.488833700460672
"13020356","2020-09-22",10.7822514339052,0.954180985108821,0.545090031339905,0.412422749720563,26.9999183813153,25.9877316186847,26.493825,1.04947863431308,63.6113445495252,26.343596,26.5037087947476,0.583074370766123,0.507681834521762
"13020355","2020-09-23",11.5698561262044,0.0588235294117669,0.421001504840197,0.430710380046833,26.9933047663762,26.0430119002905,26.5181583333333,0.579107191775144,50.0653321833291,26.360376,26.4858809554479,0.49170128289342,0.504485724196094
"13020354","2020-09-24",12.3012033404822,0.18954248366013,0.400848999393573,0.455646845191225,26.991705954989,26.0619473783443,26.5268266666667,0.438880190950483,51.6944398431636,26.380776,26.4837634947215,0.444628856474516,0.492514350651778
"13020353","2020-09-25",13.2381076394531,0,0.0827886710239659,0.301546391752579,26.9917056771038,26.0619443228963,26.526825,0.395824522179778,49.9398346751233,26.388196,26.4685950287587,0.372559958230578,0.468523472167538
"13020352","2020-09-28",13.9458718922306,0.301388888888888,0.163643790849673,0.215760487089071,26.9979884298009,26.0743615701991,26.536175,0.555027633152527,53.6187707558802,26.406076,26.4843823582575,0.377237015528964,0.450266180839823
"13020351","2020-09-29",14.0283310692186,0.388888888888886,0.230092592592591,0.158841684822077,26.9873177837291,26.1403655496043,26.5638416666667,0.629277262937742,54.6605406408923,26.430876,26.5064647104898,0.395528577147308,0.43931866010132
"13020350","2020-09-30",13.1006504689571,0.472222222222223,0.387499999999999,0.260412127814088,26.9973169482564,26.188466385077,26.5928916666667,0.757288976242173,55.6815035085416,26.459276,26.5336027490912,0.423331889541889,0.436121305989434
"13020349","2020-10-01",12.4750436969893,0.376388888888886,0.412499999999998,0.343364197530863,26.9921697817174,26.2272468849493,26.6097083333333,0.540908262517527,54.1707927404111,26.474116,26.5479223825457,0.419486815700187,0.432794407931585
"13020348","2020-10-02",12.474987987898,0.65347222222222,0.500694444444443,0.433564814814813,27.0239750164727,26.2449083168606,26.6344416666667,0.837016501236742,57.7408078521933,26.491336,26.5869327315396,0.471533799857027,0.440542286316673
"13020347","2020-10-06",11.8299255868911,0.17647058823529,0.402110566448799,0.43843500363108,27.0162015124755,26.2684284875245,26.642315,0.346412842532175,50.3237671943024,26.494936,26.5740083673343,0.401698904644388,0.432773609982216
"13020346","2020-10-07",11.7344919476687,0.566176470588233,0.465373093681915,0.456059368191719,27.0291399141453,26.2965067525214,26.6628233333333,0.719313941933092,55.0274482833168,26.521936,26.5981405850231,0.421921280882742,0.430603144162321
"13020345","2020-10-08",11.566725738084,0.529411764705882,0.424019607843135,0.430501089324616,27.0290341494791,26.3266125171876,26.6778233333334,0.574281121577125,54.5031366070709,26.545936,26.6157218403533,0.425400909584939,0.429562697246845
"13020344","2020-10-09",11.1499379701167,0.41176470588235,0.502450980392155,0.463947893972401,27.0287931448763,26.3261868551237,26.67749,0.460874247212197,52.7703897545808,26.563256,26.6202922616396,0.399278452051477,0.423505848207771
"13020343","2020-10-14",11.2906311065507,0.41176470588235,0.45098039215686,0.459150326797383,26.9556477720098,26.3616355613235,26.6586416666667,0.591566580094046,52.7703897545808,26.575116,26.624253293421,0.374257105465126,0.413656099659242
"13020342","2020-10-15",10.8204140905809,0.149253731343281,0.32426104770266,0.425897473417225,26.9494088788849,26.3588744544485,26.6541416666667,0.476052764950701,48.727949210515,26.580916,26.6036861876315,0.296442167248556,0.390213313177105
"13020341","2020-10-16",10.5607607017283,0.268656716417911,0.276558384547847,0.350599941469123,26.9539710328756,26.3613123004578,26.6576416666667,0.593969199507866,50.541365957952,26.588116,26.5965280292806,0.256082652324929,0.36338718100667
"13020340","2020-10-19",10.319653983508,0.283582089552236,0.233830845771143,0.27821675934055,26.9528599630431,26.3728300369569,26.662845,0.431879951551307,50.7757299647976,26.595716,26.5916576253766,0.224544981400787,0.335618741085493
"13020339","2020-10-20",10.9643779346708,1,0.517412935323383,0.342600721880791,27.0145936070191,26.3674297263143,26.6910116666667,1.05471008818101,60.6222080763995,26.617316,26.652769941993,0.344102170145488,0.337315426897492
"13020338","2020-10-21",10.6015705061515,0.0172413793103475,0.433607822954195,0.394950534682907,27.0193666832362,26.3496299834305,26.6844983333333,0.194658612268576,48.4748559386103,26.592916,26.6297339497273,0.263063461295698,0.322465033777134
"13020337","2020-10-22",10.2047380005566,0.000172413793103046,0.339137931034484,0.430052896437354,27.0233659357329,26.3339707309338,26.6786683333333,0.211918990320581,48.2938525337605,26.58732,26.608449423097,0.193582763777034,0.296688579777114
"13020336","2020-10-23",10.5417150192636,0.39655172413793,0.137988505747127,0.303578086578602,26.9744154908878,26.3595878424456,26.6670016666667,0.743425942830009,52.7098551467897,26.59852,26.620656166684,0.205854515956738,0.278521767013039
"13020335","2020-10-26",10.560051148072,0.209677419354842,0.202133852428626,0.226420096403412,26.9836977287044,26.367305604629,26.6755016666667,0.64249316828699,50.6822259595947,26.60436,26.6179020111262,0.183144026637039,0.259446218937839
"13020334","2020-10-27",10.2826107561613,0.0483870967741953,0.218205413422323,0.186109257199358,26.9795891600387,26.392747506628,26.6861683333333,0.495169054576254,48.6661433395162,26.60916,26.602181742976,0.133283365912762,0.234213648332823
"13020333","2020-10-28",10.0249875351014,0.209677419354842,0.155913978494627,0.192084414781858,26.9701048696434,26.4319017970233,26.7010033333333,0.54768336458651,50.7748882110136,26.612544,26.6018908439125,0.122686407082839,0.211908200082826
"13020332","2020-10-29",9.3225420110384,0,0.0860215053763462,0.153380299097765,26.9729290484873,26.4237109515127,26.69832,0.199597177195178,47.6152172526502,26.615744,26.5816387313909,0.0679820162964972,0.183122963325561
"13020331","2020-10-30",9.61480027464686,0,0.0698924731182811,0.103942652329751,27.0156987927531,26.3379412072469,26.67682,-0.139589546375868,41.017967254784,26.577344,26.5160869005388,-0.0839169136168993,0.129714987937069
"13020330","2020-11-02",9.88618294799757,0.0902999999999992,0.0301,0.062004659498209,27.0222824034726,26.2816109298608,26.6519466666667,0.0295980124165438,43.1458574735266,26.569756,26.4713153138003,-0.175052203185977,0.0687615497124596
"13020329","2020-11-03",10.1381811446804,0.109999999999999,0.0667666666666665,0.0555863799283157,27.033919912758,26.237540087242,26.63573,0.0993578401780636,43.6237048148672,26.558956,26.4351399386269,-0.238666142290134,0.00727601131194092
"13020328","2020-11-04",10.4583710076411,0.0800000000000018,0.0934333333333338,0.0634333333333333,27.0110423253057,26.200384341361,26.6057133333333,0.118770587858979,43.0305828590276,26.550956,26.39978794681,-0.294963537482906,-0.0531718984470285
"13020327","2020-11-05",10.7556901661046,0.149999999999999,0.113333333333334,0.0911777777777778,27.0181153181004,26.1728980152329,26.5955066666667,0.177984191272523,44.9126487094105,26.537076,26.3784828872353,-0.314630409916128,-0.105463600740848
"13020326","2020-11-06",10.9883357853348,0.309999999999999,0.18,0.128922222222222,26.9906549843211,26.1613383490123,26.5759966666667,0.327934638482759,49.0554790412421,26.527076,26.3813518356039,-0.278069520785418,-0.139984784749762
"13020325","2020-11-09",11.8112968302069,0.120000000000001,0.193333333333333,0.162222222222222,26.9779334948282,26.1333931718385,26.5556633333333,0.224903602971191,44.7514908979936,26.507076,26.3585049241901,-0.303754583837723,-0.172738744567354
"13020324","2020-11-10",12.5754749433024,0.120000000000001,0.183333333333334,0.185555555555555,26.9709091267221,26.1077508732779,26.53933,0.249760063343193,44.7514908979936,26.489836,26.3387042676314,-0.320466648543305,-0.202284325362545
"13020323","2020-11-11",12.0970118692629,0.559999999999999,0.266666666666667,0.214444444444444,26.9811189753346,26.1045710246655,26.542845,0.774358445707091,55.2875943096669,26.482216,26.3802103652805,-0.196699027521996,-0.201167265794435
"13020322","2020-11-12",12.0453010337651,0.170000000000002,0.283333333333334,0.244444444444445,26.9713623072305,26.0876610261029,26.5295116666667,0.323267956413894,46.7732099527393,26.473016,26.3641823165765,-0.215505785607317,-0.204034969757011
"13020321","2020-11-13",11.8274092330462,0.197916666666668,0.309305555555556,0.286435185185186,26.9507008581772,26.0772724751562,26.5139866666667,0.372739041352316,47.2220874550871,26.454016,26.3529580076996,-0.221754371701299,-0.207578850145869
"13020320","2020-11-16",11.6250811323785,0.479166666666667,0.282361111111113,0.291666666666667,26.9445245147419,26.0761154852581,26.51032,0.54569275382083,52.9863054454712,26.446816,26.3792302733397,-0.142418067654915,-0.194546693647678
"13020319","2020-11-17",11.1564005271111,0.427083333333333,0.368055555555556,0.319907407407408,26.8497320565796,26.1272412767538,26.4884866666667,0.672800359745421,51.8568089200098,26.440816,26.395332903561,-0.0937882797266809,-0.174395010863479
"13020318","2020-11-18",10.8172578293947,0.552083333333334,0.486111111111112,0.378842592592593,26.872771099312,26.1265355673547,26.4996533333333,0.77294331518329,54.3707797430736,26.439616,26.4252885164196,-0.0184013339695532,-0.143196275484694
"13020317","2020-11-19",10.5023396100866,0.715909090909091,0.565025252525253,0.473063973063973,26.9154588222677,26.1181745110657,26.5168166666667,0.884450894567993,57.9203322450781,26.452816,26.4752500475636,0.0950548460854073,-0.0955460511706734
"13020316","2020-11-20",10.8097633974008,0.795454545454546,0.687815656565657,0.579650673400674,26.9407526397218,26.1042140269449,26.5224833333333,0.987146272081699,59.2480008739504,26.465616,26.5278833745551,0.20371680106579,-0.0356934807233808
"13020315","2020-11-23",11.0732756461519,0.789772727272724,0.767045454545454,0.673295454545454,26.9730904183365,26.0882095816635,26.53065,0.947536719357157,59.104552716513,26.477816,26.5728322579478,0.284810765021692,0.0284073684256338
"13020314","2020-11-24",11.3179655914208,0.779761904761902,0.788329725829724,0.747730278980278,27.0138419448277,26.0717913885057,26.5428166666667,0.907462208290196,59.104552716513,26.470416,26.6117879568881,0.344933136050285,0.0917125219505641
"13020313","2020-11-25",10.8910705482804,0.613095238095239,0.727543290043289,0.760972823472822,27.0296797053258,26.0666202946743,26.54815,0.796122264295609,54.7963116311425,26.480216,26.6268828959697,0.346073973234295,0.14258481220731
"13020312","2020-11-27",10.8494011480581,0.849462365591397,0.747439836149513,0.754437617340842,27.1019223499032,26.0457109834302,26.5738166666667,0.947685013634147,60.8352881396036,26.501412,26.6766318431737,0.425238703238451,0.199115590413538
"13020311","2020-11-30",10.7610641977177,0.838602150537632,0.76705325140809,0.747345459200297,27.1560109351554,26.0712823981779,26.6136466666667,0.892989261492525,60.5155240938516,26.513008,26.7184009307506,0.479187027937655,0.255129877918362
"13020310","2020-12-01",10.3470998162179,0.754545454545453,0.814203323558161,0.776232137038588,27.1869622553852,26.1045777446148,26.64577,0.777378322594716,58.3600709035542,26.525968,26.7458141399838,0.49619560929075,0.30334302419284
"13020309","2020-12-02",9.66567674553826,0.659090909090908,0.750746171391332,0.777334248785861,27.2030275032932,26.1455124967068,26.67427,0.700845061624464,55.6396581344586,26.539568,26.7583722546526,0.478770060518641,0.338428431458
"13020308","2020-12-03",9.03292675133576,0.808139534883722,0.740591966173361,0.768513820374285,27.2227915161898,26.1937484838102,26.70827,0.760821616027089,58.9514002191992,26.554568,26.7872559540323,0.499832575617187,0.370709260289837
"13020307","2020-12-04",9.55671213834991,0.359375,0.608868481324877,0.70006887296319,27.2174387569419,26.2481012430582,26.73277,0.583111746094034,51.4451496644408,26.565768,26.779621826828,0.437657107128619,0.384098829657594
"13020306","2020-12-07",8.92714068548509,0.712328767123287,0.626614434002337,0.658691627166858,27.2536392748779,26.2775707251222,26.765605,0.83234858359198,58.2255625296528,26.602968,26.8116722499176,0.470267057443952,0.401332475214865
"13020305","2020-12-08",8.43121991616418,0.938095238095236,0.669933001739508,0.63513863902224,27.2933077841886,26.3279688824781,26.8106383333333,0.928203676381663,61.9903261661237,26.644196,26.8649159499286,0.547060807621258,0.430478141696144
"13020304","2020-12-09",7.97072205893763,0.980952380952378,0.877125462056967,0.724557632599604,27.3197339592994,26.3935427073673,26.8566383333333,0.917510961362801,62.5422987913586,26.685796,26.9149271566048,0.60932090597563,0.466246694552041
"13020303","2020-12-10",8.2621116780446,0.56190476190476,0.826984126984125,0.7913475302602,27.3455108500977,26.3990991499023,26.872305,0.737065609628816,55.9092057956508,26.719796,26.9289368690575,0.585830893394368,0.490163534320506
"13020302","2020-12-11",8.27189755016419,0.513043478260867,0.685300207039335,0.796469932026809,27.333889695006,26.484720304994,26.909305,0.740268120510612,55.9092057956508,26.750996,26.9410786198498,0.560723502824767,0.504275528021359
"13020301","2020-12-14",8.46464467799881,0.390960451977402,0.488636230714343,0.666973521579267,27.3325992753331,26.5707940580003,26.9516966666667,0.89244939939727,57.1315592258892,26.777836,26.9584014705365,0.549725742760443,0.513365570969176
"13020300","2020-12-15",8.64362415384523,0.875819209039548,0.593274379759273,0.589070272504317,27.4141701301035,26.5875632032298,27.0008666666667,1.14424010496429,65.7381745714393,26.82944,27.0306279411316,0.661495085099184,0.542991473795177
"13020299","2020-12-16",9.49283875601283,0.733333333333332,0.666704331450095,0.582871647307903,27.4986234897036,26.6011098436297,27.0498666666667,1.1055246837126,65.7348623708289,26.88104,27.0932108823141,0.741028050878323,0.582598789211807
"13020298","2020-12-17",10.3534202029141,1,0.869717514124294,0.709898741777887,27.6318421457044,26.5775578542957,27.1047,1.15949953505516,70.5317474479293,26.92704,27.1874494313389,0.882526371565917,0.642584305682629
"13020297","2020-12-18",11.2236049352672,0.982733284349744,0.905355539227693,0.813925794934027,27.7461497814089,26.5615435519245,27.1538466666667,1.05074841222465,70.5317474479293,26.98864,27.2691228404937,0.982544024195198,0.710576249385142
"13020296","2020-12-21",10.9455788406601,0.781249999999999,0.921327761449915,0.898800271600633,27.817663625771,26.5656963742291,27.19168,0.895367104097208,63.7988442844501,27.04164,27.3139064617612,0.992239615041712,0.766908922516456
"13020295","2020-12-22",11.7799224084173,0.276785714285713,0.680256332878486,0.835646544518697,27.8247552634705,26.5946047365295,27.20968,0.562583127008116,49.156848530619,27.06124,27.277385600193,0.823467183686111,0.778220574750387
"13020294","2020-12-23",12.554670007049,0.598214285714284,0.552083333333332,0.717889142553911,27.8551427362671,26.624217263733,27.23968,0.733147069477595,56.0742830950762,27.09724,27.293734186834,0.78707689811357,0.779991839423024
"13020293","2020-12-24",13.2740784914927,0.554216867469879,0.476405622489959,0.569581762900592,27.8798062384011,26.6742204282656,27.2770133333334,0.751319038528335,57.45940601809,27.13164,27.3185696285894,0.772904864468194,0.778574444432058
"13020292","2020-12-28",14.5760545372271,0.301204819277108,0.484545324153757,0.504344759992349,27.8879354038624,26.698757929471,27.2933466666667,0.567262177756586,52.7565683529536,27.15044,27.3120936781109,0.691643631415251,0.761188281828696
"13020291","2020-12-29",15.7850322939806,0.578313253012047,0.477911646586345,0.47962086441002,27.905516028854,26.727183971146,27.31635,0.655855897154503,56.9157738386852,27.17564,27.3371478543627,0.687230365314928,0.746396698525943
"13020290","2020-12-30",15.7131112429241,0.313253012048194,0.397590361445783,0.453349110728628,27.9061695625644,26.7749304374356,27.34055,0.579072583340679,52.1833820521897,27.19224,27.3295281404477,0.611707162818287,0.719458791384412
"13020289","2020-12-31",15.6463274098002,0.578313253012047,0.48995983935743,0.455153949129853,27.9010766026263,26.8420233973738,27.37155,0.627582510488169,56.1131519472884,27.21764,27.3522577217214,0.609751721074003,0.69751737732233
"13020288","2021-01-04",14.6447372058792,0.395061728395061,0.428875997818434,0.438808732873882,27.8974895713166,26.8979437620168,27.3977166666667,0.602329810581636,53.1212549980304,27.24304,27.3532900254918,0.560402733847165,0.670094448627297
"13020287","2021-01-05",14.5772825151555,0.0246913580246908,0.3326887798106,0.417174872328821,27.8585863193335,26.9642803473331,27.4114333333333,0.137968797253504,47.3011410622008,27.24544,27.3141846887596,0.427812832963292,0.621638125494496
"13020286","2021-01-06",14.1539453872505,0.123456790123458,0.181069958847737,0.31421157882559,27.8478311418816,26.9952021914517,27.4215166666667,0.347706320628052,48.9086878861509,27.251444,27.2909600635916,0.342385395540701,0.565787579503737
"13020285","2021-01-07",13.7608466256244,0.320987654320989,0.156378600823046,0.223379113160461,27.8457382486968,27.0065617513032,27.42615,0.369534795512761,52.0585276870303,27.266484,27.2921653884461,0.318328243835087,0.516295712370007
"13020284","2021-01-08",14.2533954701357,0.753086419753084,0.399176954732511,0.245541838134431,27.8680730609649,27.0248936057018,27.4464833333333,0.741368151698093,58.1383452396355,27.298884,27.3398766699866,0.398058889771402,0.492648347850286
"13020283","2021-01-11",14.5825824081731,0.713580246913577,0.59588477366255,0.383813443072702,27.8680613997514,27.0770386002486,27.47255,0.683875863112171,57.4213452332903,27.324604,27.3769597806551,0.446461532200293,0.483410984720287
"13020282","2021-01-12",14.0529872125095,0.486486486486484,0.651051051051049,0.54870425981537,27.8488067056434,27.1272932943566,27.48805,0.410304277572255,52.6569941595916,27.351404,27.3800318099011,0.415696343458616,0.469868056467953
"13020281","2021-01-13",14.0117668279676,0.47222222222222,0.557429651874095,0.601455158862565,27.8433093900174,27.1550572766493,27.4991833333333,0.462441088813362,52.6569941595916,27.366604,27.3826942352476,0.386852312880404,0.453264907750443
"13020280","2021-01-14",13.9734907566073,0.514027777777777,0.490912162162161,0.566464288362435,27.8407233752032,27.1531432914635,27.4969333333333,0.487589324450872,53.2777679103086,27.375368,27.3890150038812,0.368609026747246,0.436333731549804
"13020279","2021-01-15",14.3245041590449,0.666666666666665,0.550972222222222,0.533104678752826,27.8418857679566,27.1530475653768,27.4974666666667,0.654656540439181,55.5685505225881,27.387368,27.4091463366971,0.382096387196373,0.425486262679118
"13020278","2021-01-19",14.6504451755941,0.680555555555556,0.620416666666667,0.55410035035035,27.8015834444912,27.1683498888421,27.4849666666667,0.602700390327025,55.78100026111,27.408568,27.4279268251375,0.391170702416299,0.418623150626554
"13020277","2021-01-20",14.3872083036889,0.506944444444446,0.618055555555556,0.596481481481482,27.7481886338261,27.1877846995073,27.4679866666667,0.497644556151084,52.4076962317692,27.424768,27.4275365817858,0.357443363576504,0.406387193216544
"13020276","2021-01-21",14.8845931717558,1,0.729166666666668,0.65587962962963,27.7698608481179,27.1754458185487,27.4726533333333,1.01705736123362,59.8362816812194,27.453128,27.4745317042144,0.430087267133916,0.411127208000019
"13020275","2021-01-22",15.3464505492465,1,0.835648148148149,0.727623456790124,27.8101661534578,27.1844738465422,27.49732,0.951787558957699,59.8362816812194,27.464324,27.5152608103191,0.481903243996507,0.425282415199316
"13020274","2021-01-25",15.7753181140593,1,1,0.854938271604939,27.846201313978,27.1737720193554,27.5099866666667,0.901549033471049,59.8362816812194,27.475524,27.5505593689432,0.516852370628906,0.443596406285234
"13020273","2021-01-26",16.4120673876401,0.957746478873238,0.985915492957747,0.940521213701965,27.8856899463875,27.1592833869458,27.5224866666667,0.923335017197064,60.6995632340914,27.476324,27.5864847864175,0.549783268173143,0.464833778662816
"13020272","2021-01-27",17.0033345702509,1,0.985915492957747,0.990610328638498,27.9292666863967,27.1633733136033,27.54632,0.896504279560996,61.3701993864652,27.478324,27.6216201482285,0.577850369599986,0.48743709685025
"13020271","2021-01-28",17.3083825594005,0,0.652582159624413,0.874804381846635,27.9450887604223,27.1155512395777,27.53032,0.0776923994428273,40.6848195620358,27.454924,27.5414041284647,0.353291221430219,0.460607921766244
"13020270","2021-01-29",17.3110158554869,0.662650602409638,0.55421686746988,0.730904840017347,27.9497993384186,27.1248406615814,27.53732,0.539614105430456,52.1857418304892,27.476124,27.5452169113361,0.332461647353144,0.434978666883624
"13020269","2021-02-01",18.0022476668435,0.343373493975903,0.335341365461848,0.514046797518714,27.9492511565122,27.1117221768212,27.5304866666667,0.308380759880233,47.4153541096217,27.472324,27.5131879898246,0.235564852789083,0.395095904064716
"13020268","2021-02-02",19.1058759104047,0.0965060240963873,0.367510040160643,0.419022757697457,27.9532657697569,27.0840475635765,27.5186566666667,0.206337643583959,44.0615165370946,27.457128,27.4581095911813,0.0974021654379209,0.335557156339357
"13020267","2021-02-03",20.1306735651401,0.156626506024095,0.198835341365462,0.300562248995984,27.9305461994595,27.1276671338739,27.5291066666667,0.210491891041553,45.080328944656,27.452328,27.4170283123571,0.00238634254610126,0.268922993580706
"13020266","2021-02-04",21.0822713873944,0.180722891566267,0.144618473895584,0.23698795180723,27.9337675931986,27.1202790734681,27.5270233333333,0.159462516539127,45.5087046206974,27.439128,27.3840912040429,-0.066360546036548,0.201866285657255
"13020265","2021-02-05",21.6668891892917,0.337349397590362,0.224899598393575,0.189451137884874,27.931986341892,27.1260603247747,27.5290233333333,0.286138351404567,48.3299064904568,27.439928,27.3728790435038,-0.0816207860830365,0.145168871309197
"13020264","2021-02-08",22.2097485767676,0.516506024096383,0.344859437751005,0.238125836680055,27.9193796941105,27.1185369725561,27.5189583333333,0.412269498813733,51.4276700517934,27.437876,27.38298850437,-0.0493027712511696,0.106274542797123
"13020263","2021-02-09",22.8874707619774,0.445783132530121,0.433212851405623,0.334323962516734,27.9089545864377,27.108162080229,27.5085583333333,0.376924006444621,50.1495034287502,27.439076,27.383923370454,-0.0405304551627794,0.0769135432051429
"13020262","2021-02-10",23.7116974446051,0.366265060240966,0.442851405622491,0.406974564926373,27.9096355064325,27.1002478269008,27.5049416666667,0.309804781367896,48.684391227615,27.449636,27.3759335877268,-0.0524297585298261,0.0510448828581491
"13020261","2021-02-11",24.2928705928008,0.427710843373494,0.413253012048194,0.429772423025436,27.9083741862027,27.0936758137973,27.501025,0.369859811199859,49.9023498314631,27.459036,27.3758091093632,-0.0462925118546287,0.0315774039155935
"13020260","2021-02-12",24.8002187426322,0.457831325301203,0.417269076305221,0.424457831325302,27.9063964606001,27.0881468727332,27.4972716666667,0.397417200597498,50.5222862949528,27.463036,27.3790345614481,-0.033670632156324,0.01852779670121
"13020259","2021-02-16",26.3457137243225,0,0.295180722891566,0.375234270414993,27.9029547369374,27.0508552630626,27.476905,0.171120166218409,42.0122072128894,27.437836,27.3311632865884,-0.134234890831686,-0.0120247408053692
"13020258","2021-02-17",27.0550257525961,0.123076923076926,0.19363608279271,0.302028627329832,27.8960629553178,27.0317470446822,27.463905,0.298794633003894,44.1452604990186,27.417116,27.3003415150433,-0.188270395697887,-0.0472738717838728
"13020257","2021-02-18",27.9296668398934,0,0.0410256410256424,0.176614148903306,27.8957529728285,27.0090570271715,27.452405,0.256694124530477,42.4631220720481,27.401916,27.2629626463708,-0.251948769602794,-0.0882088513476571
"13020256","2021-02-19",28.7418335638122,0.507692307692309,0.210256410256412,0.148306044691588,27.8514062405229,27.0170704261438,27.4342383333333,0.478939335500363,50.7925823049458,27.399916,27.2745676268547,-0.202440218352729,-0.111055124748671
"13020255","2021-02-22",29.9258983331189,0.261538461538463,0.256410256410258,0.169230769230771,27.800505075624,27.0143049243761,27.407405,0.291310563339063,47.2230193611898,27.390312,27.2632919432741,-0.208160732349516,-0.13047624626884
"13020254","2021-02-23",30.3759802162052,0.184615384615386,0.31794871794872,0.261538461538463,27.7401075534708,27.0210357798626,27.3805716666667,0.309145153000922,46.1319526779533,27.374312,27.2468530175042,-0.224924601142418,-0.149365917243556
"13020253","2021-02-24",29.5377742607189,0.492307692307691,0.312820512820514,0.295726495726497,27.6588744537934,27.0642688795399,27.3615716666667,0.648717632599297,51.0079946350893,27.365912,27.2592726151703,-0.176946481394391,-0.154882030073723
"13020252","2021-02-25",30.7588101853339,0,0.225641025641026,0.285470085470086,27.6169126775771,27.0000639890895,27.3084883333333,-0.343245693324428,36.3163317178219,27.329312,27.1593695998143,-0.380726889237437,-0.200051001906466
"13020251","2021-02-26",31.8926292581907,0.551724137931032,0.348010610079575,0.295490716180371,27.6164401535917,27.0022031797417,27.3093216666667,0.316593587172244,48.6080904144759,27.304112,27.158120319839,-0.348404972771688,-0.22972179607951
"13020250","2021-03-01",33.1369183265925,0.456896551724136,0.336206896551723,0.303286177424108,27.5785414390358,26.9974352276309,27.2879883333333,0.251069602835106,46.9314224502758,27.274512,27.1423709438605,-0.351444844598758,-0.25406640578336
"13020249","2021-03-03",34.362166521597,0.422413793103447,0.477011494252872,0.387076333628056,27.5724821779321,26.9781611554012,27.2753216666667,0.233048312300367,46.3059228452667,27.243312,27.1233881513458,-0.361616488133165,-0.275576422253321
"13020248","2021-03-04",34.4898171127039,0.89655172413793,0.591954022988505,0.4683908045977,27.6098768780241,26.9694264553093,27.2896516666667,0.906508176276546,55.1561359989811,27.232512,27.1802697311663,-0.20381759286342,-0.261224656375341
"13020247","2021-03-05",35.1210828189495,0.68103448275862,0.666666666666666,0.578544061302681,27.6100614447867,26.96957522188,27.2898183333333,0.515896777014901,51.0381551862216,27.210512,27.1962337670108,-0.151346100291017,-0.239248945158476
"13020246","2021-03-08",33.7438006462466,0.656250000000001,0.744612068965518,0.667744252873563,27.6340964702946,26.9702068630388,27.3021516666667,0.792992988403659,51.8130356853727,27.223712,27.2167359314094,-0.0938666731847171,-0.210172490763724
"13020245","2021-03-09",32.464895771594,0.71875,0.685344827586208,0.698874521072797,27.6603939450735,26.9632427215932,27.3118183333333,0.841649929950127,53.0922010150096,27.218112,27.2451711405548,-0.0243621793057924,-0.173010428472138
"13020244","2021-03-10",32.3343714497831,0.3515625,0.575520833333334,0.668492576628353,27.6509571329832,26.9344428670168,27.2927,0.184072352193352,45.4574521371383,27.204312,27.2071483218142,-0.1073119582509,-0.15987073442789
"13020243","2021-03-11",31.7794144593333,0.4375,0.502604166666667,0.587823275862069,27.6384220224641,26.9239779775359,27.2812,0.358351398239776,47.3651810882727,27.203108,27.1888618789056,-0.138904289373276,-0.155677445416967
"13020242","2021-03-15",31.066143460649,0.443515625,0.410859375,0.496328125,27.6310683454904,26.9165783211763,27.2738233333333,0.401528832772437,47.5035993846504,27.200216,27.1740402950515,-0.159841900256374,-0.156510336384849
"13020241","2021-03-19",29.4430198365421,0.515625000000001,0.465546875000001,0.459670138888889,27.6272638109334,26.9168828557332,27.2720733333333,0.623773963847175,49.227240303138,27.200216,27.1735015890447,-0.147339666050494,-0.154676202317978
"13020240","2021-03-22",27.6258128872315,0.57157894736842,0.510239857456141,0.462215369152047,27.6338862922298,26.9149403744369,27.2744133333333,0.758322629565982,51.1041358255682,27.199024,27.1863947105054,-0.106455508314429,-0.145032063517268
"13020239","2021-03-23",25.9384064343002,0.962406015037593,0.683203320802005,0.552996684419382,27.7255742194938,26.8825857805062,27.30408,1.07642546152069,59.4736469209863,27.212676,27.2668754157713,0.0790212236374987,-0.100221406086315
"13020238","2021-03-24",25.7872507349125,0.306818181818182,0.613601048074732,0.602348075444292,27.7297104739848,26.8854495260152,27.30758,0.562089807808901,49.6195426109171,27.206276,27.2619586936685,0.0594082143437813,-0.0682954820002956
"13020237","2021-03-25",25.090124047581,0.613636363636363,0.627620186830713,0.641474851902483,27.7644034411816,26.8867298921517,27.3255666666667,0.808580945196195,53.6104628212424,27.213316,27.2936975345127,0.122308464587517,-0.030174692682733
"13020236","2021-03-26",24.9888996310117,0.329545454545454,0.416666666666667,0.552629300524037,27.7579157420539,26.8842175912795,27.3210666666667,0.506409536285536,49.685784902494,27.208316,27.2878711965777,0.0971056199359666,-0.00471863015899312
"13020235","2021-03-29",24.0774527399002,0.886363636363635,0.609848484848484,0.551378446115288,27.8173476325343,26.8744523674657,27.3459,0.917967948933644,56.4199390506889,27.221916,27.348155037034,0.219304601552506,0.0400860161833067
"13020234","2021-03-30",23.4401666513113,0.784090909090907,0.666666666666666,0.564393939393939,27.8530602740651,26.8794063926016,27.3662333333333,0.791445114192058,54.9647881824822,27.247116,27.3884010320961,0.286080933401012,0.0892849996268477
"13020233","2021-03-31",23.7733483419053,0.271136363636362,0.647196969696968,0.641237373737373,27.8490523888498,26.8779876111502,27.36352,0.533173207465769,48.2439695808041,27.25106,27.3630942278166,0.203617952247193,0.112151590150917
"13020232","2021-04-01",24.0827313403141,0.659090909090908,0.571439393939393,0.628434343434342,27.8232429411191,26.9861937255476,27.4047183333333,0.747992188278841,52.931603260675,27.27186,27.3866816641077,0.236152175327375,0.136951707186208
"13020231","2021-04-05",24.449320847506,0.613636363636363,0.514621212121212,0.577752525252524,27.8397780647643,27.0096586019024,27.4247183333333,0.707136853219315,52.3335306695736,27.27786,27.40179077556,0.247263950068488,0.159014155762664
"13020230","2021-04-06",24.5650841622128,0.67948717948718,0.650738150738151,0.578932918932918,27.8602515885961,27.0431850780706,27.4517183333333,0.783471415137372,53.74075106335,27.29426,27.428218672152,0.282209894906749,0.183653303591481
"13020229","2021-04-07",24.6725786687263,0.935258319305968,0.742793954143171,0.636051105667511,27.8936722065426,27.0794311267907,27.4865516666667,0.901332817506865,56.5063528164246,27.32066,27.4777895158651,0.364374851689808,0.219797613211147
"13020228","2021-04-08",24.7302284444096,1,0.87158183293105,0.75503797927079,27.9379699682867,27.0651333650467,27.5015516666667,0.899213703962315,57.1953332317565,27.34106,27.5274175804164,0.43887793859505,0.263613678287927
"13020227","2021-04-09",24.889005680435,0.938593797973591,0.957950705759854,0.857442164278025,27.9752741729159,27.0801624937508,27.5277183333333,0.830254879788541,56.4252647898638,27.39306,27.5650952363609,0.480474411898268,0.306985825009996
"13020226","2021-04-14",26.4675681141147,0,0.646197932657864,0.825243490449589,27.9744940600653,27.0662759399348,27.520385,0.312396387802159,44.8757552304275,27.39106,27.5030825381794,0.301982872389406,0.305985234485878
"13020225","2021-04-15",27.9333760882459,1,0.646197932657864,0.750115523691861,28.0116925040699,27.0590774959301,27.535385,0.830264584655582,55.2871689330085,27.42346,27.5493381997555,0.375990280958072,0.319986243780316
"13020224","2021-04-16",29.2946531353543,0.999866666666667,0.666622222222223,0.653006029179317,28.0178648831867,27.1312651168133,27.574565,0.810589223883637,55.2856695829357,27.457456,27.5894131064548,0.429478971391051,0.341884789302463
"13020223","2021-04-19",30.5586961076692,1,0.999955555555556,0.770925236811881,28.0276628627607,27.1884671372393,27.608065,0.788293889783192,55.2869754453583,27.469456,27.6241580255942,0.466378293597325,0.366783490161436
"13020222","2021-04-21",28.7256056467736,0.5,0.83328888888889,0.83328888888889,28.1393928308835,27.1863905024498,27.6628916666667,1.16852757262456,57.301352448948,27.497456,27.6742702888483,0.533087679091948,0.400044327947538
"13020221","2021-04-22",26.996421911662,0.494444444444444,0.664814814814815,0.832686419753087,28.1863832062948,27.2110667937052,27.698725,0.88750672272925,57.1166117563299,27.523056,27.7163675836685,0.576181396819586,0.435271741721948
"13020220","2021-04-26",27.9018148481665,0.427924528301887,0.474122990915444,0.657408898206383,28.4158579815039,27.1095120184961,27.762685,1.24761844181358,60.46583982529,27.555216,27.7853852391794,0.673251615254689,0.482867716428496
"13020219","2021-04-27",28.7425368606349,0.528301886792453,0.483556953179595,0.540831586303285,28.5686456354725,27.0440576978608,27.8063516666667,1.06210707531186,63.7863472583182,27.616816,27.8806672072888,0.817302541943254,0.549754681531448
"13020218","2021-04-28",29.5232073007842,0.562264150943396,0.506163522012579,0.487947822035873,28.6734185942883,27.062284739045,27.8678516666667,0.948223672405093,64.8617175271233,27.677616,27.9752449129836,0.945735519723745,0.628950849169907
"13020217","2021-04-30",29.9802443916587,0.528301886792453,0.539622641509434,0.509781038900536,28.7532448817959,27.0728184515375,27.9130316666667,0.849297251438168,62.8517557891284,27.734508,28.0452122579191,1.00926806279116,0.705014291894157
"13020216","2021-05-03",28.8355647794677,0.301886792452829,0.464150943396226,0.503312368972746,28.7379020246014,27.1454946420653,27.9416983333333,0.473814280321325,51.4132816370762,27.763708,28.0258506235299,0.876758383419762,0.739363110199278
"13020215","2021-05-04",27.6562793903119,0.283018867924528,0.371069182389937,0.458280922431866,28.7397193451177,27.1563439882157,27.9480316666667,0.448612942821591,50.5870656269083,27.7869,28.0024038737259,0.748734989228206,0.741237486005064
"13020214","2021-05-05",27.5102014820211,0.153584905660377,0.246163522012579,0.360461215932914,28.7390188457684,27.1751778208983,27.9570983333333,0.419579421437382,45.2186661237047,27.77558,27.9363500238958,0.542080048901261,0.701405998584303
"13020213","2021-05-06",27.3745577100368,0.153584905660377,0.196729559748428,0.271320754716981,28.729973503109,27.1953498302244,27.9626616666667,0.203079214326091,45.2186661237047,27.78666,27.879103354043,0.373787874088549,0.635882373685153
"13020212","2021-05-07",28.1707152396133,0.0414623272403032,0.116210712853687,0.186367931538231,28.7264711131894,27.217622220144,27.9720466666667,0.385974886246287,46.9877158931321,27.79066,27.841889573504,0.264170948587705,0.561540088665663
"13020211","2021-05-10",27.8818442409679,0,0.0650157443002274,0.125985338967447,28.7436261488002,27.1778005178665,27.9607133333333,0.122746414630408,40.4788437879774,27.78746,27.7523042970368,0.0516900026776401,0.459570071468059
"13020210","2021-05-11",27.6136068850828,0,0.0138207757467682,0.0650157443002272,28.7619728494127,27.127453817254,27.9447133333333,0.144311269210372,40.4788437879774,27.76466,27.6746637240985,-0.115875230267937,0.344481011120859
"13020209","2021-05-12",27.3645293403324,0.069767441860465,0.0232558139534888,0.0340307780001613,28.7745520961832,27.0725412371501,27.9235466666667,0.186519822223831,44.2294360738179,27.75266,27.6313752275521,-0.194202008633482,0.236744407169991
"13020208","2021-05-13",27.5555665119177,0.166666666666667,0.0788113695090444,0.0386293197364337,28.7724377973695,27.0546555359638,27.9135466666667,0.346577373286526,49.0330624721307,27.768716,27.6271918638785,-0.181198640960634,0.153155797543866
"13020207","2021-05-14",28.6300369706322,0.112403100775194,0.116279069767442,0.0727820844099917,28.7718213359593,27.0529386640407,27.91238,0.43462031944591,46.6118482239599,27.765516,27.6048996153613,-0.20941590625625,0.0806414567838432
"13020206","2021-05-17",29.6277595394385,0.191208791208791,0.156759519550218,0.117283319608901,28.7565991291364,27.1010275375303,27.9288133333333,0.348906161512481,47.762674519072,27.766236,27.5933129999798,-0.212392761497948,0.0220346131274849
"13020205","2021-05-18",30.5542162104729,0.408450704225351,0.237354198736446,0.170130929351368,28.7547212243566,27.0937387756434,27.92423,0.400121360827629,52.2010862938143,27.772236,27.6142045999825,-0.145224326277982,-0.0114171747536084
"13020204","2021-05-19",30.7424442699177,0.263157894736841,0.287605796723662,0.227239838336775,28.7538432140205,27.0692901193129,27.9115666666667,0.313066147342382,47.8595832909318,27.761036,27.6016439866515,-0.15742981087139,-0.0406197019771648
"13020203","2021-05-20",31.7954246687146,0.519083969465649,0.396897522809281,0.307285839423129,28.7662450732978,27.0778882600356,27.9220666666667,0.581696790778974,53.7970484289225,27.761036,27.6347581217646,-0.0698471324352856,-0.0464651880687889
"13020202","2021-05-21",32.7731921818833,0.557251908396945,0.446497924199812,0.377000414577585,28.7282433117547,27.0758900215787,27.9020666666667,0.498749258600473,54.6398813763086,27.764636,27.6701237055294,0.013912777234304,-0.0343895950081704
"13020201","2021-05-24",32.7164760479887,0.290076335877862,0.455470737913486,0.432955394974193,28.7099294532927,27.0498705467073,27.8799,0.351471134133523,48.0343678395102,27.782636,27.6541072114588,-0.02158581562689,-0.0318288391319143
"13020200","2021-05-25",32.9263617792051,0.633587786259541,0.493638676844783,0.46520244631936,28.5768559632247,27.109010703442,27.8429333333333,0.607004921411073,55.4855767907147,27.788636,27.7002262499309,0.080565179499148,-0.00935003540570184
"13020199","2021-05-26",31.6606517570416,0.167938931297709,0.363867684478371,0.43765903307888,28.4299750342818,27.1355582990515,27.7827666666667,0.250647022800409,45.881600281668,27.77024,27.6588627499401,-0.016130686371385,-0.0107061655988385
"13020198","2021-05-27",30.4417830396227,0.15267175572519,0.318066157760814,0.391857506361323,28.2713997185279,27.1801136148054,27.7257566666667,0.247127113847274,45.6028930590951,27.75104,27.6203477166148,-0.0975990581965624,-0.0280847441183833
"13020197","2021-05-28",29.7766756440809,0.32824427480916,0.216284987277354,0.299406276505513,28.0999649154713,27.2715484178621,27.6857566666667,0.517193444812404,49.4088734008858,27.73504,27.6176346877328,-0.0939331166941337,-0.0412544186335334
"13020196","2021-06-01",29.1590759196493,0.420353982300883,0.300423337611745,0.278258160883304,28.0928401217904,27.2736732115429,27.6832566666667,0.703552330114196,52.8819727192367,27.72844,27.6452833960351,-0.0250237895383587,-0.0380082928144984
"13020195","2021-06-02",29.3187376640142,0.477477477477476,0.408691911529174,0.308466745472757,28.12844690855,27.25773309145,27.69309,0.925218167051094,54.0152090703116,27.71508,27.6792456098971,0.0508167189922082,-0.0202432904531571
"13020194","2021-06-03",29.4669949980673,0.477477477477476,0.458436312418612,0.389183853853177,28.1396663787212,27.2550469546121,27.6973566666667,0.747914520100962,54.0152090703116,27.69108,27.7086795285775,0.109575898894687,0.00572054741641173
"13020193","2021-06-04",29.3242125027115,0.387387387387387,0.447447447447447,0.438191890465077,28.1525412049295,27.2764721284039,27.7145066666667,0.654660559268544,52.078347010027,27.65948,27.7208555914338,0.125536704092255,0.0296837787515804
"13020192","2021-06-07",29.2736697017269,0.567567567567567,0.477477477477477,0.461120412447845,28.1787243714931,27.2702889618403,27.7245066666667,0.803261333063414,55.5140835346237,27.63948,27.7580748459093,0.194087327650894,0.062564488531443
"13020191","2021-06-08",27.5596308029722,0,0.318318318318318,0.414414414414414,28.1653558272938,27.3033241727062,27.73434,0.305490514830861,44.3781772674426,27.61748,27.7036648664547,0.0586454523541224,0.0617806812959789
"13020190","2021-06-09",25.9680232541286,0.044247787610617,0.203938451726062,0.333244749173952,28.1565104931244,27.3205028402089,27.7385066666667,0.150912286529631,45.2873604432645,27.59948,27.6631762175941,-0.0339093406436231,0.0426426769080585
"13020189","2021-06-10",24.7734569662149,0.0480769230769204,0.0307749035625128,0.184343891202297,28.1467257781195,27.3404542218805,27.74359,0.18754530482447,45.2873604432645,27.5952,27.6280860552482,-0.106149275956213,0.0128842863352042
"13020188","2021-06-11",23.6642168417237,0.0576923076923065,0.0500056727932817,0.0949063426939518,28.1519698933666,27.3192101066334,27.73559,0.20508902577607,45.4940172483221,27.59132,27.5990079145485,-0.158734943474104,-0.0214395596266574
"13020187","2021-06-14",22.6342081546961,0.269230769230767,0.124999999999998,0.0685935254519307,28.1448354478889,27.3100112187777,27.7274233333333,0.391286496603834,49.9710549605644,27.59252,27.6031401926087,-0.134557255625711,-0.0440630988264682
"13020186","2021-06-15",22.4518944796392,0.158653846153845,0.161858974358973,0.112288215717418,28.1447830783521,27.3098635883146,27.7273233333333,0.439327483342849,47.7625716419317,27.60632,27.5913881669275,-0.147327996337954,-0.0647160783287653
"13020185","2021-06-16",22.0825286482167,0.0961538461538442,0.174679487179486,0.153846153846152,28.1406762440001,27.2948037559999,27.71774,0.321399400646637,46.511348590656,27.61752,27.5725364113372,-0.174474252272561,-0.0866677131175244
